0,54
0,1
1,35
1,37
1,69
1,53
2,39
2,56
2,55
2,7
2,21
2,22
3,68
3,36
3,63
4,38
4,40
4,61
5,34
6,13
8,41
8,27
9,24
9,34
10,49
11,25
12,27
13,63
13,20
13,24
14,29
14,15
15,35
16,31
17,60
17,29
18,57
18,24
18,44
19,33
19,44
20,47
20,59
20,49
20,46
21,61
22,59
23,59
23,64
23,26
24,28
24,68
24,36
25,67
25,55
26,68
26,45
29,45
29,32
30,48
30,32
30,37
32,33
32,40
33,44
33,63
33,58
33,66
34,69
35,64
35,69
37,60
37,52
38,48
38,53
40,41
41,45
41,69
43,52
43,60
43,53
44,55
44,59
44,60
45,55
45,59
45,63
45,68
47,61
49,60
50,53
50,63
52,61
55,57
56,65
60,64
60,67
66,67
