0,26
0,42
0,24
0,73
0,1
0,2
1,49
1,52
2,8
2,72
3,39
3,5
4,56
4,97
4,84
4,34
4,27
4,81
5,21
5,61
5,34
6,43
7,10
7,33
8,23
8,39
8,88
8,38
8,74
8,42
8,53
9,36
10,26
10,76
10,58
11,41
11,49
11,25
13,26
13,20
13,25
13,72
14,93
17,37
17,22
17,89
17,78
17,26
18,54
18,33
18,48
18,72
18,77
19,51
19,48
19,31
20,88
21,77
21,99
21,48
21,33
22,57
22,28
23,62
24,25
24,49
24,67
25,62
25,76
26,45
27,89
27,50
28,97
31,56
31,52
33,73
33,82
33,50
33,92
34,51
35,82
35,66
36,66
37,89
37,64
39,70
39,51
40,45
41,65
41,66
41,88
44,67
44,60
44,58
44,45
45,69
45,75
45,87
46,88
46,98
47,58
47,85
48,98
49,66
49,67
49,59
49,70
49,92
51,84
51,85
52,86
52,87
52,73
53,92
53,88
53,73
53,84
54,77
54,93
55,99
56,69
57,71
57,76
60,68
60,89
60,95
61,71
62,71
63,76
64,67
65,99
66,81
68,81
74,80
75,78
77,83
77,81
84,86
89,99
90,95
93,98
