0,19
0,74
0,28
0,71
0,7
1,44
1,33
1,52
1,55
1,48
1,4
2,78
2,31
3,72
3,39
3,27
3,28
3,66
3,54
4,37
4,14
4,61
5,11
5,62
5,17
5,55
5,75
5,76
5,6
5,66
6,56
6,19
6,31
6,68
6,10
6,48
6,24
7,63
7,24
7,15
8,33
8,18
8,78
9,14
9,36
9,66
9,15
9,48
9,57
9,43
9,73
10,68
10,70
10,44
11,38
11,19
12,20
12,55
12,16
12,77
12,71
12,17
12,38
12,46
13,40
13,78
13,31
13,33
13,77
13,65
13,16
13,34
13,43
13,54
14,42
14,16
14,72
14,73
15,24
15,23
15,78
15,21
15,57
16,45
16,36
16,57
16,68
18,67
19,40
19,56
19,55
20,43
21,62
21,68
21,22
21,34
21,61
21,55
22,50
22,67
22,42
22,34
22,70
23,63
23,29
23,71
23,67
24,79
25,72
25,46
25,57
26,75
26,45
26,79
26,66
27,30
27,64
27,39
27,55
28,73
28,49
28,78
28,70
29,36
29,35
29,78
30,77
30,52
30,46
31,34
31,66
31,67
31,32
32,78
33,45
33,77
33,60
33,79
34,57
34,39
35,44
36,66
37,39
37,46
38,78
38,61
39,76
39,68
39,57
39,45
39,65
40,41
41,73
41,64
42,62
42,48
43,65
44,74
44,57
44,78
44,53
44,55
45,52
45,63
45,68
45,70
46,72
46,61
46,76
48,69
49,77
49,56
50,52
50,73
50,59
51,68
52,75
53,75
53,55
55,75
55,57
56,74
56,64
57,59
58,71
60,66
61,72
61,69
61,78
63,75
63,65
64,66
64,65
65,69
65,79
65,77
67,77
68,73
