2,75
2,45
2,64
3,97
4,95
4,27
5,46
5,67
5,51
5,81
7,45
8,73
8,72
9,97
9,65
10,62
10,38
11,80
11,93
11,75
11,72
13,69
13,22
13,47
16,86
16,28
16,93
16,55
18,35
19,42
20,62
20,98
20,37
20,70
21,99
21,50
22,72
23,72
24,55
24,65
24,58
24,49
24,31
26,88
26,72
26,41
27,37
28,53
28,56
28,58
30,47
31,50
31,37
32,93
33,62
33,79
34,53
34,47
35,74
36,53
36,55
36,70
37,76
37,41
37,66
38,68
39,81
39,69
40,76
41,66
41,83
41,99
41,93
43,89
44,93
44,58
44,73
46,85
47,78
48,71
49,81
49,80
49,77
49,54
50,87
50,79
52,68
52,60
53,72
58,98
58,82
60,95
60,88
60,81
62,71
63,69
63,86
63,65
65,79
69,82
70,82
76,93
77,84
79,96
79,98
80,89
81,99
84,85
87,93
89,91
90,98
