0,69
0,18
0,61
0,59
0,14
0,58
0,15
1,35
1,20
1,74
2,71
2,4
2,17
2,81
2,77
3,65
3,56
3,80
3,78
3,46
3,32
4,21
4,31
4,76
4,30
4,46
4,73
5,69
5,64
5,6
5,88
5,14
6,47
6,31
6,54
6,66
6,40
7,83
7,52
7,68
7,10
8,42
8,34
10,25
10,88
10,23
10,26
10,86
10,76
10,18
11,88
11,73
11,39
11,50
12,33
12,34
12,16
12,24
12,27
12,49
12,62
13,69
13,50
13,55
13,74
13,57
13,40
14,68
14,71
15,84
15,72
15,31
15,29
16,18
16,73
16,51
16,64
17,23
17,31
17,51
17,61
18,49
18,35
18,19
18,24
18,88
19,61
19,60
19,38
19,70
20,63
20,46
20,38
20,83
20,36
20,42
21,35
21,23
21,39
21,57
21,60
21,83
22,49
22,26
23,39
23,76
24,64
24,58
24,76
24,87
24,34
25,53
25,44
25,73
26,39
26,40
26,31
26,72
27,34
27,63
28,57
28,51
28,85
29,34
29,46
30,34
31,71
31,41
31,65
31,47
31,74
32,85
32,63
32,58
32,65
33,39
33,37
33,82
33,66
33,52
34,85
34,82
35,80
35,50
35,38
35,63
35,53
35,41
35,65
36,81
36,37
36,41
37,42
37,66
37,49
38,62
38,65
38,55
39,64
39,56
40,66
40,64
40,62
40,48
41,59
41,55
42,57
43,57
43,70
43,54
43,66
43,45
44,56
44,48
44,62
45,64
45,65
45,84
46,50
46,75
46,60
47,83
47,73
47,57
47,66
48,73
49,81
49,74
49,67
50,61
51,63
51,75
51,57
51,54
53,70
53,79
54,55
55,83
56,86
56,73
56,69
56,65
56,79
56,60
57,64
58,84
58,66
58,86
59,78
59,66
59,73
60,67
60,70
61,65
61,80
61,79
62,70
63,88
63,84
63,73
64,85
64,76
65,87
65,70
65,80
66,80
66,72
67,70
67,77
67,71
68,85
69,75
71,86
71,89
72,76
72,85
73,89
74,77
77,84
77,83
78,85
79,81
81,88
82,83
