1,58
1,70
1,25
2,74
2,53
2,70
3,38
3,51
3,31
4,20
4,64
5,77
5,27
5,52
5,70
5,50
6,50
6,62
7,62
7,64
8,66
9,69
9,16
10,59
10,38
10,24
11,25
11,74
11,68
11,65
11,69
12,41
12,13
12,75
13,69
13,74
13,49
14,18
14,60
14,70
14,73
15,55
16,20
16,64
17,64
17,31
18,75
19,64
19,78
20,64
20,44
20,79
21,29
21,23
21,74
22,29
22,38
22,62
23,48
23,66
24,68
24,43
25,43
25,35
26,50
28,50
28,60
30,48
30,52
30,61
30,79
31,45
31,46
32,66
33,35
34,44
36,46
36,38
39,54
41,58
42,55
42,62
43,66
44,46
44,61
45,55
47,69
49,68
56,62
57,69
57,70
60,69
60,72
64,77
65,73
65,74
71,75
