0,2
0,78
1,39
1,42
3,51
3,43
4,18
4,65
5,8
5,66
6,34
6,81
6,10
6,23
7,43
7,63
8,13
8,35
8,33
9,32
9,51
9,23
10,49
10,66
10,18
10,65
10,21
11,15
11,53
11,52
11,21
12,69
12,63
13,81
13,72
13,36
13,57
14,51
14,55
15,19
16,24
17,51
17,41
17,59
17,71
18,40
18,67
19,35
19,38
20,53
20,61
20,34
20,81
20,72
21,34
22,60
22,54
22,68
23,46
23,37
23,69
25,43
27,63
28,40
28,33
28,52
29,38
30,53
31,64
31,69
33,70
34,35
35,70
36,46
36,62
36,56
36,74
37,53
37,67
38,74
39,51
40,77
41,52
41,74
41,49
42,63
43,65
45,74
45,63
46,69
47,62
48,77
48,55
49,63
51,72
51,68
52,53
53,60
54,65
55,60
56,77
56,67
61,84
61,79
62,77
73,83
73,79
