0,3
1,81
1,31
2,33
2,37
2,53
3,57
4,86
4,68
5,28
5,36
5,29
5,62
6,20
6,74
6,84
7,21
9,66
9,81
9,55
9,67
12,55
12,84
13,87
14,56
15,18
15,56
15,33
15,81
16,21
16,33
16,81
16,69
17,39
17,30
17,72
17,31
18,62
19,22
20,47
20,84
21,65
21,60
22,53
23,76
23,31
23,28
24,43
25,29
26,88
27,55
27,65
29,84
30,67
30,62
30,33
31,49
31,73
31,36
33,86
33,51
34,81
34,51
35,36
35,76
39,74
39,65
39,64
40,42
41,44
42,87
42,84
43,83
43,65
43,45
45,52
46,70
47,78
48,78
49,80
51,81
54,69
57,64
58,67
60,85
61,80
62,89
63,81
64,78
65,84
65,73
67,84
69,80
76,80
78,80
81,89
