0,43
0,49
0,47
0,13
0,14
1,18
1,93
1,57
2,7
2,88
2,87
2,27
3,11
3,48
3,26
4,67
4,31
4,62
4,15
4,30
4,44
5,12
5,55
5,31
5,30
6,63
6,78
6,62
7,39
7,52
7,60
7,19
7,86
7,93
8,61
8,59
9,20
9,49
9,64
9,47
9,34
10,30
10,72
10,69
10,86
10,81
10,77
11,89
11,60
11,17
12,64
12,47
12,82
13,84
14,25
14,57
14,88
15,34
15,19
15,59
15,36
15,79
15,50
16,86
16,55
16,85
16,64
17,30
17,66
17,34
18,63
18,66
18,69
19,59
19,25
20,67
21,71
21,59
22,47
22,72
23,38
23,92
23,66
23,71
25,55
25,59
25,93
26,44
27,52
27,50
27,67
27,40
27,33
28,32
28,77
28,57
30,52
31,51
31,74
31,80
31,57
31,70
31,92
31,33
32,86
32,43
33,46
33,83
34,38
34,82
36,56
36,50
36,81
36,46
36,70
37,69
37,68
37,83
38,40
39,44
40,85
41,92
41,90
41,86
41,76
42,54
42,44
43,45
44,94
44,71
44,58
44,55
44,73
45,79
45,85
45,62
46,66
47,66
48,53
48,77
49,61
50,62
52,58
54,59
55,74
56,85
56,75
57,63
57,90
57,58
57,65
58,60
59,84
59,94
59,79
59,92
61,72
63,81
64,79
64,75
66,71
68,69
69,77
70,89
71,84
71,86
72,92
72,87
73,77
74,94
82,84
82,85
83,90
87,92
