0,41
0,58
0,7
1,17
1,49
1,21
2,22
2,47
3,30
3,34
3,9
3,69
3,77
4,17
4,14
4,34
5,80
6,20
6,22
7,25
7,40
8,19
8,39
9,32
9,71
9,74
12,43
13,45
14,68
14,56
14,70
14,81
15,65
15,45
15,40
16,46
16,76
17,37
18,50
18,80
18,41
19,24
20,41
20,49
21,26
21,65
21,30
22,28
23,31
23,43
24,63
25,42
25,76
27,58
29,76
29,35
29,60
30,48
30,51
30,53
31,48
31,38
31,54
32,71
33,51
33,75
33,71
33,49
34,52
34,82
34,71
34,79
35,52
35,68
35,78
36,61
38,58
39,72
39,73
39,79
42,44
42,84
43,58
43,84
44,84
45,78
45,76
48,79
49,56
50,53
51,75
51,59
51,54
51,63
52,64
53,58
53,56
55,73
56,71
57,78
63,79
67,76
68,73
68,83
69,83
72,81
76,78
77,78
80,84
81,83
