0,7
0,5
1,5
1,11
1,6
1,48
1,28
2,41
2,40
2,12
3,18
3,40
3,16
3,44
3,9
4,27
4,19
4,21
4,49
4,24
5,19
5,25
5,47
5,30
6,12
6,27
7,33
7,45
7,21
7,19
7,44
7,20
8,23
8,33
8,47
9,11
10,28
10,11
10,42
11,44
12,25
13,38
13,36
14,25
14,21
14,44
14,43
14,49
14,41
15,26
15,47
15,48
15,38
16,42
16,22
17,35
17,34
18,39
18,23
18,20
18,41
18,22
19,20
19,21
19,22
20,32
20,49
20,39
20,28
20,36
21,41
21,32
22,49
22,38
23,24
23,25
24,39
24,30
26,34
26,37
27,49
27,40
28,29
29,37
29,49
29,39
29,35
30,36
31,40
31,37
31,48
32,49
33,36
33,44
33,43
33,38
34,35
34,46
34,37
36,38
36,41
36,46
36,42
37,45
39,49
42,43
44,46
46,47
