0,42
1,70
1,10
1,46
2,78
2,68
2,81
2,28
2,71
3,25
3,85
4,41
4,74
4,86
5,40
5,41
5,44
7,70
7,71
8,79
9,10
10,23
11,47
12,48
12,73
12,44
13,35
13,84
13,21
13,73
14,27
14,55
15,80
15,45
15,77
15,51
16,66
17,40
18,36
19,76
20,32
20,21
20,51
20,60
20,85
21,72
21,74
21,22
22,36
22,63
23,47
23,29
24,84
25,82
26,72
27,37
27,34
28,87
28,61
28,52
30,83
30,63
30,72
31,58
32,40
32,74
32,49
34,48
35,36
37,43
37,78
37,41
38,88
39,80
41,61
42,49
42,62
43,54
43,52
44,57
45,70
45,78
46,72
47,50
48,57
48,80
51,72
51,63
52,70
52,77
53,54
54,64
54,77
55,79
55,76
55,85
56,83
56,57
56,79
57,87
57,68
57,84
57,88
58,88
60,76
62,77
62,74
62,78
63,85
64,88
65,70
66,82
67,78
72,78
73,89
81,89
81,87
