0,19
0,48
0,53
1,37
1,17
1,12
1,27
2,48
2,66
2,24
2,57
3,45
3,35
3,66
4,58
4,6
4,10
4,68
6,42
6,34
6,23
7,19
7,66
7,28
7,24
7,16
8,53
8,40
8,61
8,57
10,14
10,66
10,23
10,40
10,13
11,30
11,54
11,35
11,31
11,37
11,44
11,18
12,40
12,50
12,20
13,58
13,57
13,60
14,29
14,66
15,59
15,28
15,62
16,19
16,68
16,37
16,24
17,61
17,50
17,30
18,58
18,57
19,56
20,68
21,24
22,23
22,64
22,31
22,63
22,46
22,40
23,58
23,30
24,28
24,41
25,69
25,53
26,65
26,48
27,45
29,37
29,47
30,51
31,52
31,53
32,54
33,40
33,68
34,44
36,54
38,44
39,52
39,47
42,64
42,66
42,52
43,50
43,69
43,45
43,51
45,58
45,65
46,48
46,65
47,69
48,64
48,67
49,64
50,55
51,60
52,61
53,54
53,58
55,66
56,66
57,69
58,65
59,63
59,61
61,65
62,63
62,69
67,69
