0,42
0,11
0,60
0,73
0,74
1,48
1,26
1,23
1,76
2,48
2,54
2,17
2,51
2,73
2,36
2,15
3,56
3,34
3,14
3,10
3,20
4,65
4,7
4,47
4,13
5,16
5,73
5,54
5,31
5,50
5,68
6,36
6,62
7,72
7,67
7,22
7,16
7,73
7,18
7,58
7,35
7,42
7,53
7,46
8,30
8,17
8,19
8,66
9,21
9,25
9,75
9,70
9,29
9,54
9,56
10,70
10,48
11,56
11,70
11,49
12,20
12,35
12,50
12,53
12,14
12,61
12,67
12,21
12,78
13,30
13,25
13,50
13,15
14,57
14,45
14,69
14,59
14,65
15,46
15,45
16,29
16,37
17,28
17,64
17,43
17,68
17,56
18,79
18,51
18,76
19,21
19,39
20,35
20,58
20,79
20,68
21,57
21,76
21,62
21,39
21,41
21,66
22,47
23,68
23,67
23,37
23,27
24,52
24,32
24,48
25,54
25,43
26,63
26,36
26,78
27,37
27,34
27,73
28,62
28,41
28,36
28,63
29,64
29,69
29,33
29,67
29,46
30,59
30,79
31,71
32,35
33,74
33,35
33,53
33,64
34,75
34,38
35,39
35,44
35,49
35,62
36,60
36,55
36,62
37,55
37,50
37,66
37,64
38,55
38,61
38,67
39,43
39,66
39,78
39,71
39,54
40,60
40,76
40,74
41,79
41,74
41,66
41,52
41,47
41,56
41,58
41,60
42,69
43,60
43,51
43,77
43,74
44,70
44,58
44,51
45,57
45,48
45,47
46,49
46,66
46,79
47,61
47,50
48,70
48,58
49,60
49,51
49,56
50,74
50,59
50,58
51,54
51,71
51,76
52,56
52,55
52,53
53,60
53,59
54,60
54,71
54,77
54,57
55,79
55,71
56,65
57,62
57,79
57,70
57,65
58,77
58,64
58,70
59,75
59,66
59,74
60,78
60,71
60,65
62,78
63,68
65,74
66,76
69,75
70,76
71,79
72,77
73,77
75,77
77,79
