0,56
0,74
0,91
1,33
1,88
1,85
1,78
1,7
1,32
2,87
3,26
3,63
3,29
3,87
3,79
4,27
4,74
4,6
6,72
6,22
6,50
6,91
7,41
8,75
8,33
8,62
8,51
8,48
9,61
9,54
10,49
10,31
10,20
10,17
10,34
10,46
11,43
11,15
11,68
12,34
12,22
13,28
13,51
13,30
13,75
13,69
13,61
14,64
15,96
15,48
15,22
15,38
15,73
16,29
17,67
17,46
17,97
17,42
17,91
17,87
17,30
18,38
18,40
19,77
20,80
20,93
20,94
21,71
22,61
23,54
23,85
23,86
23,45
24,70
24,61
24,51
24,89
24,57
24,96
25,97
25,42
25,56
26,29
27,43
27,94
28,96
28,91
28,61
28,57
29,38
29,95
29,68
30,52
30,35
31,66
31,71
32,44
32,59
33,72
33,39
33,48
33,49
34,83
34,43
35,49
35,86
36,68
37,95
37,85
37,61
37,40
38,92
38,48
38,74
40,87
42,81
43,72
44,81
44,53
44,54
45,64
46,86
46,93
47,48
48,81
51,81
51,75
51,93
51,73
51,74
51,90
53,59
53,55
53,62
53,68
54,70
54,95
54,86
55,66
56,61
56,98
57,58
58,99
59,66
59,96
60,68
61,74
61,94
61,86
61,99
63,87
63,75
64,95
64,83
64,90
65,80
65,74
69,93
69,74
70,83
70,80
71,77
71,90
72,75
73,93
73,82
73,81
75,88
76,95
76,81
76,92
78,90
78,91
79,90
81,85
82,98
82,86
84,99
88,90
88,89
90,95
91,94
91,99
