2,11
2,36
3,32
3,60
3,89
3,22
4,70
5,22
5,35
5,26
6,67
6,75
6,28
6,76
7,74
8,32
8,54
8,41
9,43
9,46
9,42
10,20
11,39
11,29
12,94
13,44
13,71
13,92
13,24
14,40
15,79
15,32
16,41
16,45
17,20
17,91
18,70
18,86
19,93
19,25
19,35
20,66
21,60
21,30
21,72
22,40
22,45
23,67
24,91
24,38
24,73
25,53
25,41
26,87
26,76
26,92
26,70
27,30
27,84
28,49
28,32
28,52
28,81
30,34
30,73
30,50
31,44
32,91
32,50
32,51
32,66
32,59
33,86
33,40
33,36
33,62
34,47
34,35
35,62
36,71
36,45
36,39
37,51
38,74
38,87
38,66
38,78
38,47
39,81
39,93
39,49
41,84
41,87
42,90
42,67
43,89
43,68
44,75
45,94
46,81
47,81
47,70
50,84
50,78
53,93
53,80
54,76
54,61
54,84
58,82
58,85
58,75
58,79
58,62
58,92
60,82
60,89
61,81
62,90
62,70
63,65
63,68
64,77
66,67
66,82
67,92
70,88
71,84
72,82
73,93
76,89
77,89
79,86
81,92
86,91
86,93
88,90
88,91
89,92
