0,24
0,25
1,37
2,48
2,39
2,58
2,19
2,8
2,33
3,26
3,28
4,23
4,36
5,21
5,27
5,50
6,54
6,24
6,49
7,44
7,56
8,32
8,34
8,43
9,64
9,14
9,43
9,15
9,11
10,43
11,67
13,14
13,64
14,36
14,45
14,66
15,28
15,44
15,67
16,47
17,67
17,55
17,64
18,37
18,55
18,34
19,49
20,65
20,53
20,48
21,60
22,32
24,63
24,43
25,32
25,40
26,32
27,29
27,49
28,43
29,64
29,66
30,63
30,32
31,53
31,38
31,36
32,42
32,67
32,33
32,66
33,64
33,47
34,54
34,56
35,56
35,47
36,55
37,41
37,51
37,62
40,51
42,47
43,69
44,50
45,47
48,59
49,52
51,65
51,69
53,69
53,67
60,69
