0,75
0,70
0,33
0,45
1,72
1,71
1,4
1,27
1,61
2,26
2,61
2,77
3,46
3,21
3,77
4,26
5,55
5,6
5,68
5,39
6,76
6,33
7,14
7,66
8,79
8,35
8,45
8,65
10,20
10,75
11,25
11,43
12,19
12,34
13,20
13,68
15,25
15,68
15,60
16,46
17,46
17,70
17,62
17,48
18,76
18,56
18,70
18,53
18,25
19,55
20,35
20,41
20,59
20,78
20,54
20,47
20,44
21,44
21,74
21,45
21,72
22,55
22,24
22,23
22,45
23,57
23,40
23,33
24,76
24,67
24,66
25,65
25,44
25,61
26,42
26,35
27,63
27,48
27,56
27,75
28,30
28,71
28,37
29,55
30,48
30,41
30,47
31,32
31,37
31,34
32,53
32,79
35,53
35,51
36,74
36,72
37,50
39,48
40,74
40,46
40,42
41,57
41,74
41,53
42,43
42,54
42,69
44,66
44,46
46,65
46,47
46,73
47,68
47,60
49,50
50,68
50,67
51,79
55,70
57,62
57,73
59,75
60,72
61,74
63,76
64,76
64,72
66,71
69,72
70,78
71,76
74,77
78,79
