0,27
0,31
0,70
1,7
2,65
2,59
2,45
3,25
3,62
3,5
4,19
5,11
5,21
5,37
6,50
7,54
7,15
7,28
8,22
9,40
10,38
10,68
10,29
11,32
12,37
12,43
12,49
13,25
13,51
13,50
14,71
14,15
15,33
15,67
15,57
16,25
16,39
17,52
17,46
19,53
19,69
19,22
20,36
21,29
22,58
23,44
24,38
25,46
25,30
26,69
26,56
26,68
27,54
27,73
27,65
28,50
28,35
29,72
29,49
29,59
30,70
30,59
33,42
34,71
34,57
34,64
35,44
35,45
36,48
36,60
37,46
38,46
40,46
42,47
42,51
44,74
45,48
46,57
46,71
47,59
50,56
51,57
52,62
53,64
54,59
55,68
59,71
60,67
60,61
60,72
60,73
61,62
61,63
63,71
66,67
69,70
