0,55
0,75
0,49
0,10
1,8
1,67
1,61
2,60
2,48
2,43
2,58
3,19
3,78
3,42
4,5
4,12
4,24
4,40
5,65
5,58
6,12
6,23
6,8
6,55
6,79
6,17
7,70
7,68
7,65
7,58
7,35
8,47
8,13
8,46
9,35
9,79
9,44
10,49
10,54
10,28
11,61
11,13
11,48
12,60
12,32
12,79
12,40
13,34
13,83
13,67
13,39
13,82
13,61
14,16
14,63
15,56
15,80
15,26
16,28
16,66
16,22
16,27
16,47
17,37
17,70
17,39
17,29
17,50
17,63
17,21
18,19
18,65
18,55
18,26
18,73
18,71
18,46
18,74
19,45
19,40
20,60
20,78
21,30
21,51
21,64
21,58
21,33
22,80
22,24
22,23
22,78
22,28
23,66
23,28
24,59
24,37
25,82
25,32
25,52
25,63
26,32
26,33
26,47
26,80
26,39
27,35
27,52
28,36
28,31
28,32
29,77
29,30
29,84
29,80
29,74
29,73
30,49
30,66
30,41
30,79
31,74
31,57
31,78
31,52
32,82
33,56
33,49
33,53
33,50
35,43
35,41
35,56
37,53
37,78
38,55
38,82
38,40
38,71
39,44
39,54
39,56
40,67
42,58
42,67
43,68
43,60
44,67
45,68
47,60
48,52
48,70
49,83
49,71
50,69
50,54
51,58
51,53
51,62
52,79
53,63
53,79
53,76
53,60
54,62
54,55
55,66
56,75
57,73
58,73
59,64
60,62
61,65
63,81
64,66
67,80
68,82
70,82
70,75
71,77
73,80
73,77
81,84
