0,8
0,13
0,15
1,3
1,68
1,50
3,58
3,28
3,45
3,31
3,24
3,30
3,56
4,74
4,34
4,12
5,78
5,77
6,27
7,60
7,52
7,54
7,35
8,34
8,17
8,22
8,65
9,48
9,36
9,22
9,74
9,29
10,33
10,70
11,32
12,26
12,29
13,24
13,20
13,80
13,25
13,62
13,41
14,27
15,70
15,54
15,48
16,46
16,51
16,21
17,58
19,38
19,21
19,78
21,27
21,29
22,63
22,47
23,32
24,77
25,79
28,30
28,75
29,36
29,47
30,35
31,67
32,47
32,77
33,66
33,55
34,67
34,79
35,40
35,61
37,41
37,56
37,54
39,66
39,49
40,48
41,50
43,50
43,49
45,70
45,52
47,65
47,78
48,51
48,61
48,82
49,71
49,70
50,66
51,60
52,67
54,71
54,73
56,57
57,61
58,66
58,64
58,77
59,84
59,79
59,66
60,78
62,77
62,64
64,68
65,66
74,77
74,84
