0,28
0,56
0,46
0,45
1,39
1,9
1,40
2,50
2,18
2,6
2,42
3,6
3,32
4,22
4,5
4,36
4,37
5,47
6,26
6,41
7,56
8,14
9,53
10,46
11,59
11,42
11,20
11,50
12,34
13,25
13,37
14,47
14,39
15,19
15,37
15,18
15,42
16,25
16,43
16,27
17,59
17,38
18,56
18,40
18,19
19,28
20,45
20,36
21,36
21,32
22,36
22,57
22,56
23,57
24,50
24,49
24,39
25,50
25,59
26,37
27,34
27,28
28,39
28,31
28,48
28,44
28,34
28,54
29,33
30,47
30,35
30,49
31,38
31,35
31,55
31,50
33,55
35,42
36,57
36,41
36,43
37,49
37,59
38,54
39,58
41,50
42,47
45,55
46,53
47,50
48,50
49,59
52,58
