0,22
0,64
1,31
1,50
1,60
2,54
2,30
2,18
2,32
3,17
3,18
3,11
3,56
3,14
3,61
4,41
4,53
4,55
4,28
5,30
6,32
6,35
6,55
7,37
8,21
8,24
8,39
9,19
9,20
10,26
10,48
10,38
12,15
12,29
13,42
13,54
13,27
14,38
15,27
16,46
16,39
16,44
16,60
16,52
16,40
16,56
17,50
17,55
17,33
20,61
20,45
20,55
21,27
21,51
22,38
22,40
24,25
24,30
26,50
28,39
28,61
28,45
28,37
29,37
29,40
30,40
30,64
30,57
31,56
31,42
32,56
33,44
34,54
34,38
35,45
35,61
35,55
36,45
36,58
36,61
36,59
37,62
37,61
37,38
39,51
39,44
40,58
42,45
45,64
45,56
46,63
48,54
51,56
52,53
54,59
63,64
