0,7
0,59
0,18
2,22
2,52
3,63
3,45
3,36
4,11
5,30
5,7
5,24
5,31
6,25
6,8
7,50
7,38
7,60
7,46
8,55
8,58
8,54
8,28
8,30
9,39
9,58
10,46
11,42
11,58
11,35
12,60
12,26
12,35
12,61
12,63
12,36
12,27
13,15
14,18
14,48
14,46
14,25
15,46
16,50
16,34
16,44
16,40
17,22
17,62
17,36
17,59
18,61
19,35
19,37
19,55
19,54
20,50
21,49
21,35
22,45
22,36
22,54
22,60
22,40
24,59
24,61
24,58
25,36
26,58
26,46
27,61
28,63
29,49
29,63
30,58
30,33
30,32
31,60
31,45
31,37
32,54
34,50
34,56
34,58
34,38
35,41
35,54
37,45
38,43
39,47
40,49
40,55
41,48
41,44
41,54
44,48
44,57
44,55
44,63
45,49
46,48
46,63
46,49
47,48
48,50
49,52
49,64
54,59
58,64
