0,47
0,43
0,24
1,35
1,54
1,14
1,73
2,72
2,15
2,32
3,48
3,41
3,67
4,50
4,73
4,55
4,27
5,78
5,65
7,52
9,63
10,15
12,49
12,47
12,17
12,27
13,56
13,75
15,57
15,64
16,35
18,64
19,24
19,77
20,41
21,23
23,53
23,60
24,68
25,78
25,39
25,37
25,54
26,37
27,33
28,45
29,80
31,39
31,46
32,39
32,75
32,50
32,41
34,51
35,56
35,42
36,63
37,41
38,84
38,54
39,46
40,71
40,41
40,43
40,67
41,54
42,83
43,77
43,51
46,73
46,74
46,69
48,84
49,84
51,63
51,55
53,74
55,75
56,67
58,83
60,75
62,68
62,72
64,72
66,76
68,78
71,77
72,78
73,81
74,75
