0,56
0,2
0,79
0,41
0,43
0,22
1,7
1,76
1,30
2,74
2,15
3,45
3,53
3,62
5,48
5,84
5,59
5,33
5,81
6,88
7,58
8,87
8,40
8,59
9,18
9,56
10,20
10,40
10,68
12,38
13,22
13,76
13,14
13,58
13,47
14,60
15,69
15,31
15,83
16,89
16,76
16,17
17,81
17,26
17,36
18,42
18,61
19,61
19,50
20,26
20,50
20,30
21,71
21,68
22,46
22,56
22,88
22,89
23,47
23,36
24,47
25,73
25,42
26,45
26,62
26,46
27,86
27,30
27,52
27,81
27,36
27,63
28,56
28,86
28,39
29,56
29,33
30,60
30,69
32,83
32,61
32,88
34,48
35,50
36,59
36,49
36,45
37,64
38,79
39,63
40,69
41,51
42,65
42,51
43,84
43,62
45,83
45,51
45,67
47,55
48,72
50,69
55,72
55,56
57,83
59,70
62,64
63,66
63,73
65,80
65,86
65,78
66,83
67,74
68,83
71,85
72,84
76,89
76,83
78,89
