0,19
0,56
0,7
0,25
0,1
0,55
1,53
1,47
1,18
1,17
1,62
1,8
2,32
2,57
2,61
2,56
2,47
2,12
2,17
2,5
2,28
2,8
3,12
3,43
4,18
4,42
4,32
4,12
4,48
4,14
4,41
4,16
4,35
5,27
5,62
5,51
5,11
6,60
6,23
6,51
6,48
6,8
6,61
7,18
7,22
7,14
8,21
8,23
8,56
8,53
8,12
10,52
10,44
10,31
11,56
11,48
12,27
12,36
12,28
12,44
12,24
12,53
12,17
12,16
13,45
13,58
13,25
13,62
13,26
13,41
13,51
14,45
14,51
14,29
14,58
14,20
14,23
15,20
15,63
15,22
15,31
15,32
16,55
16,51
16,32
17,27
18,50
18,25
18,41
18,53
18,37
18,27
19,51
19,29
19,23
20,45
20,38
21,29
21,42
21,41
21,31
21,51
21,46
22,55
23,53
23,63
24,57
24,52
24,44
24,63
25,42
25,45
25,26
26,49
26,51
27,36
27,63
27,56
28,56
28,49
28,64
28,33
28,41
29,55
29,50
29,57
29,58
30,47
30,55
30,61
30,63
31,38
31,51
32,62
33,52
33,46
34,36
34,61
34,54
34,44
35,37
35,46
36,45
36,39
36,44
36,58
37,45
37,49
37,40
37,54
37,58
38,55
38,50
39,58
39,44
39,47
40,62
40,54
41,61
41,50
41,64
42,56
44,59
44,61
45,57
45,48
45,63
47,51
49,50
49,54
50,59
50,62
51,63
53,64
53,59
54,62
61,63
61,64
63,64
