0,41
0,66
1,27
2,58
2,55
3,33
3,68
4,15
5,19
5,33
5,8
5,72
5,31
6,27
7,38
7,42
7,11
7,29
8,25
9,49
9,23
10,44
12,29
12,61
13,54
13,42
13,48
14,44
14,48
15,29
15,73
16,49
16,25
16,27
17,39
17,52
18,23
18,25
18,49
19,64
19,27
19,36
19,49
20,72
20,35
21,43
22,40
23,51
23,64
24,28
24,34
24,47
24,56
24,58
26,68
26,61
26,40
27,42
28,38
29,41
29,74
29,58
29,67
30,71
30,58
31,42
34,51
35,50
35,48
35,46
36,71
36,44
36,66
37,58
37,55
38,74
39,69
39,63
41,67
41,64
42,58
43,59
43,60
44,67
45,65
45,63
45,72
46,47
47,72
47,62
47,63
47,57
48,60
49,68
49,52
51,66
53,67
56,68
59,73
63,69
70,74
