0,45
0,49
1,30
1,35
2,36
2,41
2,27
2,28
3,51
3,49
3,19
3,16
3,15
4,21
4,6
5,22
5,39
7,53
7,10
8,45
8,49
8,47
9,40
9,23
9,46
10,45
10,29
11,19
11,13
11,44
13,47
14,52
14,38
15,17
15,26
17,32
17,25
17,23
17,18
17,22
18,47
18,46
18,52
19,38
19,27
19,44
19,34
20,40
20,54
20,52
20,22
20,47
21,52
21,54
21,45
22,32
23,32
23,39
24,53
24,46
25,51
25,47
25,34
27,40
27,31
28,48
28,35
29,52
29,47
29,33
31,46
31,42
31,51
31,45
32,42
32,54
32,37
32,45
33,43
35,52
36,45
36,42
37,45
37,54
39,51
42,43
44,47
46,54
47,51
50,52
