0,37
1,88
2,92
2,91
2,86
2,66
3,14
3,12
3,80
3,81
4,69
4,24
5,32
5,83
5,10
6,63
6,83
6,44
6,16
7,84
7,72
7,85
8,83
8,60
8,11
9,51
9,11
9,32
9,14
10,74
10,27
11,56
12,90
12,16
13,68
13,92
14,40
14,95
14,80
14,99
15,56
15,90
15,67
16,86
17,29
17,44
17,63
18,52
18,88
18,41
18,30
18,98
19,52
19,83
19,98
19,26
20,21
21,84
23,35
23,80
23,75
24,60
24,79
24,94
25,33
25,81
25,85
25,71
25,86
26,79
26,77
27,96
28,42
28,91
28,53
29,74
29,55
29,46
32,74
32,68
33,85
33,94
34,84
35,48
35,68
36,96
37,55
39,75
40,88
40,48
40,92
41,83
42,43
42,84
44,62
44,61
45,61
45,68
45,71
46,49
47,65
47,74
48,86
49,79
50,75
50,57
50,98
51,79
52,73
53,60
53,81
53,64
54,67
54,59
54,87
55,98
55,87
56,93
57,67
58,66
60,92
61,73
61,85
62,68
63,72
64,68
65,76
70,99
70,72
72,80
75,78
75,86
76,92
78,90
78,96
79,85
79,98
80,86
82,87
85,94
88,96
90,96
91,99
93,96
