0,32
1,51
1,32
1,88
1,63
2,59
2,62
3,81
4,88
4,5
5,15
7,76
7,39
7,36
8,47
9,51
9,69
9,65
10,47
10,65
11,15
11,81
12,59
12,91
12,32
12,14
14,65
14,51
15,66
15,16
16,60
16,40
16,20
16,78
17,57
17,39
17,72
17,60
18,37
18,92
19,40
19,52
19,69
19,32
19,54
20,52
20,74
20,69
21,29
21,63
21,87
22,82
22,73
22,39
22,61
22,48
23,41
23,87
23,70
24,52
24,83
24,75
24,57
25,48
25,62
26,84
26,58
26,85
27,59
27,50
27,49
28,52
29,34
30,67
30,52
31,85
32,36
32,61
34,56
34,60
35,66
35,83
36,54
36,60
38,74
39,83
40,61
41,51
41,86
42,84
43,58
43,76
44,91
45,82
46,87
46,82
47,87
49,74
49,67
49,66
50,82
52,87
52,88
52,86
52,85
52,69
54,63
54,73
55,62
56,59
58,60
59,63
61,70
61,62
62,73
62,91
62,89
63,75
64,93
64,94
64,70
65,91
68,77
71,89
72,90
75,85
75,82
76,90
78,88
78,80
78,91
82,90
84,86
84,90
