0,37
0,16
0,57
1,38
1,36
1,84
2,75
2,80
2,91
2,73
3,11
3,45
3,34
5,63
6,28
6,20
6,24
9,80
9,69
9,37
9,19
9,94
9,42
9,77
10,92
10,40
11,16
11,40
11,74
12,36
12,31
12,88
13,52
14,47
15,65
15,93
16,93
16,54
16,77
16,85
17,26
18,21
19,63
19,41
19,94
19,45
20,76
20,25
20,52
21,89
21,69
21,44
21,91
22,78
22,68
22,27
22,34
23,40
24,65
24,29
25,28
25,35
25,50
26,56
26,65
28,50
28,34
28,72
28,49
29,53
30,49
30,78
31,74
31,58
31,55
32,41
32,73
32,54
32,80
33,34
34,59
34,67
34,49
34,57
37,51
37,49
37,46
38,64
39,50
40,54
40,84
41,59
44,69
44,73
44,68
45,73
45,60
49,57
50,71
51,85
51,81
51,63
51,83
53,62
54,70
54,59
54,79
54,65
54,73
55,84
55,61
58,85
58,83
58,68
60,76
61,82
61,62
65,87
66,86
66,68
67,75
68,81
68,74
69,81
69,83
69,87
69,94
73,91
74,78
79,90
80,83
81,93
83,88
