0,74
2,6
3,15
4,24
4,26
4,57
5,9
5,38
6,33
6,30
6,53
6,34
7,43
7,44
9,65
9,24
9,52
9,32
10,71
11,26
11,47
11,64
11,27
12,64
12,16
13,20
13,52
13,14
13,39
13,65
14,45
14,49
14,46
14,71
14,65
15,39
15,50
15,19
16,44
17,45
17,64
18,41
18,46
18,42
18,23
19,66
19,57
19,67
19,28
20,43
21,72
21,47
22,71
22,49
22,63
24,42
24,62
25,48
26,70
27,69
28,45
30,46
30,34
31,45
31,66
32,41
32,70
32,61
32,36
32,35
33,50
34,48
34,56
35,48
38,57
39,49
40,61
41,44
41,52
42,68
43,62
44,70
46,62
46,52
49,52
51,57
52,72
52,53
52,74
53,60
53,72
54,69
54,70
54,56
56,70
58,69
60,61
61,64
