0,39
0,24
0,49
0,33
1,58
1,15
1,72
2,4
2,71
2,48
2,39
2,19
2,63
3,61
3,29
3,15
3,39
3,6
3,40
3,47
4,41
4,40
5,63
5,17
5,26
5,51
6,27
7,61
8,48
8,62
8,52
8,17
9,55
9,40
9,18
10,53
10,60
10,48
10,13
11,74
12,63
12,30
12,46
12,55
13,39
13,51
13,16
13,50
13,62
14,53
14,37
14,24
14,56
14,72
14,58
15,55
15,22
15,74
15,39
15,18
15,58
16,24
16,71
16,70
16,61
16,55
17,42
18,49
18,27
18,61
18,70
18,48
19,45
19,65
20,55
20,51
21,28
21,53
21,31
22,65
22,35
22,47
22,45
24,65
24,57
24,35
25,66
25,47
25,45
25,62
26,45
26,61
27,34
27,54
27,43
27,44
27,69
28,69
29,74
30,38
30,56
31,54
32,41
32,36
33,35
34,45
34,38
34,71
35,62
35,73
36,73
36,67
37,66
37,69
37,59
38,52
38,60
38,72
38,71
39,40
39,42
40,50
40,65
41,65
42,66
42,57
43,44
43,71
44,47
44,72
44,48
46,72
49,71
49,50
49,61
49,65
52,65
52,57
52,62
53,66
54,61
55,65
55,63
57,63
58,63
59,71
61,63
61,71
62,74
67,74
