0,14
1,11
1,61
2,25
2,64
2,41
2,3
3,64
3,6
3,33
3,14
3,23
4,65
4,38
4,19
4,55
4,26
4,51
5,29
5,20
5,6
6,59
6,72
6,74
6,14
6,10
7,31
7,52
7,26
7,32
8,69
8,71
8,54
8,35
8,9
9,49
9,40
9,36
9,67
9,68
10,67
10,53
10,33
11,40
11,69
11,54
11,44
11,32
11,24
12,51
12,42
12,45
13,71
13,40
13,33
13,29
13,34
13,21
13,25
14,68
14,30
14,18
15,62
15,49
15,63
15,74
15,53
16,62
16,49
16,29
16,51
17,24
17,72
17,35
18,37
18,27
18,50
18,40
19,70
19,69
19,72
20,42
21,59
21,60
21,58
22,57
22,32
22,70
23,42
23,58
24,38
24,37
24,67
25,59
25,66
26,74
26,46
26,32
27,35
27,40
27,50
27,73
27,32
27,74
28,32
28,42
29,46
29,63
30,64
30,73
30,31
30,62
30,39
31,73
31,55
31,58
31,56
31,51
32,38
33,71
33,65
33,70
34,64
34,36
35,55
36,62
36,42
37,60
37,39
38,59
39,50
40,47
41,58
42,51
42,46
42,63
42,58
43,47
44,66
44,55
45,72
45,71
46,49
47,60
47,58
48,51
49,51
50,52
50,74
51,66
52,53
54,73
55,64
56,57
56,72
57,63
58,66
60,63
60,73
61,64
63,68
65,68
66,73
66,69
68,69
