0,1
0,71
0,46
0,58
0,88
0,20
0,76
1,25
1,52
1,10
1,73
2,66
2,36
3,78
3,9
3,62
3,36
3,19
3,30
3,22
3,17
3,27
3,58
4,15
4,40
4,21
4,76
5,62
5,65
5,50
5,79
5,71
6,69
6,25
6,12
7,75
7,41
7,60
7,63
7,33
7,65
8,45
9,79
9,26
9,24
9,54
9,73
10,58
10,31
10,33
10,61
11,27
11,68
11,81
11,80
12,58
12,14
12,50
13,67
13,46
13,71
14,41
14,65
14,68
14,32
14,54
14,44
15,53
15,88
15,74
15,85
15,64
15,63
16,57
16,42
16,61
16,74
16,24
17,45
17,69
18,76
19,65
19,55
19,31
21,88
21,67
21,30
22,51
22,53
22,57
22,64
22,38
22,35
23,60
23,62
23,26
24,82
24,86
24,72
24,89
24,45
26,27
26,66
26,83
27,40
27,30
27,63
27,46
28,36
28,83
28,57
28,62
29,70
30,82
31,59
31,43
31,75
32,80
32,76
32,62
32,67
33,62
33,86
33,74
33,71
34,86
34,37
35,88
36,76
36,64
36,89
37,68
37,59
38,72
38,63
38,85
39,50
39,49
39,42
40,80
40,74
41,43
41,63
41,84
42,49
42,71
43,53
43,57
43,49
44,89
44,81
44,61
45,50
45,77
46,71
46,66
47,55
47,66
48,59
49,89
49,77
50,60
51,70
52,63
52,78
52,66
53,73
54,77
54,84
54,76
56,88
57,82
58,73
58,69
62,69
63,75
64,65
65,82
65,68
66,78
66,67
68,83
69,86
72,81
74,82
76,80
76,86
82,83
84,88
