0,5
0,27
0,26
0,31
0,21
0,29
0,30
0,4
0,32
0,1
1,33
1,37
1,28
2,5
2,20
2,29
2,4
2,10
2,33
3,26
3,12
3,20
3,17
3,18
3,36
3,39
4,23
4,6
4,26
5,20
5,26
5,28
5,14
6,25
6,11
7,12
8,19
8,21
8,22
8,24
8,31
9,18
9,30
9,24
9,26
9,35
10,38
10,13
11,32
11,26
11,39
11,20
11,16
11,14
12,33
12,17
13,22
13,18
13,29
13,21
13,16
13,33
13,24
14,20
14,19
14,30
14,17
15,30
15,38
15,39
16,38
16,24
16,21
17,37
17,36
18,20
18,29
18,30
18,35
18,37
18,31
18,38
19,30
19,38
19,36
19,34
20,22
20,29
20,21
20,27
20,26
21,26
21,32
21,37
22,31
23,36
23,35
24,29
24,39
24,33
25,34
25,32
25,30
26,37
27,39
27,36
29,31
29,35
29,37
30,36
30,35
30,38
30,34
30,39
31,33
33,38
35,36
37,38
