0,17
0,67
0,42
1,14
2,26
2,14
3,45
3,66
3,71
4,58
4,28
4,61
4,50
4,31
4,7
5,7
6,71
7,74
7,62
7,39
8,12
8,33
8,69
9,17
9,32
10,40
10,62
11,23
11,12
12,42
13,19
14,50
15,60
16,61
16,52
16,46
17,52
17,72
17,67
17,54
18,25
18,32
18,39
18,34
18,74
18,36
19,48
19,29
19,43
20,47
20,45
21,51
21,46
21,62
21,60
21,47
23,55
23,64
23,68
23,39
25,69
25,53
25,62
25,30
26,60
27,40
28,69
29,44
29,61
30,72
31,56
31,41
32,51
33,58
34,71
34,56
35,64
36,50
37,71
37,55
38,61
40,69
41,44
43,70
43,48
44,45
44,55
47,73
47,55
48,65
49,66
49,64
49,63
49,54
49,56
51,67
51,57
51,70
52,54
53,59
53,62
57,74
58,60
60,68
61,64
67,69
69,71
