0,49
0,38
0,60
0,31
0,35
0,40
1,77
1,35
1,72
1,78
1,24
1,59
1,82
1,13
1,50
2,44
2,67
2,56
2,27
2,72
2,69
2,83
2,11
3,4
3,77
3,68
3,22
3,54
3,32
3,81
4,66
4,11
5,24
5,52
5,65
5,8
5,29
5,15
5,46
5,66
6,36
6,65
6,57
6,58
6,41
6,45
7,63
7,12
7,35
7,18
7,53
8,51
8,50
8,63
8,58
8,44
9,67
9,69
9,40
9,59
9,43
9,80
9,28
10,69
10,39
10,58
10,38
11,38
11,21
11,75
11,19
11,20
11,53
11,79
11,46
11,68
11,61
11,70
12,81
12,67
12,35
12,80
12,15
12,72
13,28
13,34
13,54
13,39
13,42
13,46
13,21
13,55
14,79
14,54
15,30
15,62
15,79
16,45
16,66
16,38
16,26
16,27
17,47
17,61
17,42
17,70
17,68
18,51
18,61
19,39
19,47
19,24
19,81
19,57
19,73
19,74
20,51
20,71
20,56
20,45
20,73
20,70
21,26
21,61
22,44
22,37
22,81
23,58
23,59
24,46
24,48
24,82
24,25
24,56
24,75
24,35
25,51
25,46
25,56
25,77
26,74
26,76
27,32
27,29
27,60
27,40
28,31
28,83
29,39
29,65
29,44
30,42
30,73
31,35
31,45
31,51
31,65
31,49
31,62
32,59
33,79
34,54
34,61
34,68
34,65
34,82
34,42
35,47
35,79
35,42
35,65
35,49
35,64
35,38
35,40
35,43
36,83
36,73
36,67
36,54
36,43
38,79
38,42
38,60
38,71
39,58
39,55
39,75
39,53
39,72
40,64
40,46
41,77
41,65
42,80
43,81
43,63
43,83
44,80
45,68
45,77
45,50
45,80
45,64
46,57
46,53
47,74
47,60
48,73
48,55
48,66
49,68
50,70
50,54
51,69
51,75
52,79
52,60
52,72
53,79
53,80
53,75
54,59
55,70
55,64
56,75
57,80
57,65
58,82
58,75
59,63
60,79
60,73
61,82
62,71
62,82
64,74
64,82
64,75
66,78
66,83
66,67
67,79
72,82
72,77
73,75
73,79
74,76
74,84
78,80
80,83
