0,17
0,57
0,43
0,66
0,34
1,87
1,86
1,45
1,8
1,32
2,66
2,92
2,17
2,10
2,40
2,24
2,98
2,61
2,31
3,65
3,50
3,34
4,22
4,72
4,9
4,80
4,93
4,20
5,69
5,17
5,42
5,29
5,92
5,53
6,13
6,92
6,48
7,92
7,88
7,33
7,22
7,65
8,54
8,91
8,99
8,64
8,79
9,72
9,31
9,59
9,86
9,24
10,76
10,78
10,44
10,67
11,81
11,47
11,32
12,23
12,21
12,45
12,14
12,26
12,27
13,81
13,25
13,86
13,71
13,79
13,14
13,26
14,46
14,27
14,73
14,47
14,43
14,24
14,35
15,34
15,42
15,28
16,69
16,18
16,65
16,19
16,36
16,81
17,18
17,87
17,88
18,92
18,47
18,75
18,78
19,67
19,57
20,37
20,93
20,86
20,75
20,97
20,71
21,22
21,55
21,75
21,82
21,65
21,67
21,60
22,88
22,28
22,53
22,63
22,33
22,89
22,95
22,31
23,75
23,45
23,82
24,86
24,48
24,69
24,29
24,53
25,60
25,96
25,97
27,52
27,76
27,37
27,89
27,97
28,48
28,67
29,45
29,75
30,77
31,72
31,53
31,38
31,39
31,49
31,43
32,68
32,48
32,72
32,37
32,61
33,41
33,95
33,88
33,71
34,80
34,49
35,99
35,71
35,73
35,62
35,40
36,73
36,95
38,40
38,90
38,91
38,59
38,81
38,99
38,57
39,57
39,62
39,56
40,56
40,61
40,47
40,69
41,73
41,49
42,54
42,79
43,73
43,84
43,65
43,45
43,57
44,47
44,89
44,91
44,86
44,78
44,85
44,96
45,78
45,61
45,82
45,48
46,72
46,69
47,64
47,97
48,71
48,73
48,60
48,85
48,72
48,98
48,75
49,57
50,64
50,55
50,78
50,69
51,52
51,77
52,73
52,81
52,89
52,86
53,61
53,60
53,73
54,90
55,82
55,61
55,67
56,88
56,71
56,86
57,92
57,73
57,97
57,67
57,79
58,84
58,90
58,63
58,98
58,59
59,79
59,70
59,86
60,75
60,97
60,74
60,85
60,78
63,89
63,68
65,92
65,85
65,66
65,68
66,83
67,72
68,80
68,85
68,75
69,74
69,72
70,85
70,92
72,97
72,88
72,85
74,76
75,95
76,92
77,89
77,97
77,94
78,82
78,92
79,86
79,87
82,92
84,94
85,98
86,94
90,97
90,93
91,93
92,98
