1,19
1,77
2,72
2,27
2,26
2,68
2,63
3,71
3,70
3,47
3,20
4,37
4,71
4,66
4,25
5,33
5,59
6,23
7,43
7,18
7,9
8,22
8,26
8,21
9,13
10,56
10,79
11,86
12,57
12,72
12,54
12,76
12,20
13,65
13,48
14,44
14,17
14,26
15,56
15,84
15,29
16,72
17,32
17,43
17,91
17,28
18,60
18,26
19,44
19,54
19,38
20,62
21,92
21,71
21,89
22,54
22,47
22,70
23,28
25,30
25,64
26,86
27,94
28,84
28,54
28,58
29,74
29,83
29,67
30,92
30,80
32,87
33,46
35,81
36,79
37,58
38,54
38,53
39,82
40,71
40,93
46,71
50,86
50,93
52,84
53,68
53,63
53,81
53,79
53,56
54,59
54,74
55,63
56,90
57,85
57,77
58,70
59,79
59,93
62,77
67,89
68,79
69,78
70,94
72,73
73,74
82,94
83,85
86,87
90,91
90,93
