0,44
0,33
1,45
1,33
1,74
1,5
1,24
1,60
4,52
4,11
5,52
5,19
6,32
6,69
6,7
7,42
8,40
8,50
9,33
10,39
11,25
13,20
13,60
13,36
13,51
14,32
14,66
14,43
15,44
15,16
15,18
16,42
16,29
16,36
17,67
17,60
17,23
17,22
18,27
18,29
18,36
18,48
19,50
20,65
20,48
21,43
21,68
24,47
24,28
24,46
25,68
26,46
26,66
26,74
26,59
27,57
28,74
29,67
29,38
30,39
30,42
31,51
32,35
33,54
33,45
34,68
34,66
35,58
35,46
37,56
37,48
38,68
38,47
40,64
41,62
41,51
41,58
42,44
43,53
44,49
44,63
46,61
46,51
46,74
46,71
47,52
50,57
50,70
53,66
56,66
60,69
61,72
62,65
70,73
