0,89
0,82
0,7
0,17
0,1
1,86
1,40
1,75
2,85
2,44
3,28
3,86
3,7
3,70
3,43
4,58
4,34
4,28
4,42
4,31
5,12
5,25
5,81
5,66
6,51
6,95
7,90
7,62
7,69
8,18
8,51
9,29
9,59
9,23
9,48
9,75
9,19
10,23
10,94
10,53
11,96
11,35
11,45
11,53
11,39
11,57
12,82
12,21
12,62
12,65
13,74
14,26
15,47
15,41
15,51
15,98
16,42
16,99
16,71
17,81
18,57
18,31
18,21
19,22
19,36
20,38
20,95
21,45
21,47
22,61
22,36
23,97
23,89
23,55
23,81
24,79
24,57
24,78
25,53
26,47
26,70
27,38
27,33
27,87
28,59
28,99
29,89
29,31
30,74
30,35
31,76
32,45
33,60
33,88
33,76
33,80
33,55
34,40
34,96
35,42
35,46
35,83
35,81
37,96
37,57
37,90
38,82
38,45
38,59
39,58
40,54
41,59
41,69
42,64
42,49
42,55
43,53
44,71
45,49
45,81
45,75
46,88
47,76
47,82
47,62
48,58
48,74
50,60
50,71
50,86
50,91
51,56
51,74
52,92
53,73
53,79
54,87
54,71
55,85
56,59
56,89
56,58
56,69
56,78
57,68
57,74
58,77
58,93
59,73
59,82
60,68
61,81
61,98
62,81
62,80
63,90
63,77
63,93
64,97
64,67
64,82
67,89
67,90
67,93
70,76
71,86
72,90
73,98
75,80
81,83
85,91
86,95
86,94
87,98
