0,62
0,15
0,35
0,76
0,43
1,79
1,40
1,14
1,53
1,15
2,73
2,35
3,24
3,49
3,51
3,33
3,73
3,70
4,26
4,42
4,27
4,22
4,60
4,12
4,37
5,76
5,20
5,65
5,21
5,53
6,66
6,47
6,36
6,72
6,61
6,52
7,23
7,40
7,24
7,74
8,43
8,65
8,57
8,63
8,53
9,82
9,10
9,63
10,42
10,76
10,62
10,16
11,54
11,18
12,33
12,34
13,75
13,84
14,77
14,46
14,56
14,21
15,79
16,23
16,28
16,46
17,58
17,19
17,59
18,45
18,64
18,34
20,80
20,84
20,30
20,50
20,71
20,62
20,43
21,52
21,30
21,50
22,68
22,75
23,51
23,72
24,26
24,66
24,47
26,81
26,52
26,84
27,45
27,82
28,75
28,43
28,50
28,38
29,44
30,83
30,47
30,37
30,58
32,43
32,56
32,40
32,79
32,42
33,48
33,40
34,46
34,66
35,69
35,58
35,64
36,45
37,47
37,64
37,51
37,38
38,53
38,61
38,72
38,44
38,56
40,57
40,52
41,50
43,83
43,65
43,68
44,81
44,80
45,71
45,62
45,50
47,68
50,63
51,81
51,57
51,70
52,77
52,53
53,84
53,78
53,80
54,66
54,64
55,60
55,56
56,76
56,66
57,68
57,78
58,80
59,65
59,81
60,64
61,64
62,68
62,82
64,70
66,80
67,84
67,79
67,75
68,70
72,74
72,80
82,84
