0,43
0,21
0,53
1,62
1,94
1,18
1,58
1,82
2,73
3,13
4,31
4,70
4,20
5,80
5,87
5,66
6,85
7,79
7,29
7,35
7,92
8,37
8,11
8,90
8,73
8,77
9,59
9,30
10,58
10,50
10,66
10,84
11,91
11,85
11,90
12,78
13,21
13,33
13,91
14,84
14,82
14,53
14,45
15,85
16,22
16,67
16,90
16,89
17,60
17,66
18,31
18,83
18,38
18,76
18,21
19,42
19,39
19,94
19,84
21,23
22,31
22,57
23,46
23,60
23,78
23,87
24,44
24,82
24,71
25,32
25,71
25,40
26,31
26,44
26,71
26,92
27,65
27,75
27,74
28,87
28,76
28,66
30,93
30,49
31,84
31,43
31,39
32,52
32,38
33,34
33,75
33,37
34,57
34,87
36,45
36,60
37,77
38,90
38,62
40,94
40,59
41,59
42,94
42,57
42,93
47,77
47,71
48,82
49,66
49,84
51,76
52,81
53,59
53,72
53,55
53,54
56,57
56,75
57,94
58,88
59,62
59,79
59,67
61,75
62,80
63,81
64,87
64,65
65,74
65,79
67,68
70,78
70,82
71,92
71,72
82,85
85,88
86,94
