0,11
0,43
0,67
1,59
1,28
1,25
1,73
1,78
2,84
2,74
2,63
2,27
2,83
3,18
3,70
4,35
5,40
5,31
5,47
5,57
5,33
6,61
6,23
6,69
6,33
7,61
7,20
7,24
7,40
7,41
8,29
8,27
8,55
8,56
8,26
8,35
9,38
9,17
9,51
9,43
10,53
10,35
10,64
10,56
10,30
10,21
11,80
11,56
11,59
11,75
12,66
12,14
13,25
13,27
13,70
14,38
14,39
14,76
14,61
15,81
16,61
16,75
16,42
16,49
16,51
16,72
17,77
17,75
18,44
18,32
18,37
18,23
18,42
18,26
19,79
19,57
19,46
20,40
20,47
20,53
20,34
21,50
22,63
22,54
22,59
23,60
24,73
24,72
25,47
25,56
25,79
26,38
26,42
26,76
26,37
27,62
27,80
27,54
27,33
28,41
28,37
29,53
29,40
29,77
30,53
30,54
31,41
31,35
31,78
32,42
32,50
32,53
32,67
32,56
33,64
34,64
34,67
34,84
35,72
38,42
38,47
38,67
39,65
39,60
39,81
40,74
42,79
42,67
43,64
43,50
43,44
44,78
44,84
44,57
45,60
46,59
46,47
47,60
47,58
48,69
48,83
48,80
50,79
51,60
54,73
54,79
54,84
55,62
55,75
56,73
56,65
58,74
58,65
59,84
59,64
62,84
62,73
63,66
64,68
64,69
70,71
70,79
72,78
73,78
78,80
79,80
80,82
