1,58
2,46
2,7
3,15
3,37
4,19
5,70
5,73
6,11
6,73
6,32
6,64
6,38
9,73
10,53
10,30
11,38
11,83
12,52
13,83
14,85
14,51
14,18
14,24
15,23
15,43
15,39
17,45
17,26
17,64
18,80
18,68
19,23
19,40
22,23
22,26
23,67
24,70
25,71
25,42
26,48
26,66
27,30
27,53
28,50
29,44
29,32
29,66
31,83
32,72
34,74
34,71
35,61
35,52
36,86
37,63
37,72
38,62
38,60
39,77
39,69
39,65
39,82
40,63
40,78
40,61
42,61
42,71
43,53
45,51
46,65
48,68
49,85
49,89
51,64
51,89
52,60
53,83
54,78
54,58
54,61
55,88
56,67
56,86
56,78
57,60
57,77
59,73
61,88
63,85
64,71
65,70
68,86
68,84
69,72
70,73
70,72
74,83
76,87
79,80
