1,59
1,39
1,88
1,33
1,60
1,8
2,78
2,24
2,87
3,65
3,41
3,69
4,36
4,79
4,48
4,45
4,89
5,47
5,77
6,22
6,79
6,74
7,14
7,10
7,57
8,43
8,20
8,51
8,38
8,87
8,59
9,82
9,93
9,16
10,94
10,27
11,36
12,43
13,31
13,67
13,89
13,93
15,48
15,36
16,46
16,62
17,66
17,77
19,42
19,73
19,71
20,61
21,45
21,32
21,78
22,57
23,93
23,70
23,88
23,32
24,56
25,67
26,35
26,32
26,50
28,77
29,84
30,41
30,62
31,44
31,83
31,46
32,64
32,91
33,36
34,58
34,76
35,43
35,92
35,74
35,58
35,93
37,66
37,85
37,91
39,48
40,90
40,49
41,53
42,49
44,64
45,59
45,77
46,89
46,87
46,56
47,74
47,78
48,94
48,84
49,69
50,56
51,91
51,54
52,57
52,73
56,94
59,81
60,88
61,67
62,90
62,86
63,77
66,88
67,72
67,77
70,93
72,86
75,88
76,83
77,93
79,85
81,90
84,94
85,94
91,92
