0,35
0,15
1,47
1,38
3,44
3,36
3,52
4,30
4,21
4,50
5,37
5,50
5,23
6,48
6,21
6,57
7,30
8,20
8,44
8,19
8,25
8,10
8,40
9,13
9,57
10,21
10,23
10,30
10,42
11,45
11,48
12,20
12,18
13,30
13,14
14,54
14,34
14,28
14,43
15,57
16,47
18,41
18,25
18,50
18,22
19,47
21,58
21,40
21,36
21,29
21,24
22,29
23,46
23,36
23,48
24,40
24,26
25,45
25,59
26,49
28,48
28,53
29,54
29,39
29,42
29,36
29,51
29,38
30,55
31,57
31,53
32,40
32,34
33,34
33,37
34,50
34,52
34,58
35,51
36,37
36,40
37,40
38,42
38,57
39,56
39,50
39,57
40,59
40,52
42,58
43,51
43,54
44,46
44,45
48,49
49,59
49,51
49,58
49,55
51,52
56,59
