0,45
0,40
0,34
0,25
0,8
1,10
1,34
1,15
1,59
1,43
1,3
1,8
1,36
2,18
2,45
2,44
2,51
3,4
3,56
3,53
3,54
4,34
4,16
4,58
5,40
5,19
5,25
5,36
5,26
5,29
5,10
5,44
6,35
6,23
6,31
6,46
6,13
7,14
7,39
7,48
7,42
8,54
8,45
8,19
8,43
9,33
9,52
9,34
9,31
9,42
10,25
10,27
10,24
11,38
12,47
12,14
12,44
12,40
12,21
12,24
13,27
13,14
13,37
13,58
13,55
13,15
14,16
14,49
14,27
15,27
15,39
15,19
16,42
16,56
16,57
16,22
16,54
17,56
17,49
17,58
17,43
18,24
18,51
18,59
18,41
18,44
19,41
19,43
19,44
19,22
19,45
20,22
20,56
20,30
21,58
21,41
21,39
21,28
21,32
21,34
22,51
22,59
22,41
22,52
22,49
22,29
23,55
23,36
23,51
24,25
24,53
25,36
25,29
26,38
26,31
26,47
27,53
27,28
27,49
27,30
28,49
28,35
29,30
29,47
29,50
29,44
30,36
30,49
31,41
31,33
31,46
31,55
32,55
33,38
33,57
34,54
34,57
34,45
34,40
35,58
35,57
35,56
35,44
36,39
36,59
36,52
37,57
38,50
38,43
38,57
39,57
40,53
40,56
42,57
43,57
43,50
44,58
45,57
45,49
45,54
46,47
46,48
47,56
47,59
48,59
48,51
48,54
50,59
51,55
53,57
54,57
56,58
