0,94
0,11
1,77
1,81
2,6
3,13
3,33
3,40
4,31
4,33
4,11
5,19
5,11
5,14
6,32
6,47
6,69
7,43
7,73
8,33
8,69
8,55
9,45
10,15
11,42
11,37
11,32
13,21
13,33
13,51
13,53
14,87
14,44
14,65
14,53
15,33
15,45
16,27
16,63
17,39
17,37
18,54
19,68
19,69
19,37
20,23
20,58
20,83
21,58
23,82
23,45
23,30
24,49
24,37
25,30
26,94
27,71
28,69
28,87
29,85
29,74
29,36
31,62
32,52
32,41
32,89
33,87
35,49
36,87
36,49
36,85
37,59
39,93
40,70
40,60
40,63
41,73
41,64
41,43
42,69
43,48
43,80
43,54
44,54
44,92
45,57
45,75
45,54
45,80
46,94
46,77
46,89
48,52
48,87
49,87
49,51
51,56
51,87
51,52
53,73
53,68
53,72
54,82
54,73
56,84
56,72
57,92
61,84
62,79
63,70
64,73
68,89
68,84
68,85
69,86
70,79
71,82
72,85
73,85
74,86
78,82
80,90
