0,53
0,36
0,69
0,48
0,13
0,65
1,51
1,43
2,39
2,85
2,26
3,90
3,23
3,75
3,51
4,90
4,47
5,64
5,90
5,27
6,53
6,54
6,8
7,18
7,87
7,27
8,54
9,70
9,22
9,41
9,16
10,74
11,61
11,63
12,52
12,25
12,61
13,39
13,69
13,90
13,38
14,43
15,88
15,37
15,18
17,38
17,46
17,40
17,41
17,24
18,64
19,73
19,63
20,46
20,90
21,71
21,26
22,46
22,53
22,92
23,62
23,51
23,68
23,74
23,73
23,32
24,80
24,35
25,48
28,70
29,54
30,44
30,85
31,69
31,43
31,77
31,79
32,80
34,76
35,39
35,73
36,48
36,46
36,76
39,49
41,93
41,84
42,58
42,78
43,57
43,93
44,85
46,91
46,84
48,93
48,70
49,85
50,52
50,74
50,64
50,84
51,61
51,88
52,78
52,62
55,75
56,66
56,86
57,86
57,76
58,64
59,67
60,74
60,92
61,75
61,92
62,68
62,77
63,93
64,90
68,85
72,93
73,90
78,94
80,88
80,90
81,90
82,90
82,89
83,90
93,94
