0,44
0,3
0,18
0,15
0,22
1,59
1,23
1,8
1,41
2,20
2,56
3,9
3,13
3,5
3,15
4,52
4,58
4,57
4,41
5,34
6,37
6,50
7,53
7,39
7,16
8,17
8,18
9,15
9,17
9,23
9,30
9,54
9,21
10,36
10,52
10,56
10,35
11,32
11,20
12,21
12,55
13,36
13,20
15,49
15,59
15,57
16,19
16,37
16,18
17,57
18,28
19,35
20,51
21,27
22,38
22,54
23,45
23,24
23,28
23,44
25,30
25,56
25,55
26,29
26,34
27,34
27,44
28,56
28,36
28,54
28,31
29,41
30,32
30,52
31,43
31,36
31,58
31,49
32,39
32,53
32,48
33,46
33,58
33,39
33,41
34,54
34,42
35,45
36,59
36,55
37,57
37,46
38,48
38,49
38,57
38,56
39,52
40,42
42,53
42,59
46,58
50,53
51,53
