0,72
0,35
0,67
1,62
1,47
1,30
1,44
2,22
2,7
2,37
3,65
3,35
5,45
5,64
7,71
7,77
7,41
8,53
8,13
8,36
9,31
9,28
10,40
10,82
10,12
10,48
11,61
11,36
12,43
12,20
12,83
12,84
13,80
13,73
14,54
14,72
15,59
15,71
15,23
16,79
16,48
17,25
17,51
17,30
17,57
17,84
17,78
22,36
22,42
22,70
22,56
23,73
23,81
23,40
24,66
25,47
26,32
26,45
26,53
26,77
27,37
27,44
27,54
28,80
28,43
29,50
29,67
30,69
30,37
30,34
31,68
31,41
31,66
31,45
32,59
32,57
33,46
35,52
35,44
35,36
36,59
36,74
36,41
38,56
38,82
40,81
40,51
40,75
41,54
41,77
42,49
43,84
43,56
44,55
45,59
46,67
48,63
48,81
49,75
49,54
51,68
53,83
55,77
57,61
57,76
57,78
60,61
65,74
69,72
72,76
73,82
