0,23
0,89
1,54
1,16
2,37
2,46
2,84
2,63
3,82
3,72
3,85
3,55
3,14
3,81
3,83
3,4
4,26
4,37
4,89
4,57
4,53
5,80
6,93
7,23
7,44
7,90
7,55
7,94
7,59
8,36
8,30
8,23
8,40
8,52
8,83
8,14
9,54
9,60
9,23
9,34
10,17
10,51
10,58
10,68
11,32
11,30
11,31
11,50
12,53
13,47
13,42
13,44
14,90
15,36
15,94
16,24
16,38
16,34
17,78
17,30
17,81
18,53
18,82
18,83
19,29
19,75
19,57
19,56
19,45
20,23
20,30
23,45
24,46
24,70
24,31
24,45
25,56
26,87
26,86
27,89
27,75
28,90
28,31
30,68
31,78
31,39
31,53
32,92
32,87
33,45
33,90
33,64
33,58
33,77
34,43
34,67
34,42
36,39
36,42
36,81
37,66
37,85
38,57
38,60
39,45
39,57
39,84
39,86
40,54
41,58
41,72
41,56
41,42
41,66
41,73
42,50
43,82
43,50
44,91
45,51
46,59
46,69
47,62
48,64
48,90
49,68
49,55
49,82
49,63
49,90
50,61
51,70
51,52
51,75
51,57
51,78
51,71
52,79
53,82
54,57
54,85
55,78
55,80
56,85
57,87
57,64
58,83
61,73
65,94
66,77
67,76
67,92
69,80
70,93
71,79
72,76
73,89
74,75
77,88
79,84
79,85
86,94
86,87
