1,22
1,33
1,17
1,27
2,58
2,30
2,19
3,59
3,33
3,68
4,64
4,53
4,65
4,63
4,61
5,35
5,36
5,49
5,32
6,33
6,51
6,42
6,48
7,8
7,19
7,32
7,46
7,25
8,17
8,18
8,36
10,13
10,49
10,32
11,26
12,55
12,25
13,28
13,64
14,23
14,56
14,20
15,37
15,35
15,30
15,59
16,27
16,36
17,33
18,32
18,51
19,35
19,26
20,63
21,40
22,68
22,45
24,41
25,28
25,57
25,31
25,59
26,30
27,55
28,35
28,44
28,68
29,54
29,49
29,37
30,54
31,59
31,40
31,49
32,52
32,34
32,43
33,40
33,66
34,54
34,45
34,40
35,58
36,43
36,60
38,60
40,65
40,54
41,44
42,49
42,56
43,52
44,58
45,67
47,50
47,54
48,57
48,55
48,63
49,61
49,63
50,55
54,62
54,59
54,66
55,56
57,58
58,63
60,68
