0,19
1,57
1,8
1,29
1,9
1,14
2,25
3,21
3,32
3,15
4,60
4,52
4,58
5,13
5,45
6,62
6,50
6,67
7,71
8,47
8,65
8,42
8,71
9,16
9,33
10,39
10,47
10,73
11,30
11,65
11,66
11,43
11,67
12,48
13,63
13,21
13,33
14,67
15,51
15,26
15,30
16,25
17,36
17,38
17,54
17,67
18,24
19,44
19,43
19,69
19,26
20,65
20,25
20,74
20,57
21,28
22,39
23,26
23,69
23,45
25,67
25,74
25,57
25,31
26,74
27,74
28,50
28,66
29,46
30,44
30,32
31,43
31,40
31,49
32,65
32,44
32,54
33,45
33,69
33,40
34,41
34,64
34,42
36,51
36,73
37,52
37,70
38,60
39,55
42,66
44,57
45,70
47,51
48,51
49,54
49,51
53,63
53,56
56,58
57,68
61,63
65,66
66,73
69,73
71,74
