0,14
0,18
0,55
1,45
2,37
2,55
3,54
3,67
4,5
4,52
4,21
4,12
5,37
6,19
6,56
7,12
7,38
7,66
7,43
8,35
9,32
9,30
9,43
10,69
10,39
10,36
11,24
11,57
12,46
12,41
12,68
12,50
12,65
14,31
15,31
15,55
16,28
16,54
16,38
16,17
17,19
17,32
17,28
17,18
18,47
18,66
18,67
19,45
19,64
19,44
20,46
20,37
20,34
21,29
21,43
21,54
22,52
22,24
22,35
24,35
24,48
25,26
26,40
27,35
28,31
30,56
30,32
30,60
31,61
31,40
31,32
31,50
33,36
34,54
35,69
35,56
35,38
36,51
36,63
36,46
37,69
37,64
37,59
38,44
38,40
39,62
39,55
42,49
42,66
42,61
47,63
48,58
48,54
52,57
53,55
55,68
58,64
58,63
62,67
