0,36
0,34
0,38
0,11
1,25
1,29
2,55
2,47
2,9
2,12
3,13
3,19
3,21
4,73
5,37
5,7
5,24
5,65
5,21
6,47
6,16
6,29
6,69
6,66
7,64
8,59
8,15
8,74
9,69
9,50
10,19
10,37
10,61
10,74
12,39
12,30
13,46
14,15
14,73
14,26
15,29
15,51
15,26
16,64
16,68
16,41
16,72
16,55
18,72
18,67
19,53
19,66
20,48
21,55
21,36
22,34
22,68
22,36
23,72
23,30
23,39
23,25
24,48
24,33
25,64
26,48
28,53
28,36
29,60
29,66
31,37
31,69
31,73
31,57
32,44
33,64
33,65
33,49
33,68
34,35
34,54
35,53
36,38
37,57
38,42
38,40
38,71
39,66
39,49
39,45
40,74
42,74
44,54
45,70
46,63
46,69
46,61
46,54
47,59
47,68
50,71
53,62
55,70
56,57
58,70
61,62
