0,10
1,43
1,20
1,71
2,79
2,90
2,25
2,57
3,92
3,71
3,15
3,94
3,11
5,89
5,73
5,59
6,14
7,42
7,62
7,21
8,17
8,29
8,60
8,9
10,76
10,58
10,51
11,53
11,52
12,33
12,32
13,50
14,30
14,47
15,21
15,94
15,72
16,29
16,38
16,91
16,71
17,47
17,85
17,70
18,22
18,33
19,87
20,42
20,31
20,43
21,73
22,72
22,60
23,54
23,59
23,28
25,85
26,75
27,37
27,81
28,37
28,87
28,60
28,41
29,30
29,75
29,79
30,81
30,87
30,83
30,70
31,43
33,49
34,48
34,56
34,82
35,73
35,42
36,83
36,91
36,37
37,68
37,43
38,47
38,93
38,63
38,57
40,59
41,74
41,65
42,63
42,46
42,59
42,83
43,46
43,65
43,45
45,66
45,60
46,51
46,64
46,88
48,79
48,49
49,50
49,55
50,81
51,69
51,68
51,79
54,61
54,60
56,93
57,72
57,84
59,76
59,65
60,63
62,91
63,71
64,66
64,93
66,84
68,92
72,75
75,90
77,86
79,83
81,83
81,89
86,88
90,91
