0,28
0,47
0,70
0,80
1,59
1,95
1,92
1,61
2,53
3,45
4,5
4,87
5,39
6,14
6,47
9,60
9,51
10,95
10,64
10,75
11,31
11,85
11,89
12,67
12,85
14,56
14,73
14,76
15,71
16,35
16,82
16,65
19,20
20,92
20,93
20,54
21,73
21,94
22,91
22,41
22,78
23,70
23,90
24,74
25,64
26,55
27,56
28,60
28,74
28,79
29,71
29,62
30,45
30,79
31,35
32,76
32,52
33,41
33,63
35,53
36,68
37,47
39,75
39,66
39,86
39,94
40,54
40,58
42,43
44,73
44,58
44,72
44,69
44,92
45,48
46,91
48,96
48,86
49,89
49,81
50,94
50,56
51,52
54,66
55,83
56,98
58,64
58,92
60,97
60,83
62,79
62,83
63,73
68,87
69,92
71,97
71,85
71,81
73,79
73,81
74,93
74,90
74,77
75,84
75,99
77,91
78,93
82,86
83,95
84,94
85,86
85,94
88,92
