0,46
1,68
2,75
2,58
2,53
2,62
4,56
6,64
7,72
7,10
8,35
8,41
8,77
9,47
10,45
10,64
10,50
11,52
11,77
11,28
14,35
14,48
14,25
15,25
15,72
16,33
16,60
16,77
16,37
17,70
17,38
19,57
19,33
20,21
20,45
22,80
22,63
22,54
23,57
23,69
23,75
24,37
24,41
24,55
24,27
26,56
26,27
27,61
27,37
27,57
28,84
29,66
29,42
30,80
30,61
31,32
34,50
35,44
36,81
36,50
37,56
37,80
38,79
39,46
40,62
41,45
41,61
41,68
41,59
43,51
43,52
43,76
47,51
50,59
50,78
51,60
52,73
53,81
53,57
55,58
56,62
57,82
59,74
60,78
60,61
61,69
62,71
65,67
65,69
66,74
67,71
67,75
75,78
76,82
77,84
78,79
81,82
