0,77
0,81
0,74
0,58
1,68
1,79
1,31
1,40
1,72
1,27
2,60
2,39
2,36
2,44
2,10
3,21
3,69
3,36
3,66
3,42
4,41
4,27
5,45
5,28
5,49
6,25
6,88
7,12
7,74
7,14
7,27
7,61
7,88
7,43
8,17
8,55
8,83
8,39
8,78
8,52
8,74
9,16
9,40
9,29
9,31
10,11
11,67
11,62
11,17
11,89
11,75
11,57
12,41
13,72
13,84
15,35
15,48
16,23
16,75
16,29
16,89
16,51
17,86
17,28
17,85
17,39
18,23
18,19
18,84
18,81
18,29
18,70
19,29
20,62
20,40
20,36
21,71
21,77
21,55
21,32
21,60
21,56
22,58
22,24
22,76
23,77
24,33
24,66
26,33
27,71
27,84
27,68
27,70
27,76
27,58
28,76
28,34
29,43
29,63
30,66
30,64
31,43
32,39
32,34
32,89
33,61
34,70
35,60
37,46
37,45
39,56
39,42
41,89
42,74
42,88
43,57
44,56
44,52
45,72
45,63
45,62
45,88
46,81
46,47
47,54
48,61
49,74
49,81
49,76
50,85
51,52
51,53
51,77
51,87
52,61
52,85
53,83
54,72
54,86
57,75
58,73
58,68
58,80
60,85
61,71
63,89
64,77
64,79
65,89
65,88
65,84
71,76
72,88
72,84
73,88
74,86
76,77
76,80
79,86
81,82
88,89
