0,14
0,8
0,29
1,63
1,11
1,7
1,40
1,56
2,4
2,37
2,43
2,7
2,45
3,54
3,59
3,42
3,60
3,12
3,58
4,45
4,60
5,62
5,31
5,6
6,41
6,13
7,24
7,28
7,42
7,10
8,18
8,11
8,19
8,59
9,55
9,31
10,32
10,38
10,44
10,40
10,58
11,62
12,21
12,64
12,41
12,34
12,22
13,64
14,22
14,58
14,21
14,54
15,19
16,48
16,19
17,53
17,52
18,42
18,47
18,34
19,53
19,63
19,30
19,58
21,39
21,22
22,25
22,33
24,30
24,49
24,50
24,54
24,35
25,44
25,39
25,40
25,61
26,47
26,64
27,39
29,37
29,48
29,58
30,43
30,52
30,32
31,49
33,46
34,43
35,50
35,57
35,43
35,45
36,52
36,37
37,48
38,45
38,58
38,40
39,57
40,64
42,60
42,56
43,46
43,53
45,50
46,52
49,59
49,51
49,53
49,64
50,64
50,61
51,57
51,55
52,64
52,62
53,57
54,57
58,60
