0,77
0,93
0,95
1,86
1,4
1,43
1,40
3,25
4,82
4,59
4,12
4,9
4,22
5,16
5,11
6,97
6,17
7,24
9,82
9,39
10,76
10,82
11,14
11,73
12,37
12,70
12,72
13,62
13,39
13,26
15,20
15,45
16,93
16,92
16,95
16,69
18,43
18,50
18,38
18,68
18,87
19,42
19,80
19,78
20,59
20,57
22,25
23,69
23,53
23,46
23,56
24,52
25,47
25,75
25,55
26,41
26,94
27,93
27,90
28,94
28,64
29,90
29,70
30,43
30,40
30,65
31,70
31,32
31,64
32,82
32,83
33,36
33,77
33,99
34,77
34,75
35,38
36,70
37,62
37,97
38,55
38,71
38,68
39,67
40,43
40,68
40,94
40,82
40,71
41,70
42,46
42,50
42,73
43,57
43,73
45,75
45,52
45,64
46,65
46,82
46,94
47,90
48,68
48,52
49,95
49,92
49,82
49,83
50,81
52,85
52,61
54,63
55,70
55,59
55,76
57,59
57,94
59,93
59,88
64,71
65,84
65,99
65,86
66,80
67,79
68,70
69,78
70,72
70,84
71,90
72,91
72,85
72,89
72,80
73,96
73,85
77,78
78,89
78,81
80,81
81,84
82,94
85,92
85,95
88,90
