0,31
1,39
1,58
1,50
1,84
2,85
2,8
2,58
2,55
2,18
3,91
4,67
4,45
4,71
4,34
4,73
5,24
5,28
5,29
6,28
6,23
6,30
6,21
7,63
7,18
7,51
9,62
10,49
10,30
10,78
10,53
11,76
11,90
11,52
12,44
12,62
12,35
12,85
12,37
12,66
13,67
13,54
14,42
14,51
14,84
15,23
15,91
15,66
15,85
16,30
16,21
17,64
17,44
17,71
18,42
18,61
19,57
19,88
19,49
19,45
19,61
19,26
19,31
20,53
20,80
21,93
21,47
21,30
21,71
21,22
22,53
22,44
24,48
24,72
24,81
24,28
27,68
27,49
27,86
28,68
28,78
29,91
29,89
29,75
29,83
30,55
31,64
32,56
33,35
33,63
33,75
33,48
34,80
34,48
34,77
34,83
35,89
35,74
35,67
36,60
36,50
36,54
36,76
36,70
37,58
37,49
37,57
38,66
38,84
38,94
38,88
39,90
39,62
40,44
40,74
41,89
41,62
42,47
42,70
42,85
43,57
43,80
44,49
44,55
47,89
47,69
48,63
48,73
48,77
48,88
49,56
49,90
51,94
51,70
52,90
52,66
52,89
53,65
54,93
56,67
56,93
57,81
57,74
57,78
58,69
59,67
59,64
59,79
60,69
60,61
60,73
62,73
62,91
62,64
63,78
63,75
64,78
64,67
65,92
65,74
65,79
67,81
67,85
69,76
69,90
69,84
70,82
71,80
72,82
73,78
73,75
74,82
75,87
77,92
78,94
81,84
81,91
85,88
89,92
91,93
