0,17
0,14
0,46
0,9
0,75
0,70
1,65
1,49
1,78
1,27
1,67
1,74
1,51
1,79
1,87
2,22
3,75
3,94
3,17
3,84
4,89
4,84
4,83
4,12
4,61
5,77
5,33
5,19
6,65
7,36
8,87
8,89
8,83
8,86
9,47
9,91
10,63
10,71
11,37
11,12
11,68
11,92
11,16
12,70
12,49
13,63
13,26
14,32
14,61
15,85
15,87
15,49
16,80
16,61
16,46
17,56
17,18
18,28
18,23
19,50
19,67
20,46
21,57
21,41
21,25
22,69
22,39
23,49
23,57
23,42
24,51
24,88
25,72
25,69
25,76
25,43
27,73
28,62
28,33
28,31
29,76
29,43
30,39
31,80
31,45
31,93
33,70
33,65
33,34
34,76
34,43
35,39
35,83
36,44
38,56
39,83
41,93
41,60
41,78
42,76
43,58
43,86
44,94
45,79
45,66
45,68
46,72
46,94
47,51
48,54
48,81
48,87
49,83
50,86
53,70
53,74
55,79
56,70
56,90
57,60
58,64
60,92
62,70
62,76
62,88
64,68
64,92
67,85
69,72
70,93
70,81
72,80
73,88
77,83
80,90
80,83
91,93
93,94
