0,4
0,77
1,43
1,67
1,79
1,36
2,51
2,34
2,18
2,4
3,57
3,54
3,72
3,66
4,67
5,63
6,45
6,20
6,51
7,49
7,67
7,79
8,32
8,11
8,39
9,81
9,42
9,29
9,76
10,19
10,47
10,12
11,43
12,42
13,62
13,26
13,19
13,31
13,73
14,41
14,84
15,73
17,26
17,52
18,21
18,26
18,77
18,38
18,79
19,77
21,24
21,56
21,82
21,48
22,41
22,38
22,55
23,57
23,40
23,62
23,41
24,33
24,77
25,40
26,27
26,50
26,61
27,76
27,33
28,59
29,70
29,75
30,61
31,33
31,42
32,41
32,55
34,52
34,70
35,57
35,83
35,63
36,53
36,41
36,71
37,48
38,58
38,55
39,53
40,72
40,69
40,45
41,74
42,52
42,66
42,79
42,75
46,71
47,79
47,68
47,57
49,58
50,76
51,63
51,74
51,72
52,71
53,75
54,84
57,58
57,84
59,66
60,73
61,69
61,76
62,79
65,79
67,75
71,84
74,84
78,84
