0,18
0,41
0,50
0,44
2,59
2,60
3,41
4,53
4,25
4,21
4,41
4,45
5,37
5,17
5,12
6,55
6,67
6,69
6,45
7,45
7,62
8,63
8,60
8,64
8,31
8,29
9,68
9,56
10,66
11,12
11,25
11,42
11,33
12,45
12,50
12,64
13,68
13,60
14,59
15,61
16,56
16,40
16,52
18,28
19,53
20,62
21,62
21,47
21,53
23,34
24,42
25,52
25,62
25,38
26,36
26,63
27,41
27,35
28,31
28,63
29,56
29,66
29,62
29,44
30,44
30,59
31,52
31,68
32,52
32,69
33,61
35,57
35,63
35,40
35,36
36,62
37,46
37,44
38,45
40,46
41,65
41,54
42,63
43,69
44,48
45,68
46,59
47,65
49,65
50,65
50,53
51,62
52,64
57,62
59,62
61,67
63,64
