0,9
1,6
1,23
1,47
1,31
2,16
2,93
2,64
2,94
3,75
3,23
3,44
3,45
3,58
4,23
4,83
4,30
4,58
5,51
5,64
5,18
6,85
6,46
6,95
6,69
6,71
7,18
8,90
8,88
8,50
9,56
9,27
9,94
10,60
10,83
10,22
10,17
10,45
10,25
11,96
11,80
11,77
11,62
11,82
11,23
11,26
11,35
12,53
12,19
13,91
13,82
15,25
15,57
15,67
15,54
15,33
15,60
16,46
17,24
17,71
18,42
18,55
18,69
18,36
18,87
19,73
19,78
19,62
19,38
19,87
19,96
19,40
19,26
20,21
20,92
20,96
20,95
21,73
21,57
22,97
22,30
22,86
22,75
22,94
22,23
23,64
23,42
23,34
23,93
24,78
24,88
24,32
25,71
25,81
25,49
25,98
25,80
25,88
26,59
27,92
27,95
28,55
28,47
28,42
28,80
29,76
29,58
30,61
31,62
31,83
32,42
32,47
32,98
32,82
32,91
32,58
34,43
34,46
34,54
34,98
34,56
35,50
36,63
36,53
36,37
36,76
38,44
38,62
38,85
39,56
39,54
40,99
41,99
41,72
41,49
42,82
43,73
43,82
44,69
44,53
45,89
45,72
45,67
46,87
46,66
46,90
46,81
46,55
46,68
47,93
48,89
48,92
48,69
48,53
48,85
49,62
49,58
49,70
49,91
50,68
50,80
50,61
51,99
51,84
51,62
51,61
52,78
52,63
52,77
52,82
53,85
53,83
54,89
54,82
54,58
55,60
55,56
55,89
55,59
55,81
55,96
56,67
56,99
56,59
57,71
57,97
59,74
59,94
59,72
59,70
61,94
62,75
65,88
65,82
65,75
66,92
66,86
67,91
68,85
69,73
70,81
70,98
71,91
71,93
73,97
74,93
74,91
74,78
75,86
77,92
78,97
83,89
84,86
85,99
93,99
93,95
