0,29
0,53
0,64
0,23
0,27
0,82
1,76
2,23
4,75
4,57
4,30
4,24
6,12
6,7
6,66
6,73
6,61
6,75
7,50
7,18
7,30
7,55
8,52
9,46
11,40
11,38
12,74
12,34
12,41
12,44
14,19
15,51
15,74
15,75
16,29
17,57
17,60
17,61
18,84
18,63
19,42
19,38
20,52
20,42
20,41
21,29
22,33
22,72
23,52
23,83
23,33
23,24
23,75
24,79
24,44
26,65
26,32
27,80
27,29
27,79
27,81
27,72
30,78
31,66
31,48
32,61
33,45
33,82
33,83
33,34
33,57
34,49
35,57
36,59
36,55
42,67
43,75
43,62
46,63
46,69
47,56
47,68
47,75
49,74
49,67
49,60
50,76
53,77
53,59
53,70
54,68
55,63
56,83
56,68
57,64
58,64
60,75
61,67
61,68
63,79
64,71
66,68
71,74
71,76
73,80
74,80
76,78
