0,54
0,1
0,25
0,33
0,40
0,36
1,26
1,64
1,13
2,85
2,90
2,8
2,59
2,17
3,67
3,80
3,23
3,90
4,58
4,18
5,56
5,30
6,60
6,37
6,16
6,36
6,21
6,43
7,85
7,90
7,57
8,75
8,42
8,29
8,63
8,10
8,71
9,33
9,22
10,54
10,16
10,15
10,66
10,12
12,31
12,86
12,77
12,47
12,99
12,79
13,59
13,17
13,65
13,52
13,50
13,60
14,96
14,72
14,61
14,20
14,84
15,41
15,73
15,61
15,60
15,45
16,64
16,44
16,27
16,99
17,54
18,35
18,59
18,89
18,95
18,69
19,23
19,84
19,92
19,37
20,45
21,41
21,29
21,38
21,25
22,43
22,26
22,55
22,84
23,30
23,82
23,91
24,57
25,93
25,47
25,64
25,82
25,56
26,76
26,99
28,74
28,93
28,98
28,77
28,64
29,54
29,43
30,92
31,35
32,75
33,35
35,96
35,51
36,91
38,40
38,81
38,61
39,75
39,40
41,51
43,94
44,99
45,68
46,92
46,53
47,87
47,54
48,61
49,51
49,53
49,85
49,81
50,79
51,68
51,95
52,97
53,84
54,74
54,58
56,75
58,82
58,78
59,62
60,97
60,92
60,91
61,91
62,84
64,93
65,78
65,87
66,87
69,98
69,80
70,83
73,76
74,75
74,88
76,83
76,98
77,79
79,97
80,89
83,94
83,95
85,92
87,94
90,94
