0,68
0,64
0,61
0,22
0,14
0,38
0,19
0,62
0,76
0,60
1,31
1,15
1,83
2,69
2,24
3,9
3,46
4,63
4,13
4,7
4,19
4,64
4,12
5,56
5,77
6,11
6,77
6,71
6,25
6,82
6,13
7,68
7,62
7,23
7,59
8,56
8,71
8,27
8,74
8,36
9,80
10,51
10,36
10,30
10,12
10,48
10,15
11,74
11,49
11,63
11,75
11,66
12,48
12,57
13,75
13,18
13,72
13,20
13,29
13,83
13,17
14,46
14,19
14,58
14,57
15,40
15,54
15,20
15,41
15,34
16,18
16,77
16,57
16,25
16,20
17,43
17,53
17,63
17,57
17,60
18,47
18,81
18,39
18,68
18,22
19,78
19,53
20,31
20,24
20,70
21,49
21,45
21,51
21,50
22,69
22,82
22,75
22,28
23,45
23,25
23,60
23,67
23,78
23,26
23,43
24,27
24,37
24,28
24,64
24,41
24,69
25,28
25,42
25,34
26,64
26,81
26,68
26,32
26,46
27,75
27,73
28,60
28,58
28,69
29,56
29,52
30,33
30,63
30,75
30,34
30,65
31,55
32,41
32,50
33,74
33,47
34,54
34,65
34,39
34,82
35,59
36,50
37,67
37,57
38,82
38,67
38,60
38,59
39,53
39,51
39,46
40,56
41,52
41,61
41,76
41,73
42,52
42,82
43,73
44,48
45,50
45,84
45,65
46,50
47,64
47,54
48,63
48,57
49,62
49,67
49,50
49,66
50,64
50,74
50,66
51,81
51,58
51,66
52,68
52,59
52,55
53,80
54,82
54,62
54,75
57,80
58,74
58,69
59,71
60,82
60,61
60,68
63,66
63,84
63,69
63,75
65,66
65,75
69,83
71,82
75,80
78,79
