0,8
0,3
0,14
0,41
0,30
0,1
0,9
0,6
0,33
1,50
1,35
2,10
2,40
2,25
2,47
3,26
3,48
3,49
4,7
4,54
4,43
5,49
5,12
5,23
6,42
7,42
7,35
8,41
8,33
8,12
8,19
9,17
10,41
10,42
12,53
12,24
12,26
14,41
14,53
14,33
15,54
15,29
16,44
16,24
17,36
18,31
19,48
19,33
19,54
19,30
20,45
20,30
20,22
20,24
21,53
22,48
22,50
23,53
23,27
24,48
24,34
24,29
24,50
25,37
25,41
25,33
26,49
26,39
27,44
27,38
28,43
28,36
29,44
29,48
29,32
30,35
30,43
30,46
31,43
31,32
31,50
32,48
33,41
33,43
33,34
34,54
34,38
34,42
36,38
36,49
38,40
38,42
40,54
43,50
43,51
43,47
44,53
45,51
45,46
46,50
47,53
47,48
48,53
53,54
