0,85
0,70
0,23
0,19
1,15
1,63
1,28
1,2
1,91
1,74
2,25
2,18
2,62
3,7
3,92
3,10
4,63
4,71
5,13
5,50
5,49
5,19
6,64
6,56
7,33
7,27
7,85
8,56
8,57
8,62
8,79
9,93
10,36
10,25
10,40
11,74
11,24
11,59
11,40
13,50
13,44
13,23
13,58
14,78
14,59
14,61
14,46
14,36
14,58
15,28
15,18
15,27
15,72
15,86
16,22
16,66
16,57
17,93
17,83
17,60
17,59
17,25
18,34
18,70
19,84
19,46
19,68
19,49
20,67
20,40
20,77
20,56
20,50
21,77
21,37
21,89
21,27
21,51
22,71
23,87
23,64
24,78
24,50
25,46
25,59
25,28
26,82
26,44
26,88
31,71
32,49
32,42
33,54
33,86
33,70
34,92
34,88
35,71
36,74
36,82
38,88
39,62
39,65
39,57
40,60
41,56
42,44
42,69
44,72
45,72
45,65
46,77
46,67
46,89
46,68
46,84
46,64
47,82
47,89
49,92
50,58
51,54
52,91
53,74
56,57
58,85
58,83
60,61
60,91
61,84
62,77
63,81
64,66
66,70
68,72
69,71
74,82
76,81
76,87
79,86
79,89
80,87
82,83
82,87
82,93
86,90
