0,80
0,75
0,44
0,50
0,12
0,28
1,77
1,85
1,81
2,35
2,80
2,66
3,66
3,23
3,29
4,87
4,45
4,44
4,83
4,38
5,6
5,17
6,48
6,23
7,84
7,34
8,64
8,29
9,54
9,59
10,81
10,74
11,40
11,75
11,74
11,78
12,44
12,22
12,89
12,15
12,75
13,53
13,60
13,26
14,70
14,18
15,27
15,86
15,78
15,22
15,55
15,62
15,18
15,68
16,67
16,62
17,21
17,80
17,35
17,51
18,59
18,62
18,70
18,26
19,26
21,24
21,39
21,49
22,69
22,86
23,42
23,65
23,71
25,52
25,62
26,56
26,43
26,27
26,65
27,38
27,46
27,40
27,70
27,83
28,31
28,49
28,35
29,30
29,32
30,72
30,57
30,43
30,51
30,62
31,88
31,71
31,77
31,41
31,44
32,62
32,87
32,61
32,75
33,60
33,68
34,58
34,69
34,38
35,48
35,42
36,73
36,86
36,38
36,65
37,42
37,46
37,76
37,75
38,85
39,44
39,68
39,49
39,71
39,78
40,42
40,52
41,70
41,57
42,49
42,73
43,44
44,57
44,45
45,59
45,82
47,71
47,54
47,63
48,84
48,61
49,76
49,82
50,86
51,63
52,63
52,59
52,75
53,86
54,71
54,59
54,57
55,86
56,81
57,76
57,67
57,73
58,76
59,62
59,65
62,77
63,64
64,83
65,86
66,72
66,75
67,81
73,77
73,88
79,81
80,89
83,89
86,87
