0,13
0,46
0,74
0,87
1,34
1,93
2,78
2,40
3,31
3,26
4,45
4,51
5,24
5,74
5,9
5,55
6,36
8,41
8,45
9,59
9,12
9,35
10,16
10,58
10,48
12,56
12,60
13,52
14,90
14,35
15,47
17,85
17,70
17,42
17,83
18,75
18,56
19,24
20,23
21,32
22,35
22,24
23,48
24,47
24,30
25,63
25,62
27,93
27,42
28,55
30,48
32,61
32,40
33,70
33,94
33,54
33,42
34,50
35,93
36,50
37,89
37,46
37,50
37,53
38,86
41,85
42,67
45,50
45,86
46,71
47,62
49,71
50,90
52,60
53,87
53,86
54,65
54,67
56,63
57,64
57,93
57,78
58,63
59,92
61,66
65,91
69,93
70,84
70,94
72,94
74,90
79,85
81,86
82,86
86,88
