0,14
0,85
0,49
0,70
1,23
2,23
2,50
3,32
3,67
3,65
3,57
5,41
5,68
6,69
6,74
6,22
6,24
7,27
7,49
7,65
7,33
7,87
7,42
8,89
8,20
8,26
8,46
10,45
10,17
11,60
11,51
11,67
11,21
11,39
11,19
11,34
12,74
12,57
13,60
13,36
13,86
14,56
15,87
15,75
15,18
16,81
16,19
16,88
17,74
19,21
20,47
20,56
20,35
21,51
21,66
23,68
23,84
24,47
24,63
24,89
25,46
25,43
26,55
27,66
27,78
27,63
27,85
28,39
29,46
29,75
30,40
32,83
34,81
34,77
35,59
35,45
35,71
35,56
35,44
36,72
36,41
37,65
37,52
37,83
38,86
39,56
40,70
41,83
42,66
42,44
44,72
44,73
44,79
46,83
47,51
49,65
51,65
51,74
52,60
53,83
54,81
54,74
55,68
57,74
57,81
58,81
59,80
60,71
61,78
63,85
65,72
65,74
68,75
71,75
71,78
77,82
77,88
77,84
79,85
79,84
80,88
83,84
