0,27
0,38
0,59
0,46
0,33
2,56
2,49
2,21
2,12
2,58
3,31
3,19
4,35
4,6
5,47
5,45
5,27
5,35
5,48
6,20
6,50
6,41
6,18
7,17
8,40
8,26
8,33
8,25
9,54
9,42
9,35
10,28
10,11
11,37
11,20
11,50
12,20
12,28
12,22
12,48
12,47
12,15
12,29
13,19
13,44
14,40
14,42
15,22
15,38
15,40
15,25
16,46
17,50
17,28
18,28
18,46
18,31
18,33
19,53
19,57
20,27
20,37
20,51
21,58
23,49
23,31
24,37
24,41
24,56
25,57
25,58
25,44
26,39
26,27
26,58
27,45
27,32
27,55
28,42
28,40
28,45
29,32
29,47
29,42
30,43
30,31
30,55
30,34
30,46
31,46
31,36
32,49
32,59
33,40
33,39
33,55
34,49
34,54
35,51
35,48
35,47
35,55
35,45
35,46
36,42
36,37
36,44
37,53
39,54
40,54
40,44
42,50
43,45
44,50
46,57
48,49
50,51
51,54
56,59
