0,7
0,70
0,35
0,68
0,69
1,24
1,14
1,18
1,15
1,36
1,21
2,34
2,21
3,32
3,74
4,46
4,11
4,52
4,20
5,47
5,23
5,50
5,16
5,39
6,45
6,51
6,20
6,59
6,26
6,34
7,73
7,13
7,12
8,40
8,49
8,29
8,59
8,42
8,48
9,48
9,14
9,51
9,63
9,10
9,56
10,55
10,29
10,40
10,61
10,48
11,57
11,34
11,21
12,24
12,28
12,20
13,21
13,41
13,70
13,25
13,20
14,58
14,57
15,21
15,58
15,60
16,65
16,31
16,38
16,43
16,20
16,68
17,53
17,37
18,40
18,73
18,25
18,46
19,60
19,35
19,41
19,59
20,71
20,56
20,69
20,43
20,62
21,64
21,48
21,66
22,28
23,42
23,39
23,27
24,52
24,39
24,68
24,29
25,31
25,50
25,39
26,64
26,30
26,65
27,35
27,44
28,30
28,55
28,73
28,62
29,54
29,59
30,53
30,32
30,34
30,74
30,38
30,42
31,72
32,45
32,51
33,67
33,43
33,57
34,54
35,63
35,44
35,39
36,37
36,40
37,39
37,44
37,52
38,51
38,74
40,73
40,60
41,48
41,55
41,45
41,61
42,65
42,51
42,74
42,64
43,72
43,60
44,69
44,68
44,53
44,45
45,72
46,66
47,68
47,73
47,74
47,65
47,67
47,54
48,52
48,68
48,49
49,73
50,68
50,66
52,60
55,74
55,68
56,69
57,68
57,62
62,67
62,74
63,65
63,64
65,66
67,73
69,71
70,74
72,74
