0,53
0,87
1,75
1,59
1,81
1,2
1,43
1,77
2,19
2,76
2,32
2,31
3,33
3,67
3,56
4,55
5,9
5,66
5,54
5,45
6,14
6,15
6,45
8,62
8,45
8,67
8,55
9,24
9,73
9,66
10,27
11,60
12,67
12,70
12,33
12,63
13,41
14,88
14,76
15,46
16,71
16,37
16,81
18,81
19,82
19,80
19,56
20,28
20,80
21,62
21,36
22,63
23,30
23,45
23,61
23,49
23,74
24,63
24,38
24,47
25,54
25,50
26,70
26,80
26,75
27,83
28,64
28,66
28,35
28,30
30,46
30,53
30,42
30,32
30,31
31,72
33,37
33,77
34,79
34,80
34,45
35,68
35,67
35,36
36,67
38,45
38,75
39,69
40,68
40,80
41,57
41,77
42,69
42,71
43,49
44,77
45,85
45,54
46,72
46,52
47,83
47,78
47,77
48,54
49,72
49,56
50,72
52,55
58,61
59,74
61,85
61,82
62,81
64,85
64,76
66,67
67,68
67,77
71,84
71,86
74,89
75,78
83,85
