0,48
0,51
1,8
1,58
1,29
2,13
2,19
3,67
3,28
3,50
3,15
3,16
3,22
3,37
4,8
4,10
5,46
5,55
5,48
5,59
5,43
5,26
6,19
6,61
6,11
6,37
6,30
6,36
7,28
7,19
7,69
7,45
7,21
7,31
7,43
8,60
8,53
9,41
10,28
10,37
10,43
10,39
10,51
12,41
12,44
13,16
13,63
14,57
14,27
15,62
15,57
16,31
16,66
17,36
17,56
17,58
17,38
18,46
20,21
20,45
20,47
21,65
21,30
21,31
23,40
23,46
23,38
24,44
24,45
26,64
26,30
27,55
27,37
29,59
29,68
30,61
31,68
31,47
31,64
32,64
32,55
33,67
37,52
39,68
39,43
39,46
40,43
40,44
42,55
43,59
45,47
45,51
46,53
48,69
49,58
49,59
50,55
50,58
52,54
52,65
53,69
53,62
53,65
56,64
