0,16
0,24
0,35
0,8
0,18
1,14
2,15
2,22
3,46
3,48
4,15
4,45
5,44
5,12
5,50
6,24
6,53
7,38
7,33
7,52
7,24
7,46
8,38
8,44
8,45
8,17
9,12
9,38
9,34
10,13
10,18
10,52
11,47
12,27
12,25
12,39
12,24
12,26
13,36
13,22
14,26
15,16
16,36
16,39
17,26
17,30
17,39
17,25
18,30
18,36
18,46
19,41
19,51
19,43
19,30
20,38
20,43
20,52
21,37
22,38
22,44
23,41
24,34
25,41
26,52
27,36
27,54
27,29
27,30
28,30
29,42
29,44
31,48
31,43
31,33
32,46
33,40
34,47
35,39
35,45
35,40
37,50
38,39
39,41
43,48
43,54
44,49
44,53
48,49
48,52
51,54
