0,75
0,6
0,77
0,79
1,78
1,48
1,32
1,3
2,75
2,81
2,37
2,3
2,57
2,77
2,82
3,88
3,77
3,73
4,70
4,69
4,21
4,22
4,84
5,12
5,58
5,91
6,21
6,59
6,16
6,67
7,30
7,82
7,59
7,14
7,42
7,21
8,54
8,53
8,19
8,89
8,69
8,81
8,42
9,56
10,43
10,87
10,11
10,65
11,81
12,46
12,51
12,20
12,21
13,43
13,57
13,37
13,45
14,81
14,80
14,35
15,21
15,41
15,91
16,91
16,25
16,30
17,87
17,54
18,70
18,64
18,89
18,68
18,94
19,46
19,93
19,83
20,85
20,90
20,77
20,44
20,33
20,91
21,91
21,56
22,41
23,91
23,27
23,90
24,44
24,32
24,45
24,57
24,37
24,85
25,90
25,93
25,80
26,56
26,76
26,54
27,55
27,87
27,40
27,68
27,54
28,67
28,46
28,42
28,33
28,90
29,89
29,77
30,77
30,44
30,56
30,65
31,62
31,85
32,89
32,66
32,45
32,80
32,47
33,83
33,59
33,81
33,52
34,54
34,62
34,81
34,41
34,56
35,69
35,92
35,54
35,41
36,47
36,86
36,94
36,69
36,81
37,55
37,63
37,77
37,54
38,44
38,91
39,90
39,69
39,71
39,79
41,49
42,80
42,64
42,45
43,72
43,71
43,79
43,73
43,74
44,57
45,51
45,79
46,75
46,70
47,48
47,78
48,88
48,51
48,53
49,57
49,73
50,54
50,67
50,87
50,92
51,74
52,90
53,80
54,89
54,74
54,62
54,60
55,64
55,63
56,66
56,60
56,67
57,69
57,61
58,92
59,94
59,92
60,93
60,79
60,67
60,92
60,78
61,65
61,70
61,82
63,64
63,75
65,66
65,94
66,74
66,69
66,86
67,94
67,74
68,74
68,71
68,77
69,70
69,79
72,88
73,92
74,81
75,82
75,91
76,88
76,86
77,91
78,85
78,94
79,85
80,93
81,90
82,84
83,94
83,84
85,94
86,87
87,94
