0,31
0,63
1,68
1,65
1,46
1,59
2,40
3,38
3,61
3,30
3,63
5,43
5,14
5,61
6,34
7,71
8,43
8,29
8,77
8,11
9,25
9,12
9,65
9,72
10,72
10,18
11,12
12,36
12,38
12,79
12,51
12,62
12,39
14,44
14,46
14,77
15,59
15,17
15,43
16,39
16,49
17,57
17,64
17,27
18,19
18,41
19,22
19,76
21,29
22,52
23,42
23,69
23,27
23,51
24,49
24,33
25,47
26,55
26,76
26,35
27,42
27,48
28,61
28,50
30,66
31,33
32,44
33,73
36,41
37,64
38,67
39,78
39,57
40,60
40,43
40,63
40,77
42,69
42,74
42,45
43,44
44,49
45,72
45,66
46,79
46,48
47,72
48,64
48,66
52,78
54,61
55,77
55,73
56,69
58,72
60,67
61,69
69,72
