0,1
1,33
1,34
1,4
1,49
2,49
2,44
3,41
4,39
4,65
4,57
4,50
4,32
4,66
5,43
6,32
6,26
6,49
7,26
7,68
7,57
8,58
8,63
10,46
10,39
10,21
11,38
11,61
11,51
11,48
12,24
13,18
14,62
14,19
15,16
16,32
16,58
16,57
16,51
17,23
17,43
17,58
18,61
19,62
19,54
19,31
19,44
20,45
21,56
22,31
22,55
22,25
24,61
24,37
24,67
24,52
26,46
26,28
27,66
27,67
27,51
28,48
28,53
29,65
29,41
29,35
30,40
30,37
31,33
32,61
32,67
32,52
33,40
33,60
34,35
35,60
36,45
37,54
37,65
38,61
38,50
39,41
39,55
39,49
41,47
41,48
42,68
42,48
43,65
44,62
44,48
44,59
45,46
46,60
46,64
47,49
48,59
49,68
50,61
51,56
51,54
55,65
56,69
57,65
