0,32
0,20
0,37
0,17
0,40
0,19
0,81
0,55
0,82
0,50
0,24
0,69
1,57
1,43
1,11
1,10
1,29
2,42
2,75
2,37
2,61
2,38
2,45
2,13
3,68
3,35
3,81
3,43
3,73
3,78
3,37
4,16
4,11
4,84
4,25
4,7
4,34
4,60
5,21
5,26
5,22
5,6
6,60
6,33
6,69
6,40
6,63
6,47
6,34
6,14
7,12
7,42
7,69
7,75
7,40
7,35
7,28
7,78
7,76
8,60
8,35
8,26
8,41
9,12
9,68
9,81
9,74
9,14
9,10
9,65
9,17
9,76
9,43
10,76
10,23
10,36
11,52
11,47
11,12
11,54
11,64
12,81
12,27
12,74
12,37
13,43
13,77
13,23
13,65
13,20
14,16
14,66
14,59
14,33
14,21
15,56
16,84
16,51
16,82
16,79
16,60
16,77
16,43
17,74
17,47
17,19
17,34
18,57
18,78
18,62
18,72
19,26
19,52
19,34
19,67
19,47
20,33
20,62
20,31
20,41
21,71
21,78
22,50
22,76
22,73
23,68
23,58
23,34
23,79
24,56
24,46
24,68
25,62
25,64
27,66
27,31
27,41
27,56
27,48
27,36
28,75
29,64
30,69
30,83
30,80
31,38
31,84
32,47
32,39
32,72
32,54
33,60
33,50
33,76
33,71
33,47
34,39
35,74
35,79
35,71
35,51
35,68
35,55
35,56
35,65
36,54
36,44
36,66
37,77
37,44
37,57
38,63
38,55
38,53
38,72
39,62
39,41
40,62
42,57
42,81
42,82
42,47
42,69
44,47
44,68
44,76
44,51
44,59
45,58
46,61
46,76
47,73
48,52
48,51
48,59
49,55
49,77
49,67
49,58
50,71
50,67
50,69
50,57
50,53
51,55
51,64
51,82
51,77
51,53
51,74
52,80
53,82
53,74
54,79
55,81
55,73
56,75
56,59
57,70
57,63
58,73
60,76
63,65
63,76
64,82
65,80
65,82
66,82
66,84
66,70
67,68
68,70
70,73
70,72
72,84
72,73
74,81
74,83
75,77
77,84
77,81
