0,61
0,57
0,35
0,21
0,44
1,27
1,58
1,74
2,59
2,65
3,5
3,6
3,18
3,31
4,57
4,53
5,20
6,39
6,41
7,43
7,33
8,51
8,12
9,45
9,20
9,61
11,70
12,67
13,50
13,63
14,66
14,71
14,60
14,33
15,41
16,20
17,49
17,44
18,36
18,24
19,49
19,32
20,69
20,36
21,38
22,74
23,71
23,28
24,71
25,43
26,46
26,36
29,39
29,41
29,40
29,56
30,36
32,54
32,63
32,50
32,64
34,63
35,61
35,59
36,37
36,61
36,70
37,67
38,67
38,64
38,69
39,52
39,67
40,61
41,73
42,51
44,54
44,56
45,71
46,57
46,72
46,48
47,60
47,49
48,72
48,67
49,70
50,67
53,56
54,69
54,73
56,60
56,58
58,60
60,68
62,67
62,68
62,66
70,71
