0,63
0,55
1,18
1,89
2,79
3,41
4,84
5,55
5,86
5,79
5,11
5,54
5,81
5,27
5,19
5,67
6,78
7,46
7,89
9,76
9,50
9,24
9,66
9,49
9,21
10,32
10,93
11,28
11,40
11,92
12,83
12,85
12,27
13,40
13,53
13,60
14,75
14,50
15,40
16,54
16,57
16,91
17,39
18,90
18,58
18,53
18,77
19,50
20,53
20,74
20,82
21,74
21,34
22,89
22,28
23,88
24,28
25,49
25,31
25,59
26,74
26,53
27,34
27,33
27,65
28,86
28,65
28,58
29,66
29,71
29,39
30,69
30,76
32,48
32,34
32,76
33,56
33,49
34,68
34,40
35,55
36,43
37,65
37,79
38,39
39,82
39,76
40,70
40,84
40,55
40,92
41,43
43,67
43,58
43,60
43,47
43,53
44,61
45,94
47,77
48,83
48,84
48,77
48,85
48,62
48,57
49,77
50,52
50,84
50,86
51,75
51,83
51,92
53,68
53,91
53,79
55,94
55,59
56,89
56,65
56,84
57,66
58,63
60,63
61,71
61,74
61,84
62,75
63,87
64,90
65,75
68,82
68,92
68,69
69,75
69,90
73,89
75,89
76,78
83,91
85,92
