0,18
1,29
1,15
1,48
2,15
2,48
2,34
3,26
3,8
4,26
4,38
4,10
4,30
4,36
5,16
6,62
6,51
7,18
7,52
7,50
8,59
8,30
8,22
8,51
9,39
9,44
9,16
9,33
9,29
10,64
10,24
11,18
11,21
12,21
12,43
12,36
13,19
13,32
13,64
14,55
14,46
14,15
15,41
16,58
16,39
16,17
18,49
18,39
18,57
19,58
20,53
20,64
21,46
21,29
21,63
22,51
22,59
23,41
24,52
25,27
25,51
25,55
27,46
29,58
30,45
30,52
30,59
31,64
33,45
35,59
35,61
36,56
37,44
37,55
37,43
37,62
38,47
38,42
39,56
39,54
42,48
44,56
45,51
45,47
46,58
47,55
47,52
47,63
49,52
53,54
59,63
