0,38
0,47
1,20
2,25
2,64
3,23
3,41
3,15
4,37
5,27
5,49
5,34
5,21
6,63
7,26
8,41
9,59
9,47
10,29
10,58
11,57
11,33
11,29
11,17
12,70
12,16
13,62
13,27
13,53
13,26
13,65
14,48
15,28
16,43
16,71
16,76
16,61
17,54
17,75
18,64
19,70
19,47
19,67
20,39
20,66
21,34
22,65
22,62
23,59
23,49
24,43
24,46
24,58
26,55
26,58
26,67
26,68
26,76
27,28
28,39
28,72
29,78
29,40
29,38
31,78
31,70
32,46
32,43
33,55
33,34
34,76
34,62
35,54
35,43
36,63
38,70
38,74
39,78
39,49
40,55
40,51
40,76
40,43
41,64
42,70
43,70
43,46
46,69
47,67
47,53
50,64
50,65
50,77
50,58
50,66
51,52
53,75
55,77
57,59
60,62
60,61
65,72
66,76
67,75
68,72
