0,6
0,69
1,55
1,34
1,33
1,28
2,48
2,55
2,43
2,41
2,51
2,7
3,28
3,51
3,6
3,43
4,37
4,39
4,75
4,12
4,47
5,79
5,41
5,38
5,28
5,15
5,44
5,6
6,73
6,68
6,15
7,56
7,52
7,49
7,12
8,71
8,70
9,56
9,62
10,23
10,69
10,32
10,41
10,29
11,58
11,70
11,71
11,62
11,24
11,44
12,15
12,64
12,28
13,65
13,75
13,72
13,28
13,24
14,52
14,73
14,24
14,26
14,49
14,61
14,47
15,31
15,74
15,49
15,75
15,34
15,48
17,27
17,28
17,24
18,77
18,29
18,50
18,38
19,50
19,23
19,32
19,69
20,58
20,22
20,59
20,66
20,64
21,39
21,45
21,55
21,51
22,41
22,69
23,50
23,62
23,71
23,75
23,26
23,54
23,39
24,59
25,30
25,79
26,55
26,32
27,54
28,51
29,60
30,75
30,49
30,44
30,40
30,48
31,70
32,59
32,39
32,40
32,38
32,45
33,60
33,77
33,72
33,56
33,40
34,73
34,76
34,74
34,58
35,65
35,38
35,44
36,48
37,58
37,50
37,63
38,55
39,41
39,71
39,51
39,61
39,64
40,72
40,68
41,51
42,72
42,79
43,45
43,74
43,75
43,61
44,52
44,63
45,70
45,47
46,52
46,74
47,50
47,59
47,55
47,72
47,48
47,77
48,77
49,75
49,63
50,70
51,64
51,79
51,75
52,66
52,70
52,72
53,72
53,64
53,77
54,67
54,59
56,72
56,76
56,63
56,75
58,61
59,64
60,77
60,75
62,71
63,75
64,67
72,75
75,76
