0,45
2,74
2,27
2,3
2,45
3,46
3,65
3,25
4,22
4,20
5,34
6,39
6,67
6,57
7,67
8,20
8,21
8,52
9,42
9,52
9,10
10,32
10,72
10,24
11,27
11,55
12,15
12,55
12,39
12,62
12,17
14,39
14,64
14,58
15,40
16,46
16,40
16,69
16,51
16,34
16,66
17,22
18,66
18,67
19,63
19,56
20,58
21,69
21,62
22,54
22,62
23,25
23,65
23,52
24,64
25,33
26,46
26,29
28,51
29,44
29,38
29,52
30,31
31,62
31,58
34,74
36,44
37,41
39,40
40,42
40,71
42,62
43,73
43,50
43,61
44,65
44,64
47,68
50,68
50,61
50,55
54,66
55,64
56,74
58,65
59,70
61,66
62,63
