0,10
0,34
0,22
0,32
1,50
1,14
1,46
1,41
1,30
3,15
3,51
3,28
3,5
3,9
4,9
4,37
4,21
4,45
4,7
5,12
5,32
5,38
5,8
6,20
6,38
6,29
6,53
6,14
7,21
7,18
7,47
7,43
8,36
8,18
8,22
9,21
10,26
11,51
11,54
11,17
11,40
12,43
12,31
12,19
13,48
13,47
13,50
13,25
14,26
14,18
15,37
16,33
16,18
16,36
16,52
16,39
16,27
17,53
18,50
18,48
19,25
19,30
19,37
19,42
19,41
19,27
20,38
21,22
21,27
21,42
21,32
22,35
22,50
24,43
24,51
24,30
25,52
25,34
26,41
28,49
28,31
29,36
29,35
30,38
31,40
33,41
33,50
34,36
34,40
34,48
35,44
35,43
36,37
37,52
37,49
38,45
39,50
42,53
46,52
50,54
52,54
