0,31
0,64
0,57
1,27
2,21
2,50
3,56
3,6
4,67
4,59
4,5
6,69
7,35
7,38
8,44
8,59
9,67
9,31
10,40
10,52
10,64
11,17
11,43
11,56
11,32
12,58
12,52
13,60
13,34
14,52
17,33
17,56
18,66
20,57
20,40
20,66
21,47
22,35
22,38
22,66
23,73
23,52
24,35
25,42
26,69
26,61
27,41
27,72
29,34
29,56
30,45
30,73
31,54
32,68
34,69
34,36
34,58
35,48
35,68
35,46
36,56
36,62
36,61
36,58
37,54
37,73
37,45
37,66
38,70
38,51
38,54
39,52
39,59
40,68
41,73
41,74
42,60
42,53
43,62
44,61
47,71
49,65
49,50
50,58
51,73
52,54
53,58
56,64
58,66
60,65
60,74
64,70
64,72
69,72
