0,81
0,76
1,22
1,80
1,47
2,29
2,39
3,26
3,37
3,89
4,23
4,86
4,29
4,85
5,33
6,20
7,10
8,37
8,68
8,71
9,75
10,51
11,54
12,73
13,65
13,79
13,34
13,50
13,71
15,54
16,53
16,65
17,45
17,56
19,35
20,37
21,65
21,43
21,84
22,30
22,29
22,34
23,73
24,85
24,40
25,41
26,64
26,70
26,83
26,47
27,37
28,72
28,77
30,62
30,82
30,50
30,54
31,78
31,49
31,42
32,33
32,69
33,38
33,76
34,56
35,59
35,64
36,75
36,85
37,60
37,83
38,59
39,77
39,72
40,55
40,66
41,45
42,79
42,67
45,80
47,87
48,89
49,58
49,50
50,79
50,89
50,75
55,88
56,59
56,67
56,60
57,70
58,76
59,62
60,85
60,64
60,65
61,77
65,87
65,72
67,68
69,83
70,86
74,77
79,83
85,88
