0,45
0,5
1,57
1,9
1,59
1,61
3,62
3,25
3,69
4,53
4,44
4,14
4,25
4,61
5,64
5,47
6,11
7,13
7,70
8,52
8,35
10,14
11,49
11,56
12,13
12,32
13,68
13,65
13,14
14,46
15,35
15,61
17,72
17,39
17,68
17,35
18,46
19,38
19,60
19,55
21,45
22,38
22,74
22,39
22,71
23,65
23,44
24,44
24,38
24,27
24,72
25,65
26,43
27,72
27,28
29,44
30,58
32,68
33,62
34,42
36,58
36,73
38,53
39,42
40,55
40,51
42,72
44,54
45,48
45,56
45,59
46,65
46,50
48,50
48,63
49,66
50,63
50,67
51,68
51,53
55,72
55,67
56,64
58,72
61,74
61,69
61,71
62,70
65,68
66,70
66,73
