0,56
0,3
0,18
1,31
1,53
1,63
2,88
2,56
2,4
3,31
4,27
4,45
5,8
6,68
6,58
6,87
6,80
6,64
6,77
7,13
7,11
7,46
7,25
7,36
7,29
8,12
8,88
8,74
9,86
9,50
10,83
10,77
10,31
11,67
11,13
12,26
12,68
13,16
14,70
14,25
16,61
16,57
16,24
17,74
17,88
17,57
18,54
18,45
18,44
19,79
20,38
21,56
22,54
22,85
23,68
23,71
24,39
24,61
25,65
25,78
25,31
25,87
26,85
26,64
27,82
28,60
28,62
29,39
29,72
30,43
30,78
30,31
31,43
31,35
31,87
32,49
32,74
33,68
33,63
34,35
35,63
35,86
36,44
36,46
36,73
37,78
39,89
39,55
40,49
40,85
40,64
41,70
41,57
43,82
46,81
46,73
48,60
48,73
49,67
49,70
49,75
49,65
49,81
49,59
52,59
53,57
53,55
53,76
53,82
54,76
57,80
59,78
60,76
60,83
60,80
61,78
64,87
68,79
68,78
70,82
71,82
71,87
71,80
74,77
79,81
84,88
