0,27
0,14
0,28
1,34
1,67
2,12
2,38
2,74
3,39
3,14
4,51
5,69
5,59
5,64
5,40
6,46
6,10
6,28
7,43
8,39
8,73
8,18
9,34
9,36
9,33
9,48
9,66
9,40
10,16
10,55
10,37
12,61
12,74
13,47
13,44
15,33
16,44
16,26
16,25
17,21
19,22
19,42
20,28
20,63
20,73
20,37
20,67
21,53
22,28
22,26
22,67
22,54
23,60
24,40
25,50
25,45
26,43
26,48
27,28
28,68
28,38
28,63
29,37
29,33
30,72
31,47
33,46
33,34
33,68
33,56
34,62
34,65
35,72
35,67
36,48
38,69
38,53
38,42
38,44
38,51
38,43
39,51
39,59
39,47
41,64
41,48
41,70
41,45
41,50
41,43
43,55
48,58
50,56
50,59
53,72
54,62
61,72
62,66
63,67
63,72
65,72
68,74
