0,92
0,8
0,46
1,24
1,65
1,51
1,45
2,58
3,58
3,85
4,22
4,92
4,64
5,24
5,60
5,79
6,10
6,63
6,79
6,58
8,63
8,49
8,27
9,43
10,34
10,24
10,35
11,21
11,29
11,56
12,91
12,30
12,70
12,67
13,73
13,89
13,14
14,83
14,74
14,77
14,56
16,73
16,33
16,57
17,39
17,92
17,24
17,25
18,61
18,55
18,46
18,78
19,67
19,63
19,89
20,64
20,31
20,70
21,83
21,26
21,86
22,32
22,67
24,70
25,34
25,51
26,35
26,30
28,59
28,69
28,58
28,45
29,75
29,36
29,77
29,30
30,53
31,48
31,71
31,52
32,71
33,37
34,71
34,83
35,41
36,48
36,52
36,89
37,79
37,47
37,94
38,63
38,72
38,80
40,74
41,87
41,80
41,50
43,67
43,89
44,94
44,91
44,81
45,71
45,66
45,82
46,84
46,83
48,92
49,89
49,71
50,79
50,81
50,60
51,89
51,68
53,72
55,79
57,83
62,80
62,87
64,92
65,93
67,73
68,94
69,73
70,91
76,83
80,87
82,92
83,86
83,92
