0,91
0,56
0,84
0,14
1,19
1,47
1,8
1,32
2,33
2,37
2,97
4,18
4,96
4,73
4,28
4,25
4,17
4,49
5,44
5,60
6,22
6,84
7,56
8,48
8,28
9,22
10,17
10,51
11,24
11,71
12,35
12,44
13,35
14,22
14,35
15,68
16,23
16,38
16,72
17,75
17,46
17,92
17,94
17,40
18,49
18,80
19,68
22,37
22,88
23,85
23,80
24,62
24,35
24,92
24,58
26,67
27,49
28,97
28,78
28,64
29,58
29,87
29,86
29,93
30,44
30,68
30,47
30,46
30,41
31,58
32,76
33,49
33,38
34,85
34,50
35,46
35,72
36,78
36,37
37,59
37,40
38,85
38,40
38,51
38,45
40,94
42,59
42,95
42,53
43,49
44,82
44,60
44,64
44,47
44,97
44,71
44,62
44,46
46,50
46,54
46,66
47,82
48,72
50,83
51,84
54,93
54,64
55,69
56,82
56,90
56,57
56,81
56,65
57,97
60,85
62,97
62,71
64,80
64,95
64,65
65,81
65,68
66,72
67,69
68,86
69,79
69,88
69,83
70,98
74,85
76,85
77,89
78,96
83,96
84,96
85,98
86,93
90,98
93,98
98,99
