0,68
0,37
0,8
0,56
0,70
0,67
0,1
0,60
1,51
1,43
1,36
1,66
1,28
1,33
2,16
2,35
2,55
2,31
2,27
2,7
2,71
3,36
3,49
3,16
3,23
3,34
4,10
4,36
4,15
4,24
4,38
4,12
5,10
5,56
5,34
6,61
6,58
6,23
7,67
7,56
7,55
7,66
7,37
7,54
8,63
8,46
8,45
9,72
9,16
9,58
9,62
10,63
10,36
10,27
10,29
10,18
10,30
11,20
11,59
11,62
11,72
12,59
12,65
12,54
12,18
12,17
12,34
13,49
13,46
14,36
14,37
14,23
16,26
16,46
16,68
16,65
16,53
16,31
17,26
17,50
18,35
18,40
18,64
18,34
18,71
18,50
18,72
18,30
19,58
19,43
19,48
19,40
19,53
19,27
19,31
19,30
19,50
20,48
20,29
20,59
21,69
22,47
22,25
22,73
22,51
23,45
23,50
23,52
23,54
24,47
24,51
26,39
26,49
26,35
27,47
27,51
27,73
28,30
28,63
28,33
28,29
28,68
28,39
28,50
29,40
30,56
30,57
31,66
31,52
31,33
31,59
31,60
32,57
32,44
33,47
34,56
34,39
34,59
35,69
35,53
35,64
36,73
36,41
36,68
37,42
37,68
38,51
39,56
39,46
39,63
39,69
39,65
39,55
39,57
40,43
41,70
41,65
41,47
42,48
43,57
43,56
43,66
43,62
43,65
44,56
44,74
45,66
46,71
47,53
48,60
49,65
50,61
50,62
50,51
51,54
52,53
54,61
54,68
55,63
56,61
57,66
57,60
58,69
60,74
60,71
60,73
61,71
63,65
63,70
66,69
70,72
