0,44
0,46
0,3
1,48
1,51
1,11
1,38
1,45
2,74
2,95
2,77
3,77
3,83
4,74
4,14
8,35
8,57
8,62
9,32
9,89
9,20
9,85
10,99
11,62
12,88
12,26
13,36
13,53
13,68
15,82
16,49
16,75
17,48
17,50
17,79
18,81
19,79
19,96
19,28
20,38
21,79
21,24
22,30
23,24
23,30
23,41
23,43
23,39
25,67
25,86
26,69
26,37
26,84
27,83
27,58
27,86
28,37
28,92
29,77
29,81
30,64
30,90
31,63
31,55
32,59
32,64
33,79
33,52
33,61
34,65
35,75
35,88
35,56
36,61
38,54
38,71
38,95
39,93
41,97
43,91
44,63
44,49
44,69
45,57
45,98
46,93
47,59
47,63
48,63
48,72
48,73
49,70
49,52
50,71
52,59
54,94
54,84
56,69
56,77
57,67
59,90
59,67
60,67
61,88
62,78
62,89
64,98
64,78
64,81
64,72
66,98
66,67
67,71
70,94
73,94
76,94
79,83
85,95
93,99
