0,53
0,12
1,4
2,60
2,73
2,42
3,19
4,47
5,52
6,34
7,50
7,14
7,53
8,31
8,53
9,56
13,18
13,17
14,44
14,37
14,67
15,61
15,83
17,23
17,86
18,65
18,69
19,71
20,48
21,67
21,40
21,76
22,73
22,27
23,61
23,84
24,40
24,65
25,79
25,32
26,37
26,65
26,68
27,63
27,39
27,61
27,77
30,66
31,43
31,56
32,76
33,62
34,55
34,54
36,72
36,45
36,57
37,40
38,41
38,88
39,72
39,44
39,50
40,84
40,78
40,65
41,88
42,89
42,86
43,85
44,71
44,86
45,88
45,53
45,82
46,57
47,58
47,50
49,51
49,61
52,75
53,58
57,88
57,63
59,62
62,63
62,87
63,71
64,84
65,69
66,68
66,78
69,70
70,82
70,76
77,80
83,88
