0,1
0,18
0,68
0,41
1,55
1,52
1,23
1,26
1,34
1,46
1,56
1,30
2,19
2,24
2,50
2,45
2,49
2,37
2,41
2,34
2,63
3,29
3,55
3,14
3,8
4,29
4,55
4,61
4,47
5,20
5,9
5,41
6,44
6,57
6,18
6,67
6,38
6,8
6,55
7,41
7,36
7,34
7,37
8,66
8,10
8,30
8,36
8,57
8,65
8,14
8,45
8,56
9,43
9,65
9,61
9,37
10,31
10,15
10,64
10,27
10,25
10,62
10,55
10,47
11,27
11,12
11,36
11,55
11,64
11,69
12,63
12,34
12,52
12,37
12,30
12,21
12,26
13,62
13,52
13,50
13,14
14,54
14,55
15,26
15,50
15,20
15,25
16,69
16,53
17,19
17,50
17,41
17,30
17,59
18,42
18,55
18,29
18,63
18,46
19,58
19,45
20,43
20,34
20,28
20,69
20,23
21,37
21,54
22,33
22,61
22,45
23,52
23,29
23,40
24,69
24,33
25,32
25,45
25,34
25,44
26,43
26,69
26,45
26,46
26,63
27,69
27,55
27,43
27,59
27,40
27,62
27,33
28,41
28,51
28,56
29,43
30,54
30,48
30,50
31,51
31,42
31,57
31,32
31,45
32,40
32,55
32,46
32,54
33,65
33,66
33,49
34,62
34,37
34,52
35,55
35,57
35,58
35,36
35,50
35,40
36,41
36,66
36,44
36,43
37,57
37,68
37,63
38,39
39,64
40,63
40,69
40,43
40,42
40,53
41,61
41,63
42,50
42,46
43,45
43,57
43,63
44,45
45,59
45,53
47,50
48,60
48,61
48,58
48,68
48,65
49,69
50,65
51,61
52,55
52,61
52,56
53,58
56,58
57,64
59,69
61,65
61,67
63,64
66,68
