0,51
0,75
1,41
1,73
2,66
2,16
3,26
3,82
4,62
4,84
4,11
4,12
4,5
4,42
5,61
5,51
5,59
6,10
7,71
7,54
7,84
7,53
8,93
8,18
8,34
9,38
9,90
9,67
10,84
10,75
10,53
11,42
11,18
11,30
12,85
12,58
13,58
13,65
13,40
13,83
13,23
14,24
14,51
14,77
14,57
15,50
15,30
15,39
16,59
16,31
17,59
17,86
18,27
19,53
19,55
20,80
21,62
22,33
23,76
23,53
23,38
24,29
24,74
24,54
25,41
25,33
25,74
25,42
26,50
26,31
26,78
27,31
28,60
28,68
29,77
29,45
29,94
29,56
29,48
30,57
31,71
32,76
32,58
33,46
34,91
34,56
34,43
35,54
35,80
35,86
35,70
37,94
38,51
38,88
39,62
39,88
39,68
39,93
40,57
40,67
40,49
40,92
40,93
41,78
41,63
41,47
41,52
42,91
43,55
43,77
43,91
44,91
44,63
44,55
45,88
45,66
45,49
46,67
46,66
47,57
47,93
47,88
47,87
47,84
47,61
48,65
48,56
48,94
49,77
49,56
49,53
49,68
50,85
51,76
52,58
54,76
55,57
56,85
57,61
57,86
58,94
58,79
58,81
58,60
59,66
60,84
60,67
64,65
64,75
65,81
65,79
65,69
67,87
67,80
67,77
68,83
68,91
68,92
68,89
69,84
70,77
70,74
73,92
74,85
74,86
74,93
75,78
76,84
78,91
80,86
80,93
81,92
83,91
84,87
88,92
