1,48
2,78
4,44
4,29
6,39
7,31
8,50
8,85
8,87
9,77
9,87
10,64
10,58
11,49
11,77
12,16
12,55
13,53
13,77
13,34
13,44
14,41
15,50
15,91
15,45
16,73
18,20
18,78
18,56
18,93
19,74
19,38
20,65
21,70
22,79
22,40
24,35
24,50
25,34
25,91
26,76
26,39
27,39
27,49
27,44
28,87
28,89
28,37
29,92
31,32
31,87
32,39
34,61
34,87
35,65
35,36
36,86
37,64
38,71
38,41
38,49
39,53
40,74
40,81
40,54
43,55
44,71
44,74
46,49
46,86
47,64
48,59
50,53
51,85
51,77
52,77
54,61
55,84
56,66
56,94
57,80
58,82
58,84
59,82
61,79
61,66
65,76
66,82
67,79
67,90
70,71
71,85
72,94
74,87
80,87
