0,45
0,46
1,21
1,48
1,57
2,79
2,45
2,7
2,40
2,35
2,56
2,54
2,41
2,72
2,21
2,60
3,29
3,70
3,14
3,4
4,19
4,62
5,58
5,42
5,71
6,62
6,26
6,52
7,54
7,40
7,72
7,17
7,41
7,62
8,58
9,13
10,77
10,52
10,60
11,25
11,44
11,57
12,36
13,27
14,21
14,63
14,61
14,55
15,44
16,41
16,58
16,71
17,68
17,77
18,53
18,70
19,55
19,76
20,64
20,59
21,32
21,79
21,37
21,66
22,45
24,68
25,59
26,72
26,68
27,35
28,73
29,76
29,74
29,68
29,56
29,44
30,76
30,49
31,59
31,49
31,65
32,50
32,61
32,72
32,70
32,63
32,74
33,57
33,68
33,38
34,46
35,55
36,73
37,71
37,62
37,64
40,67
41,55
41,69
41,73
42,52
42,58
43,61
43,72
47,74
48,78
48,61
48,77
49,71
49,60
50,70
50,75
51,64
52,77
53,63
54,58
54,73
57,78
58,79
62,72
65,73
65,75
66,68
67,73
73,76
75,77
