0,83
0,42
0,36
0,57
0,46
0,73
1,89
1,69
1,74
1,3
2,21
2,90
2,63
3,59
3,7
4,73
4,29
5,67
5,18
5,21
6,75
6,9
7,80
7,28
8,69
8,39
8,46
9,81
9,11
10,58
10,25
10,29
11,72
11,35
11,49
11,31
12,84
12,94
12,44
12,91
13,14
13,49
13,47
13,22
15,25
15,87
17,91
18,74
18,86
18,44
18,24
19,34
19,24
19,46
21,79
25,73
25,79
25,57
26,31
26,44
26,29
27,41
28,37
28,67
29,92
29,93
29,57
29,68
30,80
30,53
31,46
31,58
31,60
31,83
31,79
32,36
32,54
33,48
33,76
33,83
34,81
37,49
37,38
37,90
38,66
38,89
38,80
38,43
39,42
39,54
39,73
40,58
40,72
40,92
40,75
41,90
41,88
42,93
42,57
42,51
43,48
43,79
43,50
44,63
44,58
46,67
47,76
47,68
47,80
47,65
49,57
49,65
50,72
50,76
50,62
51,54
51,56
53,61
53,58
54,93
56,64
56,79
56,86
57,86
57,88
58,89
58,63
59,84
60,74
60,89
61,79
61,62
61,69
62,77
62,84
63,65
63,83
63,80
66,94
66,88
68,89
69,90
71,82
75,81
76,88
76,92
77,81
78,88
78,82
79,87
81,84
