0,16
1,9
1,28
2,17
2,7
2,38
3,73
3,57
3,59
3,22
4,72
4,22
4,12
5,45
5,71
6,11
7,71
7,58
7,20
8,13
8,61
8,44
9,37
10,27
10,18
11,49
11,12
12,13
12,35
12,66
13,50
13,78
13,34
14,54
14,56
15,20
16,18
17,43
17,19
17,66
19,60
20,46
20,30
21,63
22,70
22,72
22,79
22,66
23,62
24,46
24,34
24,44
26,65
26,79
26,37
27,68
28,44
28,64
28,46
29,42
29,38
29,55
30,43
30,38
31,35
32,48
32,39
36,37
36,72
37,54
39,69
40,54
41,73
41,44
43,76
44,49
46,54
47,55
48,58
50,59
52,76
52,60
52,63
54,72
54,58
55,57
59,62
61,77
62,71
63,77
64,76
66,68
68,73
73,78
