0,49
0,77
0,69
0,71
0,34
1,33
1,24
2,41
2,6
2,77
3,32
3,42
3,66
4,17
4,48
4,35
4,36
4,28
4,33
4,68
5,32
5,25
5,9
5,30
6,36
6,69
6,26
6,11
6,31
6,70
7,59
7,15
7,52
7,25
7,53
7,28
8,72
9,61
9,31
9,49
10,37
10,29
11,16
11,15
11,41
11,60
11,66
12,24
12,73
12,13
13,79
13,47
13,57
13,25
14,50
14,34
15,42
16,39
17,71
17,78
17,19
17,64
17,42
19,28
19,60
19,26
19,66
20,29
22,33
22,38
22,23
22,24
23,50
23,61
23,40
23,72
24,62
24,39
24,44
25,46
26,34
26,37
26,64
26,69
27,36
27,60
29,52
30,36
30,32
30,42
31,58
31,41
31,65
31,46
31,62
32,54
33,39
33,47
33,49
34,47
35,72
35,47
35,39
36,50
36,39
37,69
37,55
37,58
38,75
38,52
38,61
38,43
38,67
40,78
41,75
42,44
43,70
44,58
44,75
44,79
47,50
48,51
52,54
52,71
52,63
53,55
54,68
55,78
57,75
58,76
61,79
62,68
62,78
64,71
65,71
66,79
66,72
72,78
74,76
75,76
