0,80
0,81
1,5
1,49
1,73
1,56
2,50
2,3
2,47
2,74
2,82
3,74
3,60
3,90
4,36
5,26
5,80
5,20
7,85
7,29
7,89
7,94
8,13
8,49
8,17
8,78
8,51
9,19
9,79
9,82
9,41
10,94
11,26
12,91
13,18
13,71
13,87
14,54
14,75
15,70
15,25
15,92
15,71
15,68
15,45
16,46
16,26
16,39
17,56
17,36
18,40
18,74
19,31
19,46
20,51
20,83
21,31
21,72
22,84
22,66
23,73
24,54
25,45
25,39
26,93
26,45
27,64
27,43
28,35
29,58
30,65
30,32
30,85
31,54
33,82
33,85
35,85
35,87
35,83
35,56
36,84
36,57
38,78
39,59
40,60
40,64
41,48
41,57
41,62
41,69
43,54
43,68
43,81
43,87
44,60
45,47
45,57
46,50
47,62
47,51
47,73
48,90
49,65
49,67
50,52
50,70
50,75
51,77
52,75
52,83
52,74
52,92
53,79
53,59
53,71
55,89
56,77
58,77
58,86
59,76
61,71
61,64
64,82
65,91
68,69
69,80
70,93
71,88
72,80
72,91
73,81
74,81
84,94
