0,66
0,8
0,48
1,43
1,49
2,7
2,77
2,26
2,10
3,87
3,7
4,24
4,12
4,69
4,81
5,37
5,42
5,39
6,26
7,8
7,10
8,84
9,80
10,80
10,87
10,32
11,17
11,66
11,71
12,67
12,63
12,77
13,80
13,39
13,21
14,23
14,59
14,74
14,60
16,52
16,48
16,73
17,43
17,47
17,48
17,34
18,54
18,66
18,87
19,57
20,81
22,31
22,36
23,34
23,65
24,60
24,88
25,33
25,80
26,33
26,32
27,36
27,51
27,37
27,80
28,88
29,62
30,62
32,51
32,33
33,69
35,60
36,66
37,61
38,76
38,51
39,45
39,50
41,72
41,66
42,56
43,47
43,80
44,74
44,72
46,56
47,53
50,77
52,79
53,63
53,61
54,84
54,72
55,77
56,86
57,60
57,75
58,85
61,75
62,63
64,89
65,69
66,83
70,76
70,74
70,79
71,89
75,82
79,85
80,85
81,82
