1,67
2,84
2,4
3,49
3,39
3,17
4,78
5,84
5,34
6,69
6,67
7,46
7,59
7,78
8,34
8,67
9,71
9,77
10,16
10,30
11,67
11,35
12,46
13,66
13,17
13,70
14,59
17,69
17,26
17,45
18,57
18,45
18,79
18,59
18,46
19,60
19,76
19,59
19,34
20,83
20,41
20,74
22,83
23,72
24,43
24,51
24,66
24,83
26,40
26,48
28,67
28,60
29,39
29,45
30,80
32,80
33,55
34,73
37,42
38,49
38,50
39,78
39,40
40,77
41,53
41,49
41,63
42,45
44,53
45,52
45,63
47,81
48,84
52,84
53,77
54,56
55,69
55,63
57,81
57,62
58,80
59,64
59,60
63,73
64,75
67,78
68,75
69,72
