0,93
0,47
0,15
0,85
1,62
1,20
2,67
4,22
4,14
5,18
5,16
5,29
5,35
5,69
6,55
6,69
6,78
6,81
6,72
7,56
7,66
8,76
8,49
8,20
8,87
9,35
9,70
9,58
9,19
10,76
11,71
12,46
13,99
13,54
14,51
14,23
14,85
14,64
14,31
14,21
15,92
15,89
16,31
16,92
16,65
16,37
17,83
18,95
18,29
19,20
19,83
19,44
20,63
20,57
20,67
20,23
22,30
22,40
22,81
22,28
23,93
24,74
25,39
26,29
27,59
27,34
28,46
28,71
29,89
29,47
29,75
29,72
29,49
30,96
30,39
30,38
31,89
31,54
31,58
32,90
32,52
33,89
34,69
36,52
36,88
36,71
36,60
37,80
37,48
38,59
39,54
40,78
40,88
41,75
42,60
42,62
42,94
42,77
43,50
44,74
44,51
45,96
45,80
47,50
47,85
50,86
50,74
51,99
51,63
52,72
53,99
54,73
56,66
56,58
56,57
57,98
57,83
59,84
61,63
63,67
63,80
63,73
63,66
64,98
64,99
64,87
65,86
66,72
67,83
68,82
69,73
71,83
71,94
71,77
72,81
73,74
73,80
73,83
76,80
76,84
79,95
80,98
81,92
84,89
85,96
