0,6
0,73
0,67
0,58
0,88
1,51
1,69
1,27
2,64
2,51
2,35
2,88
2,57
3,14
3,65
3,89
4,34
4,77
4,64
4,30
4,52
5,21
5,65
5,18
5,51
5,36
5,59
6,55
6,89
6,50
7,52
7,63
7,15
7,51
7,12
7,80
8,75
9,40
9,87
9,17
9,30
10,61
10,17
11,28
11,40
12,32
12,43
12,72
12,66
12,76
12,71
12,30
13,31
14,65
14,80
14,73
15,63
15,33
15,64
17,76
17,55
17,30
17,51
18,64
18,65
18,83
18,54
18,82
18,27
18,32
19,78
19,52
20,23
20,73
20,85
20,26
21,55
21,24
21,51
21,81
22,75
22,23
22,49
22,42
22,55
22,34
23,38
23,88
24,86
24,52
25,41
25,64
25,34
26,49
26,68
26,76
26,66
26,88
27,33
27,32
28,61
30,87
30,41
30,39
30,86
31,63
31,76
31,56
31,49
31,45
31,36
32,33
32,82
33,81
33,65
33,55
33,37
34,58
34,87
34,42
34,57
35,51
36,85
37,47
37,70
37,43
37,53
38,41
38,40
38,89
38,74
38,44
38,43
39,55
39,49
39,79
39,65
40,42
41,50
42,44
42,83
42,78
43,87
47,56
47,81
47,69
47,65
47,84
49,86
49,80
49,59
49,69
50,67
50,61
50,87
52,82
52,80
53,87
54,79
54,75
55,81
56,58
56,74
56,81
56,70
57,77
57,89
57,73
59,66
60,65
60,81
61,74
63,72
63,83
64,73
64,78
65,72
67,74
68,87
69,88
70,84
71,89
71,73
72,82
72,79
72,85
73,77
77,86
77,82
77,88
86,87
