0,28
0,70
0,30
0,20
0,34
0,58
1,18
1,6
1,34
2,38
2,26
2,40
2,83
3,74
3,58
3,4
3,60
3,82
4,67
4,51
4,42
4,33
4,7
4,20
4,16
5,21
5,26
5,70
5,29
6,64
6,79
6,43
6,12
6,59
7,19
7,76
8,33
8,55
8,67
9,15
9,83
9,65
10,36
10,78
10,72
11,18
11,32
12,51
12,42
13,43
13,65
15,77
15,47
16,45
16,21
17,54
17,47
17,45
17,25
17,55
17,56
17,63
17,78
18,54
18,77
18,46
19,32
19,66
19,82
20,38
20,56
20,26
21,78
21,30
21,47
21,39
22,54
23,41
23,37
23,75
23,72
23,42
25,75
25,72
25,36
27,62
28,51
28,63
29,46
29,74
30,57
30,73
31,53
32,83
32,40
34,70
34,47
34,58
34,43
34,39
34,42
35,70
35,59
35,71
37,64
37,71
38,44
38,49
39,50
39,82
39,80
40,50
40,60
41,49
41,52
41,62
41,45
42,76
42,50
43,66
45,47
46,75
46,73
47,61
47,79
48,81
48,60
52,73
52,55
54,56
55,60
55,67
55,75
56,77
57,63
59,76
63,84
64,83
66,84
66,73
67,82
67,84
68,72
69,82
69,73
70,79
73,80
75,83
76,77
80,82
