0,39
0,4
0,3
0,23
0,27
0,17
1,40
1,27
1,10
1,14
1,19
1,15
1,3
2,7
2,11
2,10
2,18
2,23
2,39
2,5
2,21
2,38
2,25
3,5
3,44
3,35
4,7
4,15
4,38
4,16
4,34
4,13
4,24
4,30
4,26
4,8
5,28
5,23
5,30
6,27
6,19
8,15
8,14
8,40
8,17
8,12
8,37
9,20
9,10
9,19
10,34
10,43
10,15
10,41
11,27
11,38
11,30
11,17
12,39
12,34
12,33
13,43
13,38
13,20
13,34
13,22
14,25
14,33
15,25
16,18
16,43
16,44
16,28
17,34
17,32
18,23
18,24
18,28
18,30
19,31
19,36
19,38
19,35
20,42
20,40
20,30
20,37
20,27
21,41
21,39
21,43
22,40
22,41
22,31
23,26
23,40
23,43
24,26
25,37
25,43
25,33
25,34
25,39
27,28
27,29
27,43
28,40
28,29
30,38
31,44
31,40
32,42
34,41
34,42
34,37
35,37
35,38
36,44
