0,27
0,25
1,69
1,26
2,73
4,69
4,12
4,13
5,28
5,61
5,44
6,41
6,17
6,18
6,38
6,13
6,53
7,10
7,72
9,28
10,65
10,55
11,25
12,66
12,55
13,37
13,35
13,50
13,58
14,51
15,57
16,26
16,56
17,60
18,46
19,32
19,73
19,38
19,72
20,49
20,66
20,73
20,60
22,29
23,72
23,57
25,33
26,40
26,49
27,44
27,31
27,50
29,74
29,64
30,32
31,74
31,64
32,64
32,43
32,51
32,61
32,70
33,49
34,61
34,47
37,42
37,52
39,73
40,68
41,74
41,62
43,69
43,61
44,52
44,57
45,67
45,56
46,67
46,69
47,68
50,59
50,70
50,65
51,59
51,58
52,61
55,65
55,74
55,62
55,63
59,63
70,71
