0,56
0,2
0,66
2,6
3,34
4,62
4,11
4,74
4,41
5,73
5,57
5,12
5,35
5,30
5,83
5,38
6,65
6,86
6,15
6,53
6,77
7,52
7,83
7,76
7,12
7,70
8,77
9,23
10,57
12,61
12,89
12,48
12,46
13,28
13,37
13,67
14,63
14,78
14,67
14,54
15,50
16,78
17,19
18,50
18,24
18,67
19,50
19,28
19,42
19,48
21,51
21,73
21,33
21,76
22,45
22,78
22,54
23,73
23,31
23,76
24,84
24,64
25,53
25,36
25,60
26,34
26,82
26,27
26,59
26,39
27,81
27,57
27,42
27,55
28,30
28,53
28,31
29,75
29,82
30,66
30,45
30,53
31,37
32,58
33,75
33,87
33,37
36,83
36,61
37,84
37,89
37,78
38,77
38,46
38,89
39,54
39,86
41,81
43,58
47,52
48,74
49,58
49,71
50,85
51,62
52,64
53,82
55,75
58,86
58,59
59,69
60,61
61,66
63,71
63,78
63,86
64,83
64,82
65,81
66,77
66,82
68,70
68,72
72,81
78,82
79,83
85,89
