0,16
0,30
0,75
0,28
1,18
1,46
2,19
2,61
2,35
4,51
4,27
4,67
4,20
4,33
6,63
6,58
7,34
7,63
7,78
7,38
9,77
9,30
9,79
10,49
10,58
12,61
12,24
12,43
13,21
13,34
13,47
13,72
14,30
14,29
15,17
16,73
16,65
16,78
18,66
18,75
18,61
18,58
19,27
19,32
19,74
20,38
20,63
20,41
21,52
21,66
22,23
22,63
22,41
23,72
23,27
24,38
25,26
25,57
26,29
26,49
26,62
27,53
28,56
28,52
28,78
29,32
29,41
29,56
29,45
30,69
30,75
31,48
32,70
32,45
33,52
34,64
35,63
35,53
36,57
37,53
37,40
37,52
38,69
38,52
38,49
38,75
38,40
39,68
39,77
40,52
41,47
42,67
44,53
46,50
47,61
49,75
51,61
52,68
52,60
54,71
55,60
56,76
56,78
56,63
57,73
59,68
61,78
62,67
62,68
63,68
63,75
65,70
71,72
