0,15
0,50
0,64
1,69
2,45
2,71
3,50
3,17
3,78
4,51
5,42
5,45
5,48
6,61
7,77
8,30
9,18
9,43
9,42
9,78
10,27
10,31
11,65
11,57
11,52
11,27
12,72
12,48
12,15
13,24
13,26
13,16
14,56
15,82
15,41
15,17
16,30
16,48
16,26
17,57
17,21
17,70
18,54
19,50
19,24
20,37
21,70
23,56
23,53
24,58
25,65
25,29
27,77
27,32
27,69
30,46
30,80
33,50
34,83
35,77
35,49
36,77
36,55
37,70
39,66
40,42
40,53
42,65
45,82
45,64
46,72
47,75
51,62
51,80
52,58
54,64
59,61
60,73
65,80
69,79
69,78
69,83
71,80
73,82
76,79
76,83
77,78
