0,13
1,29
1,46
1,77
1,12
2,33
2,17
3,72
3,75
3,31
3,58
3,45
4,57
5,65
6,25
6,43
6,52
6,7
6,67
7,26
7,78
7,57
7,74
8,38
8,44
8,25
9,66
10,63
10,61
10,49
11,53
12,64
12,76
12,65
12,68
13,47
13,39
13,15
14,24
14,52
15,56
15,43
16,40
16,38
16,59
17,75
17,32
17,21
17,30
18,43
18,23
18,61
19,21
19,36
20,66
22,31
22,54
22,66
24,25
24,45
24,79
25,64
25,48
25,54
25,65
26,66
26,61
27,77
27,31
28,49
32,67
32,55
33,41
33,76
34,78
35,52
35,54
35,38
35,74
35,49
37,42
37,76
38,39
38,77
40,77
41,52
42,46
43,59
43,75
43,76
45,67
45,48
46,72
47,62
47,65
48,59
50,77
51,67
52,64
53,72
55,63
57,75
57,61
62,74
64,79
73,79
75,79
