0,67
0,74
0,29
0,72
1,48
1,42
2,55
3,8
3,5
4,67
4,23
4,68
4,81
5,28
5,67
6,29
6,54
6,75
7,10
7,54
7,51
8,18
8,84
8,19
10,46
10,56
10,13
11,67
11,57
12,53
12,18
12,17
13,29
13,76
14,23
15,16
15,64
16,72
16,52
16,59
16,84
16,18
17,49
17,20
18,48
18,19
19,61
19,45
20,45
21,45
21,69
22,72
23,67
23,43
23,34
24,74
24,30
24,31
24,33
25,42
25,43
25,46
26,60
26,44
27,70
27,43
27,64
28,54
28,66
28,62
29,81
30,55
31,82
31,66
31,68
31,41
32,43
34,60
35,65
37,64
40,49
41,59
43,67
44,71
45,75
46,53
49,62
50,53
50,57
52,64
53,71
54,74
54,57
56,84
56,76
56,63
56,73
58,60
60,83
60,64
60,84
63,77
63,69
68,69
70,73
70,82
71,75
71,79
73,81
