0,68
0,77
1,18
2,28
2,38
2,93
2,19
2,18
2,70
2,25
3,30
3,19
4,38
5,59
5,31
6,57
6,11
7,29
7,26
7,41
8,23
9,31
9,45
9,39
9,12
10,54
10,16
10,79
11,78
11,33
12,85
13,50
14,88
14,55
14,33
14,65
15,53
16,91
18,78
19,36
19,23
20,29
22,72
23,59
25,64
25,78
26,87
26,37
26,93
26,94
27,80
27,82
30,68
31,87
31,56
32,81
33,64
34,78
34,93
34,91
35,81
35,72
36,51
37,54
38,45
39,59
40,88
41,82
41,70
41,50
41,57
41,68
42,55
45,93
46,83
48,58
48,90
50,51
50,80
50,94
53,92
53,93
53,89
53,82
54,56
54,63
55,93
57,77
57,69
58,68
61,67
62,91
62,82
66,94
69,74
71,94
75,82
77,89
