0,62
0,31
0,33
1,27
1,87
1,31
2,59
2,60
2,85
2,16
4,78
5,82
5,21
6,23
6,66
7,42
7,28
8,54
8,21
10,46
10,28
11,60
11,16
11,63
11,24
12,84
13,54
13,57
16,84
17,66
19,25
19,31
20,30
20,85
21,51
21,92
21,74
22,91
22,78
22,71
22,59
23,80
23,82
24,48
25,37
25,42
26,44
27,80
27,44
28,31
28,53
28,75
29,49
30,82
30,39
30,76
30,32
31,87
32,36
33,78
35,94
35,36
36,50
36,88
37,68
38,43
39,75
39,68
40,43
41,91
41,79
41,47
42,62
42,65
43,58
44,47
44,70
49,83
49,57
50,52
50,82
50,68
52,57
53,59
53,87
55,73
56,88
56,86
56,62
56,91
57,93
57,77
59,78
62,74
64,83
64,76
64,94
65,92
66,81
66,90
67,82
67,80
67,93
68,81
72,85
73,88
73,81
74,78
75,84
76,83
77,81
83,94
84,88
84,90
84,85
84,94
