0,57
0,53
1,29
1,16
1,55
2,37
2,57
2,30
2,59
3,27
3,51
3,28
3,13
3,22
3,6
4,23
4,15
4,30
4,42
5,53
5,10
5,7
5,40
5,52
6,19
6,20
7,8
7,15
7,13
7,42
8,35
8,17
8,36
8,44
8,43
9,33
9,55
10,59
10,50
10,13
10,48
11,23
11,40
13,59
13,34
13,23
13,53
13,57
13,50
13,48
14,25
15,17
15,36
15,45
16,59
16,42
16,39
16,17
16,28
17,31
18,30
18,33
19,43
19,52
19,20
20,41
20,51
21,25
21,37
21,39
22,56
23,43
24,32
24,25
24,55
24,36
25,47
25,29
26,31
27,57
27,29
27,30
28,31
28,34
29,32
29,42
29,44
30,45
30,56
30,42
31,53
31,36
31,34
32,42
32,51
33,49
33,55
33,52
34,57
34,41
35,56
37,39
38,45
38,52
39,42
41,48
42,54
43,47
44,53
45,50
45,59
46,49
47,56
49,58
51,57
51,58
54,55
