0,22
0,48
0,62
1,19
1,20
2,64
2,37
2,38
3,26
3,17
4,30
4,33
5,20
6,18
6,9
6,55
7,45
8,61
8,15
8,23
8,59
9,10
10,38
10,51
10,12
11,35
11,20
11,13
12,56
12,33
12,36
13,40
13,39
13,16
13,24
14,58
14,22
15,69
16,22
16,30
17,33
17,54
17,57
17,31
17,65
18,50
18,54
18,32
18,69
18,23
19,30
20,30
21,38
21,34
22,24
23,61
23,38
23,51
23,69
24,67
24,35
25,58
25,61
25,69
27,65
27,50
29,61
29,57
30,34
30,40
32,61
32,49
32,41
34,60
37,65
39,52
40,53
41,54
41,63
42,68
43,58
43,46
44,66
45,50
45,47
52,61
53,60
54,69
55,62
55,63
62,63
