1,11
1,64
1,79
1,12
1,66
1,71
2,97
2,27
2,52
3,19
3,39
3,18
4,26
5,81
5,97
7,89
7,45
8,60
8,88
8,54
9,15
10,42
11,87
11,94
12,61
13,81
13,18
13,39
14,51
15,31
15,16
15,93
16,99
18,29
19,90
19,97
19,84
20,31
21,57
21,49
21,47
21,71
21,40
21,35
22,49
22,40
22,59
23,92
23,58
23,63
24,88
25,41
25,86
26,27
26,89
27,97
27,34
27,33
27,37
28,60
31,34
31,41
32,81
32,46
35,43
36,78
36,38
36,51
36,44
37,55
39,47
40,83
40,99
40,96
41,63
41,66
41,64
41,75
41,90
42,74
42,61
43,47
43,55
45,79
49,58
51,91
52,59
52,77
54,72
54,81
54,71
56,97
58,63
63,80
63,66
64,84
65,76
66,94
67,98
68,75
68,99
69,71
69,78
69,83
69,82
71,84
72,86
73,75
74,85
75,88
75,81
81,99
81,92
82,92
