0,52
0,28
0,46
0,18
0,31
1,58
1,20
1,50
1,25
1,19
2,51
2,13
2,25
2,4
2,38
3,53
3,55
3,15
3,52
4,7
4,10
4,30
4,33
4,11
5,48
5,22
5,14
5,44
6,14
6,35
6,20
6,52
7,43
7,23
7,41
7,18
8,42
8,30
8,55
8,54
8,20
9,33
9,48
9,49
10,59
10,40
10,36
10,27
10,18
10,23
10,17
11,43
11,33
11,57
12,44
12,46
13,22
13,24
13,14
13,43
14,43
14,30
14,31
14,52
15,52
15,18
15,27
15,50
15,20
15,40
15,48
16,52
16,32
16,27
17,19
17,55
17,46
17,31
17,58
18,45
18,56
18,30
18,33
18,41
18,20
19,23
20,42
20,34
22,59
22,58
22,51
23,33
23,50
23,39
23,56
23,30
24,26
24,31
24,48
25,46
25,50
25,56
26,39
26,31
27,57
27,32
27,55
28,49
28,43
28,45
29,55
29,58
29,45
29,49
29,36
29,54
30,44
30,32
31,37
32,37
32,35
32,58
32,45
32,48
33,34
33,38
33,41
34,49
34,54
34,43
35,57
37,55
37,45
37,59
37,49
38,54
39,49
39,53
41,51
41,44
41,56
41,53
41,45
42,57
42,44
43,58
44,49
44,48
51,59
