0,16
1,54
6,27
7,32
8,29
9,76
9,11
9,23
9,48
9,18
10,68
10,54
11,67
11,30
11,50
13,48
13,41
14,73
14,54
14,69
15,68
15,43
15,21
16,19
17,27
17,25
17,49
18,79
18,63
18,59
18,36
19,27
20,23
20,35
21,22
22,53
23,46
23,37
24,47
24,39
25,57
28,72
29,53
30,62
31,65
31,42
31,55
31,76
32,62
33,50
34,54
34,62
34,45
34,56
35,37
35,47
36,68
37,77
38,54
38,77
38,61
39,66
39,59
40,72
40,67
41,60
41,70
42,55
43,45
44,62
46,55
46,61
49,64
50,79
51,63
51,56
51,60
52,73
54,62
55,76
57,73
57,76
61,69
62,66
62,78
66,67
72,74
