0,69
0,65
0,32
0,3
0,52
0,70
0,44
1,58
1,19
1,45
1,54
1,53
2,78
3,32
4,75
4,37
4,47
5,11
5,48
5,20
5,44
5,43
6,75
7,76
7,50
7,49
7,39
8,22
8,16
8,80
8,18
8,84
9,31
9,56
10,38
10,25
11,52
11,63
11,75
12,30
12,60
12,48
12,81
13,68
13,75
13,45
13,81
13,69
14,47
14,31
14,61
15,84
17,53
17,31
17,23
18,50
18,67
18,84
19,36
19,51
19,67
20,25
20,63
21,50
22,30
22,72
22,50
22,39
26,42
26,52
29,81
29,42
30,34
30,40
31,34
31,82
31,71
31,36
31,69
31,62
32,81
32,65
32,68
32,49
32,45
33,47
34,38
34,39
35,82
35,49
35,72
36,49
36,82
37,77
37,57
39,49
39,59
39,65
40,60
40,59
41,80
42,60
43,75
43,84
43,48
43,69
43,44
45,52
46,70
46,74
48,77
48,74
50,55
51,81
52,82
52,75
52,76
55,69
56,74
58,67
61,73
63,77
63,72
65,67
68,76
68,69
70,75
70,78
71,73
78,83
79,84
