0,72
1,93
1,60
1,10
1,6
2,77
2,74
2,62
2,80
3,4
3,56
3,29
3,28
4,14
4,66
5,55
5,12
5,88
6,56
6,73
6,18
6,11
7,23
7,79
7,54
8,28
10,36
10,79
10,41
11,48
11,62
13,29
14,67
14,40
14,71
15,79
15,95
16,38
16,43
17,88
17,91
18,45
18,27
18,74
18,19
19,68
19,59
20,22
20,54
20,28
21,77
21,79
21,24
21,43
23,84
23,24
23,34
24,29
24,86
24,72
25,99
25,82
25,42
26,41
26,73
27,50
28,94
28,43
30,85
30,76
30,32
31,92
31,54
32,44
33,84
33,47
33,38
33,66
34,38
34,54
34,74
34,84
35,61
36,85
36,61
37,38
37,98
39,44
39,64
39,57
41,72
41,42
42,71
42,61
43,59
44,47
44,67
46,54
46,89
47,51
47,71
48,77
48,82
49,74
51,67
53,99
54,60
54,76
54,58
56,57
57,58
57,95
58,98
61,88
62,92
62,77
63,97
65,91
68,90
68,92
69,92
71,87
73,80
74,92
78,94
78,97
82,92
88,97
93,98
