0,21
0,37
0,14
1,8
1,49
1,60
1,31
1,45
2,36
2,29
2,42
2,35
3,6
3,22
3,58
3,44
3,5
4,20
5,38
5,54
5,26
5,18
6,54
6,11
7,30
7,35
7,31
8,12
8,53
8,48
8,46
8,34
9,22
9,42
9,46
9,15
9,36
10,61
10,31
10,29
10,49
11,12
12,64
12,41
12,57
12,49
12,39
13,64
14,40
14,28
14,51
15,21
15,16
16,35
17,19
17,54
17,57
18,54
19,28
19,34
19,37
20,40
20,35
20,22
21,44
21,50
22,46
22,29
22,28
23,31
24,55
24,42
25,48
25,28
26,54
26,29
27,53
28,49
28,33
28,46
28,38
28,34
29,62
29,32
30,64
30,48
30,52
30,57
31,48
32,50
32,42
33,36
36,55
39,58
39,45
39,59
40,47
40,41
41,51
42,47
43,45
44,50
46,64
48,56
49,64
52,55
52,59
52,64
56,59
60,62
