0,10
0,3
0,25
1,88
1,29
1,95
1,36
2,68
2,60
2,37
3,95
3,20
4,47
4,43
4,13
5,68
6,60
8,62
8,45
8,88
9,84
9,50
9,22
10,99
10,46
10,84
10,64
10,13
12,22
12,31
13,28
13,31
14,87
14,65
15,63
15,36
15,78
16,24
16,50
17,96
17,82
17,77
18,32
18,43
18,88
18,85
19,45
19,46
20,32
22,47
22,80
25,99
25,61
26,59
26,99
26,36
27,46
28,33
29,85
29,77
29,50
30,81
31,79
33,96
33,50
33,78
34,36
34,79
35,51
35,45
35,47
37,92
37,83
39,47
39,57
40,85
41,71
41,69
41,65
41,62
42,53
44,65
45,56
46,74
46,68
47,94
47,79
47,99
48,96
48,54
48,78
48,94
50,65
50,62
51,69
53,84
53,64
53,97
54,69
54,93
55,61
56,96
56,62
56,59
57,97
57,74
58,85
58,79
60,61
61,75
61,86
62,78
63,79
67,85
67,97
69,82
72,99
76,92
76,88
78,86
78,99
79,91
79,84
81,87
