1,55
1,35
1,66
2,40
2,60
2,49
3,12
4,34
4,45
6,63
6,9
7,68
7,66
8,25
8,32
8,23
8,10
9,29
9,78
10,50
11,69
11,29
13,52
13,36
14,73
14,39
14,29
14,20
15,34
15,78
16,48
16,29
17,54
17,78
17,77
17,30
17,65
18,34
18,78
18,59
19,41
19,47
19,21
20,68
20,56
20,64
20,49
22,52
22,47
23,57
23,26
24,62
24,46
24,25
25,54
25,70
25,32
25,41
26,77
27,41
28,42
28,47
29,52
30,58
31,45
32,66
32,59
33,58
33,39
33,75
34,73
34,71
35,79
36,75
37,47
39,52
40,57
41,71
41,79
41,51
41,66
42,79
42,47
43,53
45,78
47,71
47,68
49,59
49,51
53,60
54,58
60,64
61,76
62,63
64,66
70,78
70,77
70,73
