0,22
0,34
0,61
1,64
1,72
1,47
1,48
2,13
2,11
2,50
3,25
3,55
4,71
4,43
5,40
6,52
7,78
7,46
8,20
8,22
9,63
9,40
9,57
11,73
12,36
12,33
13,28
14,26
15,29
15,20
15,64
17,22
17,49
18,57
18,48
18,65
19,34
19,65
20,74
20,55
21,59
21,56
21,27
22,55
22,30
23,31
23,73
23,66
24,49
24,53
24,69
25,31
25,26
25,28
27,47
28,49
28,45
28,59
29,30
30,75
31,50
31,58
32,64
32,43
32,37
32,55
33,35
33,37
34,54
34,50
36,40
38,64
38,71
38,50
38,53
39,64
39,46
44,65
44,47
45,53
48,77
49,65
51,75
56,77
58,62
59,65
60,69
61,77
64,66
64,72
65,71
66,79
