0,38
0,72
0,76
1,47
1,21
1,67
1,22
2,54
2,33
2,28
3,75
4,19
5,42
5,23
6,83
6,55
7,53
8,18
8,46
8,11
8,26
8,49
10,51
10,18
10,78
10,12
11,30
11,18
11,21
11,76
12,55
12,61
12,15
12,58
12,44
13,48
13,50
13,23
13,18
14,72
14,68
15,73
15,83
16,17
16,63
16,22
17,69
17,56
17,25
18,68
19,59
20,21
22,24
22,66
22,70
22,80
22,28
22,27
23,70
23,38
23,62
24,78
24,27
25,84
25,59
26,67
26,48
26,81
27,76
27,34
27,64
27,56
27,62
29,64
29,80
30,73
32,70
32,46
33,51
33,45
33,61
33,53
33,54
35,36
36,39
37,42
37,47
38,83
40,66
41,61
41,63
42,82
43,55
45,68
45,47
46,74
46,70
46,84
46,66
49,74
49,73
51,80
52,65
52,84
53,59
53,55
55,79
55,82
57,62
57,76
57,65
58,81
59,60
60,74
62,84
63,65
64,77
65,78
65,70
68,82
68,73
69,71
69,70
70,73
72,80
73,78
