0,59
0,61
0,58
0,28
0,35
0,45
0,11
0,36
0,37
1,4
1,58
1,54
2,55
2,42
2,44
2,9
3,12
3,43
3,23
3,13
3,8
3,63
3,33
4,53
4,57
4,12
4,34
4,5
4,43
4,60
5,39
5,54
5,47
6,9
6,27
6,10
6,33
8,23
8,32
8,38
8,48
8,12
9,32
9,61
9,28
9,43
9,11
10,57
10,55
10,44
10,60
10,23
11,35
11,56
11,40
11,55
11,42
11,18
11,17
12,56
12,63
13,62
13,49
13,44
14,33
14,29
15,55
15,53
15,30
15,56
16,24
16,63
16,36
16,42
17,41
17,26
17,37
17,54
18,48
18,24
19,54
19,49
19,20
19,42
20,40
20,42
21,43
21,31
21,50
21,22
22,37
22,55
22,33
23,60
24,59
24,26
24,32
25,39
25,32
25,36
25,58
26,35
27,51
28,44
28,45
28,63
29,51
29,46
29,38
29,42
30,43
31,63
32,51
32,56
32,40
34,41
34,45
35,62
35,45
35,44
36,52
36,41
36,39
37,42
37,56
38,52
38,59
38,45
38,48
38,47
39,43
40,46
41,61
41,60
42,58
42,52
42,50
43,45
43,52
43,62
44,47
44,50
44,52
45,57
47,53
47,63
48,51
50,56
52,57
54,56
55,56
56,58
57,61
57,64
60,62
61,62
63,64
