0,53
0,14
0,15
0,5
1,51
1,74
1,69
1,53
2,6
2,12
3,4
3,12
4,64
4,60
5,15
5,51
5,77
5,67
6,53
6,11
6,14
6,76
6,54
7,63
8,42
8,25
9,40
9,62
9,13
9,73
10,16
11,27
12,44
12,75
12,48
13,16
13,39
13,69
14,41
14,17
14,58
14,59
15,66
16,63
16,76
17,71
17,51
17,79
19,59
19,36
19,79
20,24
21,57
23,74
23,26
23,33
24,55
25,74
26,47
26,71
28,71
29,67
31,39
31,59
31,45
31,61
32,60
32,61
33,73
33,39
34,42
34,45
35,58
35,39
35,64
37,64
38,67
39,43
39,62
39,50
40,63
40,51
41,60
42,57
44,62
46,66
46,50
46,70
47,49
49,50
49,75
51,78
51,63
51,70
52,61
52,68
53,65
53,60
56,62
56,64
56,78
57,78
58,79
58,64
63,71
64,74
66,68
67,71
67,76
72,79
72,78
73,79
