0,34
1,13
1,15
2,55
2,64
2,59
3,67
3,28
3,27
4,46
5,16
5,30
6,49
8,43
8,10
8,54
8,76
9,48
9,59
9,36
9,78
10,29
10,16
10,64
10,69
11,72
11,55
12,23
12,62
12,19
12,33
13,48
14,74
14,59
14,65
14,30
15,31
15,74
15,26
15,64
15,29
16,59
16,55
16,47
16,33
16,42
17,48
17,34
17,72
18,40
19,46
19,51
19,55
20,72
21,61
22,48
22,34
22,69
23,52
23,26
24,26
24,29
25,56
25,60
25,29
26,68
26,67
27,79
28,55
28,48
28,70
30,46
30,34
33,56
34,55
34,79
34,56
34,73
36,50
36,59
36,45
36,61
37,66
37,50
37,47
38,44
39,55
40,47
42,56
42,57
42,73
44,71
44,70
45,53
45,59
46,49
46,64
47,52
49,65
50,68
52,66
52,56
53,66
54,55
54,73
54,77
55,73
56,73
58,69
59,78
63,67
64,74
73,76
75,79
