0,15
0,35
0,12
0,48
1,17
1,40
1,4
1,12
2,25
2,3
2,32
3,49
3,4
3,41
4,45
4,38
4,16
4,14
4,10
5,41
5,49
5,24
5,35
6,42
6,9
6,13
6,24
7,38
7,18
8,39
8,31
8,13
8,9
9,48
9,40
9,37
9,22
9,39
9,28
9,27
9,18
9,45
10,22
10,29
11,40
11,17
11,37
11,36
11,13
11,42
11,41
11,29
12,48
12,40
13,39
13,29
13,33
14,39
14,25
16,31
16,46
17,46
17,47
18,43
19,28
19,26
20,35
20,26
20,48
20,29
22,47
22,39
22,34
22,23
22,29
25,44
26,28
28,33
28,32
29,35
29,43
30,36
30,32
30,41
30,31
31,48
32,49
33,34
33,43
34,37
35,43
36,42
37,41
38,47
40,42
40,44
41,44
