0,43
0,46
2,65
2,77
2,44
2,46
3,11
3,24
4,38
4,42
4,30
6,55
6,26
6,72
6,22
7,12
7,58
7,24
7,71
8,36
8,74
9,40
9,21
9,38
9,48
10,71
10,41
10,55
11,63
11,79
11,25
11,42
12,18
12,54
13,47
13,70
13,62
14,19
14,43
16,52
16,47
16,42
17,63
17,68
17,50
17,18
17,20
18,23
18,20
18,36
19,50
19,72
20,54
20,61
20,78
20,44
21,71
21,59
21,52
21,55
22,34
22,60
22,71
22,38
23,46
24,78
25,46
26,54
26,31
26,64
27,72
28,33
28,40
30,77
32,77
33,65
33,36
33,62
33,69
33,53
34,84
34,66
34,53
35,46
35,83
36,62
37,48
38,84
39,62
40,48
40,74
41,58
41,56
41,52
42,82
42,78
44,52
45,74
48,66
48,69
49,52
49,55
49,69
50,62
51,56
52,61
52,74
53,65
54,71
58,72
59,65
64,69
67,75
70,78
73,82
