0,7
2,59
2,6
2,40
2,33
3,33
4,73
4,17
6,68
6,81
7,33
7,27
7,77
8,42
8,89
8,45
8,51
8,76
9,71
9,13
10,82
10,85
10,80
11,29
11,56
12,84
13,81
13,43
14,52
14,15
14,88
15,47
15,23
15,27
16,76
16,58
16,67
17,65
17,22
17,79
18,50
18,73
18,72
20,57
20,70
21,81
21,84
22,87
22,64
22,63
22,80
24,54
24,68
24,57
24,82
24,73
25,79
25,28
25,58
26,43
26,59
26,37
27,58
27,31
27,76
28,52
28,63
28,50
29,81
29,33
30,57
30,33
31,74
32,42
32,85
32,67
33,51
33,89
33,59
35,67
35,82
35,83
36,50
36,58
39,40
39,50
40,46
42,75
42,77
43,83
44,83
45,83
45,57
46,80
47,58
48,88
48,83
48,55
49,70
50,87
51,57
53,57
54,83
56,68
56,63
57,58
60,69
61,71
62,68
62,83
63,73
64,77
67,88
67,87
70,88
71,75
72,86
74,87
