0,13
0,8
2,30
3,56
3,6
4,53
4,76
4,64
4,62
4,37
5,79
5,75
5,63
5,61
7,77
7,53
8,10
8,48
8,27
9,32
9,19
10,43
10,24
10,77
10,78
11,42
11,73
11,44
11,16
11,48
11,60
12,54
12,45
12,16
13,17
13,68
13,36
14,17
14,43
14,18
15,28
15,68
15,41
16,61
17,75
17,47
20,24
21,22
21,77
22,42
23,34
23,71
23,35
25,32
25,43
26,70
29,60
30,32
31,61
31,32
33,58
34,73
34,62
34,65
35,64
35,37
35,49
36,57
36,58
36,77
37,49
38,49
40,78
41,60
43,46
44,73
46,67
47,58
52,79
53,77
53,73
54,60
56,72
57,58
59,60
59,79
64,74
69,71
