0,55
0,64
0,27
0,13
1,35
2,16
2,54
3,38
4,44
4,16
5,25
5,37
6,38
6,48
6,62
6,53
6,31
6,39
7,41
7,9
8,56
9,54
9,41
9,61
10,37
10,50
10,18
11,44
12,20
12,45
12,64
12,32
13,34
13,36
14,50
14,42
14,62
14,20
14,17
15,25
15,17
15,24
16,20
17,59
19,44
19,32
19,54
19,51
19,57
21,27
21,24
22,25
22,46
23,37
23,53
24,32
24,33
26,46
26,29
26,60
27,37
28,55
28,49
29,47
29,55
29,33
30,47
31,64
31,59
32,51
32,33
34,53
35,49
35,39
36,61
36,63
40,62
41,50
42,58
42,57
43,53
43,63
44,51
44,60
45,46
47,57
49,53
51,59
52,62
55,58
56,61
59,60
