0,60
0,28
1,61
1,56
2,53
2,54
2,36
2,62
2,64
2,43
2,28
4,58
4,24
4,45
4,53
4,48
4,49
5,39
5,18
5,74
6,17
6,70
6,50
7,37
8,10
8,34
9,69
9,44
9,56
9,65
9,36
9,26
10,53
10,13
10,33
10,45
10,49
11,50
11,42
12,41
12,45
12,55
13,35
13,21
14,60
14,21
14,45
14,51
15,55
15,59
15,66
16,52
16,22
17,27
17,55
18,58
18,19
19,64
19,58
19,26
20,42
20,70
21,70
21,59
21,72
21,74
21,56
22,38
22,69
22,46
22,50
22,43
23,74
23,44
23,68
23,65
23,53
24,48
25,40
25,47
25,65
26,35
26,78
26,46
26,43
26,60
27,73
28,51
28,57
28,79
29,72
29,38
29,58
30,60
30,33
30,32
30,63
30,76
30,78
31,40
31,49
31,73
31,44
32,36
32,79
33,73
33,46
35,60
35,57
36,60
36,57
36,50
37,77
37,38
37,71
37,59
38,61
39,78
39,45
40,44
41,73
42,64
42,66
44,57
44,72
44,60
44,71
45,74
46,58
47,48
48,68
48,73
49,51
50,74
51,58
53,61
54,57
55,66
55,69
55,57
57,63
57,61
58,60
58,79
59,76
61,71
61,62
63,75
66,73
67,75
70,76
71,72
72,73
73,79
