0,23
0,33
0,26
1,42
1,68
1,36
1,49
1,84
1,26
2,31
2,55
2,53
2,4
3,16
3,39
3,73
4,38
4,75
4,36
4,84
6,17
7,47
7,50
7,75
7,67
8,21
8,25
9,10
10,14
10,42
11,29
11,74
12,65
12,23
13,54
13,30
13,44
14,54
15,57
16,60
17,64
17,82
18,58
18,82
18,45
19,52
19,21
20,72
21,82
21,79
21,49
22,33
22,57
24,82
24,51
25,61
25,72
26,54
26,76
27,36
27,63
27,70
28,36
28,43
29,59
30,50
31,72
31,65
32,45
32,48
33,60
33,58
33,80
34,65
34,84
35,48
35,46
36,40
36,57
37,55
37,61
37,41
38,66
39,43
40,64
40,67
40,70
41,76
41,80
42,70
43,63
43,83
45,58
45,76
47,73
48,50
49,83
50,77
50,60
50,69
53,55
54,56
59,76
60,65
61,63
63,83
64,72
67,82
68,75
71,79
73,79
74,81
