0,81
0,42
0,70
1,18
1,24
1,14
2,16
3,16
3,17
3,19
4,89
4,83
5,61
5,81
5,49
5,67
6,32
7,26
8,82
8,43
8,47
9,43
9,20
10,84
10,93
10,40
10,85
10,78
10,51
11,81
11,28
11,26
11,77
12,78
12,36
12,40
13,55
13,64
14,39
14,66
14,57
14,63
16,71
16,38
17,26
17,67
18,63
18,32
19,48
19,94
19,32
20,21
20,74
20,46
20,32
20,33
20,82
21,79
21,28
21,72
21,69
21,88
22,92
22,59
22,40
23,31
23,72
24,35
25,44
26,90
27,91
27,92
27,39
27,90
28,74
28,73
29,73
29,74
29,77
29,52
30,49
30,93
31,70
32,38
32,34
33,79
33,54
36,58
36,60
37,49
38,82
38,84
39,85
39,43
39,83
40,78
41,43
41,55
43,89
44,55
44,71
47,48
49,53
50,78
50,76
51,75
51,70
52,67
52,85
53,69
54,81
54,69
55,73
55,61
57,68
58,61
58,74
59,78
60,64
61,74
64,72
65,89
67,83
69,72
70,93
71,76
73,92
73,82
73,86
74,88
75,85
75,88
76,87
76,89
77,92
80,89
80,88
88,93
89,92
90,94
