0,5
0,47
0,2
0,25
1,2
1,37
1,61
1,34
1,28
2,57
2,61
2,15
2,35
3,36
3,61
3,55
4,29
4,51
4,32
5,23
5,27
5,41
5,21
6,63
6,30
6,64
6,46
6,23
7,13
7,45
7,48
7,19
8,39
8,24
8,11
8,40
8,26
8,44
9,50
9,49
10,15
10,46
10,44
10,14
11,55
11,26
11,15
11,19
11,49
11,51
12,40
13,64
13,46
13,42
13,14
14,43
14,31
14,64
14,63
15,56
15,21
16,30
16,53
16,44
16,34
16,17
17,28
17,22
18,38
19,46
20,31
20,46
21,39
21,64
21,52
22,45
22,55
22,49
22,23
23,38
23,56
23,53
23,62
24,50
24,60
24,48
24,46
24,45
24,56
24,35
25,32
25,53
25,47
26,57
26,49
27,48
27,62
27,34
27,38
27,50
27,49
28,63
28,45
28,43
28,44
29,46
29,39
30,31
30,50
30,52
31,53
31,40
31,60
31,62
32,38
32,48
32,57
32,53
32,62
32,39
33,37
33,44
33,45
33,47
34,35
35,39
36,62
37,60
39,64
39,58
40,52
40,60
40,62
41,64
41,49
41,59
41,42
42,61
43,58
43,53
43,48
44,54
44,53
44,49
45,58
47,49
49,55
49,63
50,54
50,62
53,61
55,59
56,64
58,61
60,61
