0,32
0,29
0,58
1,5
2,37
2,75
2,72
3,76
3,41
3,68
3,63
4,40
5,47
5,38
5,19
5,83
7,23
7,70
7,58
7,34
7,48
8,31
9,35
9,70
9,80
9,15
10,13
10,24
10,27
11,60
11,12
12,24
12,37
12,61
13,40
13,22
13,64
14,32
14,43
15,68
15,41
16,18
17,39
17,19
18,46
18,89
20,80
21,65
22,28
22,89
23,89
23,44
23,24
24,32
25,63
25,61
25,67
27,86
27,56
28,55
28,54
28,81
28,75
28,45
28,80
28,33
28,34
29,33
30,59
31,73
31,34
31,72
32,34
33,37
36,67
36,54
36,61
37,42
38,81
38,83
39,69
39,62
42,63
42,50
42,70
43,51
43,72
44,70
44,77
44,81
44,78
46,63
47,56
47,66
47,69
48,80
50,55
54,63
58,71
61,72
61,66
61,84
62,66
64,69
66,83
66,85
66,82
66,84
68,88
68,76
69,85
70,88
71,88
73,81
74,83
76,85
