0,2
0,62
1,57
2,43
2,14
2,50
3,43
3,36
3,9
3,12
3,74
4,30
4,40
4,65
5,23
5,37
5,19
5,67
5,73
6,14
6,30
6,33
7,37
7,46
7,61
8,20
8,34
8,21
9,73
9,19
9,12
10,74
11,15
11,65
11,55
12,53
12,38
12,26
13,62
13,74
13,69
13,15
14,25
14,74
16,48
18,48
18,25
18,66
18,64
19,45
20,55
20,29
21,22
21,47
23,65
23,60
24,33
24,64
24,31
24,26
26,42
26,73
27,63
27,57
27,42
28,72
28,45
28,55
28,52
30,38
31,41
32,63
32,48
33,74
35,46
35,44
36,42
37,64
37,67
37,43
37,38
39,43
39,72
40,73
40,57
41,49
42,60
42,52
44,74
46,56
46,66
47,63
47,51
47,60
48,66
50,66
50,70
51,65
51,60
54,62
54,74
54,57
55,68
57,71
57,62
59,70
61,74
61,68
63,73
65,66
69,72
