0,25
0,4
0,21
0,46
1,9
1,86
1,87
1,14
2,9
2,54
2,68
2,31
2,62
2,22
4,13
4,39
5,42
5,6
5,27
5,67
6,72
6,50
7,86
7,48
8,85
8,55
9,21
9,78
9,65
9,32
11,63
11,43
11,17
11,12
12,24
12,53
13,79
13,48
13,59
13,16
14,78
14,44
15,51
15,24
15,30
15,40
16,72
16,41
16,30
17,47
17,39
17,44
17,52
18,66
18,29
19,21
19,44
19,56
20,50
20,66
20,35
20,83
21,35
21,67
23,73
23,49
24,82
25,68
25,43
25,77
25,80
25,70
26,71
26,68
26,47
27,33
28,35
29,61
29,41
31,72
31,71
31,66
32,78
33,40
33,54
33,79
34,45
34,60
35,46
35,81
35,77
37,65
38,40
39,40
39,75
41,48
41,63
42,75
42,83
42,51
43,64
44,57
44,87
44,86
44,56
45,71
46,66
46,69
47,53
48,54
49,62
49,83
50,83
51,72
52,61
52,55
52,88
53,72
55,86
55,71
57,81
57,89
57,87
58,64
58,62
58,70
58,87
60,74
61,74
61,81
62,68
64,67
64,66
65,84
65,74
71,75
71,80
71,77
73,74
74,79
75,87
78,82
78,84
82,85
