0,73
0,32
0,58
1,18
1,64
1,21
1,5
1,22
1,11
2,36
2,16
2,4
2,66
2,27
3,33
3,8
3,25
4,73
4,22
5,48
5,60
5,15
6,56
7,11
7,9
7,36
7,46
7,26
7,10
7,38
7,40
8,47
8,46
9,23
9,57
9,24
9,15
9,38
10,55
10,19
11,60
11,64
11,30
12,28
12,53
14,18
14,35
14,68
15,70
15,59
16,19
17,69
18,41
18,43
18,24
19,23
20,28
20,35
20,74
21,70
22,35
24,74
24,49
24,31
24,73
25,49
25,64
25,56
26,31
27,38
28,53
28,60
28,56
29,67
29,61
30,72
30,41
30,52
31,64
31,35
32,47
33,57
34,50
35,68
37,56
37,73
39,43
40,68
41,58
41,61
42,74
43,53
43,45
44,67
44,51
46,64
48,73
49,74
49,71
50,56
50,70
51,68
51,56
52,65
53,65
53,74
54,69
59,68
61,71
62,66
62,64
