0,69
0,63
1,26
1,64
2,81
2,18
3,56
4,54
4,64
4,53
5,33
7,89
8,17
8,64
8,28
8,25
8,82
9,90
10,93
10,25
11,41
12,34
13,47
13,27
13,37
13,89
13,45
14,73
15,91
16,74
17,45
20,47
21,50
21,29
22,81
22,80
24,75
24,89
24,86
25,79
25,63
25,50
26,53
26,58
26,87
27,85
28,57
28,52
28,89
28,66
28,62
29,52
29,93
31,52
33,35
33,81
33,78
33,39
34,50
34,48
35,72
35,89
35,37
36,64
36,59
38,78
38,50
39,44
39,61
39,51
41,64
41,58
43,58
44,57
47,49
47,48
49,78
49,70
49,80
49,92
51,90
53,61
54,65
54,70
54,79
57,80
57,86
58,79
58,67
58,69
59,73
61,92
61,72
65,82
65,88
65,91
67,94
69,85
70,77
70,86
72,86
75,93
79,82
81,89
82,92
85,86
