0,13
0,45
1,41
1,55
1,4
1,9
1,11
1,25
1,47
2,11
2,21
2,63
3,28
3,55
3,14
4,45
4,46
5,25
5,14
5,60
6,38
7,16
7,48
8,58
8,43
9,23
9,13
9,24
9,68
11,14
11,24
11,68
12,39
12,35
13,61
13,18
13,67
14,64
15,48
15,47
15,41
15,54
16,47
16,29
16,40
16,56
17,40
17,43
18,52
18,19
18,57
19,58
19,43
19,67
19,46
19,21
20,58
20,25
20,65
20,45
21,40
21,26
23,48
24,27
24,67
24,62
24,42
25,47
25,39
25,28
25,51
27,58
28,39
29,52
29,38
29,30
30,45
31,41
31,64
31,57
32,69
33,57
33,43
33,36
35,37
35,39
36,66
36,63
36,69
37,54
38,69
39,58
40,44
43,49
43,48
47,56
47,49
48,67
49,55
50,62
56,61
57,68
58,66
59,68
64,65
