0,28
0,22
1,80
1,47
2,85
2,65
3,77
4,5
4,57
5,39
5,50
5,68
5,63
6,26
6,10
6,25
6,38
6,8
6,46
7,25
8,70
8,50
8,83
9,47
9,70
9,71
9,53
10,19
10,47
11,88
12,80
13,53
13,71
13,64
13,61
14,72
15,61
15,76
15,60
15,35
15,84
16,51
17,86
18,77
19,67
20,79
20,88
20,28
20,33
20,22
21,34
21,85
22,24
22,72
24,83
24,30
26,68
26,41
26,50
26,30
27,37
27,77
27,76
27,48
28,36
28,76
29,75
31,79
32,52
32,68
32,41
32,83
34,82
34,64
34,63
35,77
36,64
36,81
36,40
36,42
37,86
37,54
37,59
38,68
40,76
41,80
42,43
43,70
44,82
44,70
46,56
47,59
47,76
48,70
49,56
49,59
51,73
51,54
52,62
52,77
52,75
52,74
53,66
54,72
54,82
57,69
58,87
60,80
60,84
60,68
61,74
62,67
63,66
64,71
65,79
65,78
67,79
67,76
68,85
69,77
71,74
72,73
72,78
73,84
75,83
76,82
76,86
77,85
80,84
84,86
