0,82
0,24
2,11
2,62
2,61
2,28
3,24
3,5
3,17
4,21
5,6
5,50
5,78
5,21
6,58
6,50
7,73
7,62
7,49
8,49
8,45
8,65
8,61
8,51
10,33
10,74
10,62
11,35
11,39
11,44
12,22
12,84
13,58
13,79
13,80
14,55
14,37
14,56
14,84
14,28
14,58
15,78
15,64
15,71
16,29
17,27
18,21
18,36
19,80
19,77
19,45
19,71
20,61
20,68
21,46
21,30
21,45
22,50
23,28
23,59
24,48
25,35
25,60
25,55
26,29
27,37
27,55
27,28
27,69
27,34
27,43
28,80
30,38
30,67
30,82
32,46
32,42
32,54
32,79
32,61
32,48
32,39
33,51
34,46
34,48
34,67
34,72
35,52
36,55
37,65
38,54
38,59
40,67
41,57
41,48
42,69
43,74
44,53
45,63
46,54
47,62
47,74
48,64
48,72
50,82
51,79
51,56
53,72
53,66
54,58
54,57
55,77
55,65
55,75
56,57
58,63
60,74
61,66
62,75
63,78
64,75
64,69
66,82
67,83
67,75
68,74
70,71
70,73
71,78
73,76
74,77
75,83
80,83
81,83
