0,6
0,51
0,44
0,3
1,56
2,3
2,16
2,17
2,28
2,6
3,58
3,6
3,44
3,11
3,41
3,54
4,64
4,10
4,36
4,11
5,54
5,41
5,23
5,17
5,47
5,48
6,34
6,12
6,19
6,11
6,48
7,63
7,31
7,12
7,21
7,26
7,47
7,38
8,63
8,44
8,64
8,13
9,24
10,64
10,30
10,48
10,63
11,64
11,52
11,39
12,28
12,60
12,42
12,23
12,24
12,29
13,26
13,30
13,42
13,20
14,24
14,54
14,49
15,22
15,48
15,34
16,41
16,60
16,22
16,40
16,28
17,50
17,36
18,30
18,39
18,40
19,43
19,63
19,36
19,33
20,24
21,55
21,24
22,52
22,50
22,59
22,58
23,60
23,61
23,55
23,31
24,34
24,59
25,40
27,48
27,60
27,40
28,42
28,60
28,29
28,62
29,34
29,54
30,43
30,59
30,42
30,40
31,53
32,62
34,58
34,63
34,35
35,61
35,38
35,58
36,37
36,47
37,47
38,45
39,56
41,53
42,51
42,52
43,52
43,49
44,60
44,55
45,63
48,64
48,61
51,57
52,54
53,54
