0,17
1,18
1,50
3,57
3,35
3,88
3,30
4,80
5,92
5,48
5,53
5,49
5,85
6,16
6,81
6,35
6,96
7,33
8,47
9,64
9,87
9,81
9,18
9,36
9,69
9,66
10,94
10,30
10,60
10,49
11,77
11,61
11,72
12,19
12,84
12,29
12,95
14,54
14,21
14,36
15,70
15,27
16,78
16,76
16,30
17,52
17,20
17,42
17,24
17,35
18,31
19,21
20,72
21,43
22,72
23,49
23,87
24,68
24,56
24,53
25,73
26,44
26,86
26,54
27,79
27,75
28,72
28,97
28,63
28,67
29,60
30,55
30,64
31,51
32,73
32,70
33,85
33,93
34,41
34,76
35,41
35,37
35,89
36,82
36,47
37,64
37,92
37,58
37,75
38,43
38,45
38,56
39,52
42,60
42,63
43,57
43,83
44,87
44,77
46,70
46,81
46,59
48,79
48,98
48,64
50,57
50,74
51,56
51,78
51,53
53,78
53,92
54,83
54,80
57,96
57,61
58,72
61,92
62,95
63,74
63,87
66,87
67,84
71,85
71,93
72,86
76,90
76,83
78,85
79,93
81,95
84,93
85,97
85,89
90,92
91,96
91,94
93,99
