0,3
0,15
1,29
1,42
1,88
1,59
1,81
1,25
2,7
2,83
2,31
2,63
2,81
3,85
4,39
4,50
4,41
6,67
6,66
7,43
7,79
7,64
7,61
7,63
8,75
9,48
10,31
10,87
11,77
11,60
12,61
12,32
14,81
14,15
15,38
15,85
15,39
15,44
17,56
18,66
18,61
18,41
18,26
19,84
20,81
20,40
20,22
21,27
21,30
21,67
22,27
23,25
23,33
23,76
23,42
23,30
23,31
23,41
23,35
24,69
25,41
25,83
26,47
26,74
27,68
27,89
27,37
27,75
29,67
29,60
29,74
29,71
30,73
31,41
31,62
31,66
31,46
31,34
32,73
32,36
32,55
32,50
33,77
33,83
33,37
34,88
34,52
35,73
35,76
35,39
36,75
36,50
37,72
37,85
38,78
39,52
40,78
41,47
41,67
43,72
47,71
48,74
52,71
57,86
58,88
58,82
59,87
59,83
61,78
63,81
65,71
66,69
68,79
72,89
76,82
79,88
84,87
