0,29
0,27
0,65
1,32
2,11
2,61
2,48
2,83
2,20
3,67
4,50
5,48
5,74
6,62
6,35
6,18
6,33
7,16
7,61
8,16
8,15
8,38
9,85
9,68
9,62
10,68
11,48
11,53
11,63
12,83
13,75
13,55
13,56
13,22
14,66
15,84
15,52
16,74
16,53
16,78
16,68
17,68
19,88
19,45
19,64
20,86
21,56
21,40
21,61
22,39
22,62
23,50
23,63
23,45
23,33
24,67
24,76
25,82
25,59
25,41
26,79
27,69
28,89
29,69
31,67
32,62
32,77
33,84
34,82
34,85
34,67
35,45
35,40
36,68
37,73
39,50
39,86
40,41
40,80
41,65
42,78
43,77
45,88
45,65
46,60
47,59
51,81
51,86
53,81
54,75
54,73
55,79
56,69
57,89
58,83
59,66
60,65
60,69
61,76
64,81
65,75
66,68
71,87
73,86
74,81
75,84
76,80
80,87
