0,14
0,46
0,12
1,5
1,59
1,23
1,53
1,65
1,13
1,38
1,19
1,33
2,65
2,17
2,53
2,48
3,29
3,15
3,26
4,33
4,51
4,26
4,16
4,47
4,50
4,7
5,32
5,17
5,51
6,16
6,25
6,61
7,31
7,17
7,60
7,34
7,27
7,62
8,24
8,69
8,20
8,39
8,62
8,13
9,25
9,32
9,36
9,67
9,35
9,16
10,28
10,56
10,24
10,35
10,62
10,69
11,33
11,66
11,25
12,44
12,54
12,66
12,28
12,26
12,40
12,31
13,28
13,18
13,41
13,67
13,53
14,66
14,31
14,54
14,51
15,30
15,56
15,42
15,43
15,17
15,63
16,48
16,22
16,67
16,60
17,37
17,40
18,23
18,33
18,27
18,42
19,64
19,48
19,38
19,54
20,22
20,39
20,58
21,27
21,69
22,42
22,30
22,62
22,51
22,56
23,59
24,68
24,28
25,33
25,58
26,68
26,48
26,38
26,60
26,54
27,38
27,39
27,58
27,44
27,63
27,57
28,61
29,33
30,46
30,55
30,54
30,32
31,40
31,44
31,38
31,67
31,60
31,50
32,40
32,66
32,62
32,59
33,50
33,42
34,64
34,42
35,40
35,43
35,63
35,57
36,42
36,40
37,63
37,54
37,67
39,59
40,48
40,42
41,59
41,43
41,53
41,52
42,48
43,53
44,54
44,58
44,57
44,52
45,52
46,64
47,50
47,55
47,63
49,65
50,51
50,64
50,53
51,65
52,59
54,67
57,62
57,66
58,62
59,62
59,61
60,66
62,63
62,67
65,69
