0,10
0,1
1,82
1,26
2,58
2,39
2,73
3,48
3,78
4,83
4,24
4,22
4,29
4,93
4,44
4,89
4,46
6,65
6,35
6,92
6,40
7,74
7,30
7,35
8,59
8,73
8,12
9,48
9,34
9,40
9,85
11,93
11,25
11,23
12,78
12,32
12,62
12,20
13,51
14,70
14,93
14,39
15,43
16,33
17,85
17,52
20,76
20,44
20,90
21,87
21,69
22,34
22,32
23,57
23,73
23,60
23,54
24,41
24,82
24,34
25,30
25,66
26,81
27,81
27,36
28,70
28,69
28,33
28,51
29,69
30,44
30,46
31,51
31,87
32,93
34,58
34,89
34,43
35,57
36,74
36,73
37,68
37,50
39,93
39,68
40,43
40,87
42,53
42,60
42,49
43,49
44,94
45,92
47,65
47,92
47,89
47,61
48,84
48,79
49,54
49,69
50,87
50,68
51,63
52,61
52,87
56,72
58,73
58,93
59,73
60,90
63,82
63,65
65,70
67,86
68,79
69,88
69,93
69,86
69,90
71,89
72,83
73,82
76,77
80,93
88,92
90,91
