0,16
0,30
0,48
0,77
0,91
0,11
1,16
2,52
2,83
3,66
3,28
3,67
3,37
3,55
3,29
3,41
3,13
4,59
4,89
4,12
5,62
5,34
5,87
5,25
5,57
5,12
5,7
5,65
5,72
6,40
6,42
6,54
6,59
6,49
6,64
6,35
6,52
6,30
6,34
6,63
7,43
7,50
7,77
7,36
7,25
7,70
8,15
8,47
8,35
8,41
9,48
9,68
9,94
9,34
10,61
10,37
11,39
11,16
11,86
11,64
11,34
11,35
11,66
12,93
12,69
13,14
13,50
13,57
13,49
14,32
14,71
15,21
15,43
16,66
16,73
17,80
17,26
17,63
17,55
18,67
18,60
18,24
19,41
19,67
19,23
19,66
20,72
20,48
20,66
20,59
20,63
21,55
21,44
21,22
22,58
22,90
22,80
23,78
23,66
23,41
23,75
24,30
24,37
24,39
24,27
24,87
25,54
25,56
25,59
25,51
25,40
26,88
26,37
26,87
26,79
27,41
27,83
27,88
27,46
27,47
27,33
28,58
28,67
28,93
28,64
28,47
28,36
29,94
29,83
30,62
31,94
31,85
31,68
31,57
32,89
32,75
33,58
33,92
33,90
34,50
34,85
35,44
35,61
36,90
37,61
37,54
37,62
38,69
38,59
39,57
40,76
40,64
40,65
40,57
40,41
40,85
40,93
41,77
41,71
41,87
43,56
44,47
44,54
44,69
44,45
44,93
45,46
45,79
46,94
46,79
46,90
46,66
47,63
47,48
47,55
47,78
49,81
50,53
51,72
51,74
51,53
51,79
52,78
52,56
52,65
52,76
52,82
52,70
53,82
53,72
55,91
55,82
55,68
56,68
57,90
57,69
59,76
59,69
59,79
60,71
60,70
61,75
61,69
62,63
62,77
62,68
62,90
62,74
64,67
64,79
65,73
65,72
69,91
69,72
70,73
71,89
75,89
77,84
78,82
78,88
80,84
80,82
80,94
84,88
85,86
89,93
