0,64
0,61
1,86
1,57
1,89
1,27
2,18
2,78
3,16
3,63
3,38
3,34
5,45
5,79
6,48
6,80
6,85
6,19
7,38
7,62
7,31
8,35
8,9
9,36
9,30
10,15
10,16
11,75
11,42
11,51
11,58
12,54
13,32
13,51
13,31
14,55
14,53
15,48
15,32
16,74
16,64
16,42
16,36
16,69
17,29
17,18
18,33
18,76
18,47
18,56
19,54
19,43
20,34
20,87
20,54
20,61
21,55
21,66
21,72
22,57
22,89
22,63
22,33
23,87
23,69
23,33
23,57
24,45
24,32
25,81
25,45
25,68
25,31
26,31
26,40
26,71
27,55
27,48
29,81
30,82
30,57
30,77
31,86
33,35
33,55
34,75
34,79
34,36
34,43
34,89
35,68
35,44
35,47
35,37
36,53
36,87
37,63
38,57
38,77
38,47
38,88
38,55
39,50
39,69
40,72
40,45
40,43
40,62
40,61
41,63
41,60
41,76
42,49
42,53
42,89
44,73
46,70
46,74
46,72
46,83
47,67
47,81
48,88
49,84
49,72
50,84
50,82
51,70
51,62
52,55
52,60
53,68
54,75
55,86
55,61
56,75
56,73
57,58
57,84
58,82
59,85
61,85
63,85
64,67
65,88
67,80
67,81
71,81
71,82
71,88
72,74
76,80
76,82
84,86
