0,73
1,50
1,68
5,69
6,88
10,91
10,42
10,40
10,34
11,52
11,29
12,83
13,34
13,94
13,98
13,67
14,19
14,17
15,93
15,64
16,50
17,72
17,21
17,86
17,47
18,59
20,96
20,35
20,26
20,75
21,75
21,79
21,41
21,77
22,89
23,36
24,99
25,30
25,67
26,45
27,93
28,40
28,56
28,60
28,61
29,38
29,81
30,86
31,51
32,61
32,48
34,71
34,43
34,73
35,97
36,69
37,97
37,71
40,44
40,42
40,70
40,56
41,95
41,86
43,95
43,98
43,99
45,57
46,63
46,79
48,78
49,90
49,97
50,94
53,88
53,55
53,74
53,98
55,94
56,75
56,77
58,91
59,64
59,73
60,73
60,96
62,82
67,89
68,93
68,69
68,97
69,77
72,99
73,83
74,92
75,91
77,97
79,83
81,85
81,91
96,98
