1,35
1,91
2,8
2,10
3,49
3,88
3,26
4,12
4,10
4,67
4,36
4,24
4,76
4,29
5,77
5,78
5,12
5,27
5,81
6,68
7,17
7,25
7,86
8,59
8,94
8,53
8,77
8,49
8,18
8,80
9,39
9,88
9,25
10,71
10,64
10,30
11,50
11,31
12,54
12,33
12,52
14,69
14,90
14,77
15,24
15,71
15,17
15,67
16,17
16,44
16,80
17,75
18,72
19,58
19,67
20,89
20,63
20,92
21,77
22,54
22,40
22,61
22,41
22,48
23,66
23,29
23,33
24,65
24,46
24,70
25,59
26,67
28,63
29,50
30,67
30,78
31,37
32,33
32,94
32,87
32,47
34,62
34,77
34,91
35,65
36,63
37,63
37,48
39,87
39,81
39,48
40,77
42,86
42,87
42,77
44,70
44,89
45,89
45,92
46,49
47,74
47,83
47,62
49,77
50,59
51,63
51,84
51,58
52,91
53,59
53,60
54,70
54,84
54,88
55,69
55,88
57,65
58,90
58,68
60,90
61,62
61,86
62,80
63,91
63,75
66,75
70,91
70,74
72,93
73,78
78,85
79,87
79,88
82,87
86,93
90,91
92,93
