0,37
0,51
1,83
1,78
1,24
1,75
1,87
2,76
2,6
2,9
3,25
3,33
3,18
4,14
4,52
4,36
4,31
4,7
4,43
5,12
5,78
6,56
7,18
7,33
8,70
8,85
10,96
10,51
11,33
11,93
11,86
11,57
12,85
12,88
12,57
12,34
13,84
14,46
14,16
14,45
14,99
15,39
15,53
16,86
16,75
17,26
17,20
18,23
19,80
20,74
20,47
21,75
21,48
22,75
23,77
23,98
24,96
25,70
25,56
25,35
25,36
27,32
28,91
28,90
29,92
29,82
29,42
30,67
31,69
32,48
32,83
33,97
34,89
34,67
34,72
34,71
34,41
35,74
36,46
36,61
36,97
36,77
36,56
37,61
38,64
39,76
39,58
40,92
40,51
41,50
42,63
44,92
45,46
45,59
46,76
46,58
46,60
47,48
47,60
48,56
48,65
48,67
48,50
50,61
50,97
50,88
52,60
53,67
54,55
54,75
55,99
57,69
57,89
58,66
59,68
59,61
60,95
60,84
62,74
63,94
64,69
66,85
67,93
67,97
67,84
67,92
69,77
71,90
71,98
76,97
77,82
82,87
83,89
83,92
87,90
