0,53
0,43
1,56
1,27
1,71
1,34
1,31
1,6
2,74
2,67
3,36
3,26
3,78
3,34
3,74
4,77
4,66
4,10
4,46
4,9
5,24
5,75
7,71
7,49
8,41
8,33
8,46
8,38
8,30
8,60
9,80
9,48
9,35
9,33
9,28
11,32
11,22
11,23
11,48
12,13
13,67
13,24
13,31
13,62
13,37
14,71
14,76
14,49
14,46
15,26
15,76
16,53
16,63
16,26
17,19
17,26
18,42
18,47
19,21
19,63
19,50
20,63
20,62
21,37
21,49
22,52
23,25
23,62
23,61
23,49
23,64
23,30
24,38
25,62
25,48
25,82
25,66
26,78
26,36
27,69
28,69
28,45
29,51
29,57
30,48
30,50
31,38
31,58
32,72
32,48
32,40
33,55
33,46
33,79
33,34
34,40
34,77
34,56
36,64
37,43
37,56
38,65
39,81
39,54
41,71
41,69
42,47
42,44
42,80
43,61
43,46
44,53
44,72
45,81
45,83
45,63
46,65
46,51
47,67
47,77
49,65
50,67
50,80
51,63
51,79
52,72
52,84
52,56
52,58
54,71
54,55
54,80
55,60
56,84
59,69
59,61
60,64
60,80
60,84
61,77
61,81
63,66
63,84
63,70
66,83
68,69
68,70
69,83
69,80
70,74
73,77
74,82
76,83
