0,6
0,26
0,19
0,12
0,34
1,37
1,27
1,10
1,5
1,44
2,16
2,28
2,10
2,32
2,37
2,34
2,41
3,40
3,15
4,10
4,5
4,19
4,14
4,12
5,19
5,30
5,36
6,15
6,14
6,43
7,33
7,13
7,41
8,14
8,16
9,18
9,19
10,32
10,25
10,27
11,41
11,42
12,25
12,42
12,33
13,36
13,15
13,20
13,16
13,38
15,43
15,18
15,16
16,23
16,18
16,36
17,26
18,38
18,34
18,23
18,29
18,35
19,20
19,38
19,42
20,40
21,23
21,43
21,38
21,26
22,25
23,29
24,41
25,26
26,28
26,44
26,38
26,41
27,32
27,43
28,33
28,35
28,44
30,31
31,40
31,32
31,41
31,42
33,41
37,40
