0,50
1,13
1,21
1,56
1,44
1,7
1,35
1,26
1,46
2,29
2,36
2,46
2,27
2,54
2,43
3,35
3,39
3,62
3,55
3,32
3,46
4,27
4,39
5,46
5,45
5,29
5,55
5,61
5,56
5,62
5,59
5,25
6,48
6,54
6,50
6,42
7,14
7,60
7,24
7,31
7,41
7,34
8,11
8,51
8,27
8,46
8,23
8,16
8,61
9,46
9,62
9,39
9,14
9,55
9,61
9,45
10,61
10,36
10,64
10,27
10,16
10,52
10,23
11,22
11,54
11,45
11,48
12,25
12,42
12,44
13,34
13,64
13,50
13,18
13,61
13,63
13,35
13,24
14,38
14,18
14,39
14,64
15,19
15,22
15,17
15,54
15,27
16,22
16,61
16,43
16,40
17,45
18,31
18,64
18,40
19,63
19,58
19,45
19,28
19,29
19,36
19,51
20,50
20,61
20,32
20,24
20,41
20,37
20,63
20,59
21,56
22,26
22,32
22,34
23,41
23,43
23,46
23,35
23,37
23,60
23,50
24,42
24,28
24,43
25,55
25,28
26,29
27,63
28,41
28,29
28,51
28,56
29,40
29,38
29,61
29,34
29,63
30,35
30,41
30,38
31,50
31,46
31,45
31,32
31,47
32,44
32,63
32,59
32,49
33,49
33,50
34,64
34,44
34,53
34,60
34,51
35,59
35,46
35,47
35,64
36,46
37,60
37,58
37,50
37,52
38,49
38,39
39,56
39,64
39,59
40,61
41,45
43,59
43,60
43,48
44,51
44,60
44,55
45,55
46,59
47,53
48,54
48,58
51,55
51,61
53,56
53,60
54,63
58,64
58,62
