0,29
0,47
0,45
0,9
1,42
1,35
1,16
1,54
1,28
2,24
2,52
2,8
2,33
4,53
4,33
4,6
5,9
5,60
5,45
7,61
8,26
8,58
9,51
9,21
9,12
9,61
10,48
12,24
12,34
12,43
12,57
13,21
13,51
14,50
14,23
14,48
14,29
14,31
16,45
16,64
17,22
17,41
17,43
17,62
17,48
18,21
18,33
18,59
19,53
20,50
20,38
21,61
22,27
22,56
23,58
24,43
24,59
24,27
24,58
24,45
25,49
25,29
26,30
26,60
26,53
26,29
27,57
28,61
28,57
30,45
31,63
33,36
33,37
33,62
34,63
35,41
35,54
35,36
36,64
37,46
38,62
38,59
39,46
40,60
41,47
42,63
42,44
44,52
46,50
46,58
47,64
47,51
48,55
48,59
50,60
52,56
54,58
57,58
