0,72
1,16
1,26
1,20
1,69
2,29
2,28
3,74
3,61
3,58
3,68
4,29
4,54
4,19
5,61
5,25
5,21
5,6
5,8
6,72
6,39
7,68
8,44
8,45
8,23
9,16
9,40
9,39
10,69
10,27
10,29
10,32
11,58
11,22
12,48
12,30
12,19
12,69
12,53
13,20
16,39
18,36
18,48
19,39
21,73
22,31
22,67
22,73
22,25
23,55
23,31
23,24
24,66
25,62
25,26
25,50
26,60
26,54
26,49
28,46
28,52
28,55
28,54
29,61
29,62
30,39
31,44
31,42
31,53
32,70
32,74
32,69
32,61
32,47
32,33
33,51
34,43
35,73
35,62
36,63
40,71
43,50
43,66
46,61
46,48
47,68
49,58
50,70
50,55
51,59
52,57
57,74
58,61
60,67
65,72
