0,15
0,53
0,2
0,35
0,86
1,64
1,15
1,10
1,76
1,62
1,16
1,9
2,73
2,40
2,84
2,22
3,86
3,74
3,18
3,83
4,12
4,36
4,44
4,87
4,63
5,69
5,72
5,35
5,40
5,25
6,22
6,89
6,72
7,48
7,79
7,36
7,21
7,29
8,87
8,29
8,50
8,69
8,46
8,77
8,24
9,38
9,28
9,40
9,47
9,87
10,60
10,72
11,62
11,37
11,44
11,16
11,29
12,45
12,64
12,18
12,44
12,24
13,68
13,18
13,53
14,23
14,58
14,41
14,73
14,16
15,31
15,84
15,46
15,34
15,43
15,75
16,38
17,68
17,60
17,20
17,64
18,25
18,59
18,71
19,68
19,31
19,55
19,69
20,67
20,79
20,64
20,34
21,42
21,76
21,71
21,60
21,73
21,40
21,56
22,82
22,66
22,77
23,48
23,58
23,37
23,31
24,85
24,28
24,53
25,29
25,75
25,62
25,33
25,80
26,54
26,81
26,60
27,60
27,76
27,67
28,88
28,63
28,53
29,40
30,33
31,52
31,61
32,38
32,77
32,56
32,73
33,48
33,55
34,66
34,39
34,85
34,56
35,68
35,41
35,69
36,68
36,59
36,80
37,66
37,52
38,81
39,65
39,78
40,80
41,71
41,79
42,89
42,54
42,73
43,61
43,67
44,76
45,55
45,66
46,82
46,73
47,52
47,50
47,56
48,66
48,63
48,56
49,70
50,80
50,73
51,70
51,63
51,61
52,85
52,64
52,59
52,73
53,66
53,70
54,72
55,71
55,64
56,85
57,81
58,59
58,81
58,75
58,68
60,73
61,77
63,72
64,71
65,85
66,84
67,73
68,76
68,80
68,87
68,73
69,74
69,76
69,81
70,74
70,82
72,80
73,82
73,83
76,89
82,88
84,89
88,89
