0,50
1,24
1,61
1,50
2,3
2,39
2,30
3,43
4,35
4,77
5,39
5,23
5,70
6,38
7,45
7,29
7,41
8,24
10,40
10,32
10,60
10,50
11,70
11,35
11,24
12,19
12,36
14,47
15,42
15,46
16,21
16,19
17,51
17,49
17,66
18,30
19,35
19,38
19,53
19,76
20,61
20,37
20,52
20,23
21,55
21,72
21,39
22,46
22,71
23,71
23,79
24,42
24,78
24,73
24,43
25,69
25,35
25,26
25,28
25,45
26,64
26,63
26,62
26,73
27,30
27,28
28,35
28,73
29,72
29,78
31,66
31,58
32,67
33,47
34,72
34,48
35,62
35,52
37,65
37,55
38,48
39,74
40,66
40,76
41,79
42,62
43,57
43,76
45,55
45,59
45,77
45,70
47,53
47,71
48,72
48,60
49,65
49,78
50,68
50,69
52,58
53,54
53,73
55,60
57,65
59,62
62,73
62,63
62,75
66,75
69,78
71,72
72,76
74,79
78,79
