0,53
0,17
0,64
0,63
0,13
0,9
0,7
1,20
1,4
1,57
1,30
1,6
1,3
1,7
1,13
1,64
1,33
2,47
2,89
2,80
2,19
3,7
3,78
3,49
3,80
3,45
3,47
4,83
4,57
4,63
4,53
4,28
4,70
4,59
4,73
4,21
5,10
5,41
5,88
5,66
5,19
5,9
6,62
6,81
6,42
6,82
6,32
6,66
6,9
7,70
7,11
7,81
7,61
7,83
7,56
8,16
8,15
8,10
8,36
8,80
9,40
9,37
9,75
9,39
9,12
9,13
9,66
10,59
10,51
10,89
10,32
11,67
11,83
11,44
11,38
11,53
11,70
11,54
12,71
12,25
12,52
12,89
12,69
13,19
13,54
13,17
13,68
13,25
13,33
13,20
13,78
14,65
14,32
14,53
14,79
14,83
15,83
15,22
15,26
16,17
16,66
16,43
17,65
17,60
17,24
18,53
18,23
19,70
19,61
19,76
19,87
19,63
20,46
20,56
20,34
20,55
21,25
21,58
21,37
21,44
22,55
22,59
22,64
22,27
22,82
22,25
23,82
23,85
24,30
24,46
24,88
24,36
25,61
25,44
25,53
26,35
26,28
26,44
26,85
26,66
27,52
28,38
28,65
28,55
29,32
29,56
29,74
29,70
29,53
29,34
29,72
29,71
30,46
30,40
31,34
31,83
31,89
31,74
32,34
32,65
32,49
32,67
32,87
33,79
33,78
33,53
33,80
33,58
33,72
34,54
34,73
34,86
34,53
35,59
35,81
35,61
36,84
36,81
37,66
37,79
37,85
37,89
38,50
39,74
39,60
39,63
40,89
40,52
40,43
40,59
41,79
41,64
41,74
41,54
41,53
41,69
42,85
42,72
42,67
42,87
43,74
43,75
43,82
43,81
44,89
45,49
45,68
45,56
46,53
47,78
47,88
47,87
47,65
49,69
49,73
49,87
50,76
50,69
52,83
52,73
52,53
52,87
53,86
54,64
54,57
54,56
54,69
55,58
56,87
56,84
57,86
57,71
57,67
57,82
58,84
58,74
58,68
59,72
59,74
59,82
60,74
60,85
61,74
61,87
61,78
62,70
62,88
62,71
63,72
64,79
65,72
68,85
70,76
71,83
72,79
74,81
74,86
75,82
76,82
77,84
78,86
79,81
79,83
81,87
82,86
84,89
