0,21
0,70
0,3
1,3
1,15
1,58
1,85
1,41
1,50
1,43
1,45
2,33
2,13
3,62
3,23
3,50
4,86
4,59
4,28
4,54
5,58
5,70
6,14
7,68
7,12
7,73
7,65
8,70
9,81
9,77
9,49
10,21
10,66
10,89
10,50
11,39
11,13
11,24
11,15
12,44
13,76
13,26
13,25
14,77
14,60
15,19
15,53
15,27
15,44
16,49
16,87
16,20
16,23
16,63
16,51
17,50
17,76
17,69
17,20
17,65
17,53
19,81
19,46
20,43
20,25
20,74
21,35
21,86
22,85
22,44
23,88
23,27
23,54
24,65
25,66
25,74
25,50
26,69
27,82
28,41
29,60
30,65
31,34
31,61
32,34
32,80
33,50
34,78
34,43
34,81
35,44
35,42
36,85
36,56
36,40
36,49
37,87
37,71
37,45
39,51
39,80
40,67
40,46
40,62
41,74
42,86
43,70
43,85
45,78
47,81
47,82
47,60
49,79
50,82
51,80
52,75
53,79
53,56
53,88
54,70
57,61
62,68
63,77
64,85
65,80
66,75
68,87
73,85
74,77
75,85
76,79
79,82
