0,89
0,55
0,4
0,38
1,22
1,60
1,87
1,78
2,42
2,30
2,32
2,47
2,24
3,54
3,95
4,8
4,22
4,85
5,52
5,72
5,25
5,17
6,85
6,11
6,62
7,36
7,51
7,72
7,88
7,12
8,25
8,21
8,50
8,74
9,14
9,89
9,86
9,18
9,48
9,30
10,30
10,60
10,21
10,98
10,87
11,78
11,70
11,52
12,40
12,89
12,23
12,27
12,99
14,66
14,34
14,21
14,91
15,85
15,51
15,62
16,50
16,74
16,25
16,59
16,44
17,51
17,80
18,22
18,41
18,37
18,51
19,61
19,78
20,98
21,52
21,82
21,48
21,42
21,74
21,95
22,72
22,74
22,26
23,79
23,52
24,42
24,48
24,95
24,57
25,70
25,60
26,74
26,38
26,89
26,92
27,86
28,71
28,68
28,86
29,97
29,55
29,87
30,71
31,45
32,97
33,66
33,67
35,85
35,69
36,53
36,97
37,91
37,44
37,96
37,51
38,63
38,75
38,44
38,89
38,51
39,77
39,49
39,61
39,43
40,66
40,80
40,64
41,66
41,80
42,62
44,99
44,76
45,93
46,96
47,98
48,73
49,97
49,52
49,92
50,88
50,95
50,58
50,56
51,78
51,62
52,62
52,78
52,72
52,92
54,66
55,90
55,84
56,68
57,86
59,61
60,71
60,90
60,83
60,63
62,71
63,88
64,87
64,80
64,99
67,84
68,79
68,74
68,78
69,76
69,87
70,84
70,96
71,98
71,79
73,98
74,96
74,89
74,99
78,95
78,99
86,88
87,97
92,99
95,96
