0,81
0,45
0,57
0,77
0,43
0,39
1,58
1,88
2,53
3,17
4,77
4,15
4,12
4,48
4,18
5,31
5,77
7,75
7,83
7,77
9,54
9,58
10,85
10,46
11,75
11,21
12,26
12,59
12,51
12,33
13,16
14,71
15,46
15,64
15,24
16,20
16,88
17,72
18,46
18,65
19,88
19,81
19,68
20,24
20,47
21,32
21,89
21,25
21,78
21,38
22,36
22,76
22,73
23,69
23,80
24,45
24,72
25,35
25,52
26,53
26,89
27,50
27,47
27,45
28,49
28,89
29,88
29,85
29,58
29,53
29,34
31,53
31,73
32,44
33,71
34,76
34,43
35,67
35,56
35,86
36,49
37,65
37,66
39,76
39,53
39,46
40,46
41,72
41,87
41,57
45,72
47,88
47,64
47,89
47,79
49,79
49,89
49,70
50,75
51,65
52,66
52,84
53,55
54,87
55,85
56,86
56,87
58,81
65,68
69,83
77,89
