0,22
0,26
0,10
0,73
1,73
1,54
1,60
2,40
2,72
2,74
2,12
2,71
2,19
3,40
3,66
3,65
3,35
3,76
4,38
4,61
4,11
5,38
5,20
5,32
6,72
6,58
6,43
6,21
6,51
7,55
7,64
7,77
7,58
8,75
8,40
8,17
8,9
8,42
8,44
9,72
9,11
10,74
10,64
10,79
11,67
12,27
13,79
13,34
13,56
14,75
14,65
14,34
15,22
15,79
15,57
15,69
15,52
15,35
15,72
16,41
16,78
17,29
17,27
17,77
18,38
18,68
18,66
19,28
19,25
19,30
19,65
20,77
20,56
20,64
20,42
20,61
21,68
21,71
22,78
22,74
22,58
22,48
22,39
24,30
24,79
24,74
24,33
25,45
25,52
26,40
26,64
26,62
26,39
26,78
27,44
27,46
27,36
27,34
27,72
32,40
32,64
35,39
35,62
36,49
36,62
37,60
38,47
39,68
39,51
39,58
40,53
40,54
41,44
43,64
43,56
44,67
46,77
46,58
47,57
47,71
47,73
48,69
49,73
49,56
49,76
51,53
54,60
56,69
56,60
57,67
61,67
61,78
61,74
63,75
64,72
67,68
68,78
68,72
