0,76
1,52
1,36
2,15
2,48
2,86
4,26
4,12
4,78
4,8
4,82
4,67
5,66
5,57
6,39
7,19
7,9
7,10
8,14
9,48
10,55
10,60
10,53
11,13
11,69
11,39
11,46
13,30
13,38
13,72
14,15
15,17
15,35
15,43
16,85
16,21
17,73
18,65
18,77
18,48
19,41
19,21
20,51
20,35
20,72
21,75
22,66
23,63
23,77
24,75
24,66
24,43
24,80
24,82
25,35
26,71
27,65
27,77
27,44
29,85
29,84
29,39
29,86
29,75
30,79
31,32
32,55
33,39
34,63
35,62
35,86
36,69
36,68
36,66
37,44
37,74
38,89
42,69
42,43
42,50
43,49
43,75
44,45
45,68
46,54
46,49
46,58
46,81
47,81
47,69
49,56
50,71
50,78
51,88
52,75
52,55
53,69
54,78
54,82
56,70
58,87
59,70
60,63
62,84
63,79
63,85
64,67
66,72
66,78
68,83
69,84
71,72
73,86
74,82
77,89
77,81
80,83
85,88
