0,34
1,67
1,61
1,54
2,6
2,31
3,12
4,61
4,22
5,12
6,34
6,19
6,15
6,29
7,46
7,84
9,12
9,68
10,57
11,92
11,12
11,38
11,35
13,59
13,80
14,52
14,19
14,49
14,86
14,54
15,28
15,55
16,17
17,52
17,75
18,66
19,79
19,82
19,24
22,58
23,81
23,78
24,37
25,81
25,56
26,61
26,37
27,92
28,94
28,62
28,65
28,92
30,41
30,82
30,53
31,92
31,41
32,67
34,55
36,93
36,91
36,88
37,61
37,81
39,73
40,75
40,94
41,72
42,86
42,63
44,92
44,61
47,85
48,66
49,72
49,81
50,94
53,65
54,57
55,94
55,79
58,72
59,71
60,93
62,86
62,66
63,90
64,75
64,68
64,69
66,84
67,77
69,72
70,78
70,75
72,80
73,91
74,78
79,90
83,94
