0,26
0,31
0,11
0,25
1,80
2,35
2,71
3,73
4,22
4,29
4,93
4,54
4,9
4,43
5,52
5,34
5,12
5,6
6,15
7,40
7,28
7,81
7,70
8,43
8,10
9,54
9,48
9,84
10,47
10,63
10,52
11,34
11,30
12,80
12,55
12,47
13,60
13,33
13,16
13,63
13,80
14,58
14,41
15,85
16,72
16,70
16,79
17,68
17,83
17,72
18,20
18,50
18,39
19,33
19,57
19,58
19,72
20,29
20,65
20,71
20,28
20,64
21,48
21,24
21,74
21,40
22,37
22,27
22,34
23,84
23,51
23,49
24,90
25,80
26,67
26,58
26,42
27,53
27,57
27,72
27,48
27,80
31,65
32,41
33,77
33,49
33,72
34,67
35,38
35,39
35,50
35,79
36,91
36,70
37,48
39,86
39,84
40,76
44,48
45,78
47,84
47,85
48,66
48,59
50,63
50,76
51,68
51,87
51,85
51,73
53,88
53,84
53,78
54,78
54,87
56,79
56,90
56,59
57,72
57,84
58,88
58,82
59,60
59,67
61,82
62,84
63,67
64,70
67,76
67,90
68,73
69,83
71,73
71,77
71,74
72,82
72,89
78,89
79,86
80,82
83,92
83,89
