0,86
0,33
0,46
0,32
1,52
1,15
1,94
3,42
4,98
4,80
4,38
5,91
5,99
5,78
5,74
7,51
7,30
7,71
8,77
9,77
10,15
10,61
10,98
10,92
10,41
10,71
10,68
12,34
12,69
12,56
12,35
13,51
13,93
13,48
14,44
15,29
15,50
16,42
16,51
17,67
17,29
17,25
17,54
18,69
19,80
20,54
21,73
21,23
22,99
23,39
23,64
24,71
25,42
27,60
28,32
29,82
29,64
30,91
30,36
31,46
32,71
32,99
33,62
34,62
35,94
35,53
35,49
36,90
36,76
36,85
36,99
36,49
37,77
37,80
37,92
38,47
38,51
40,62
41,51
43,85
45,97
45,86
48,86
50,98
50,51
52,79
53,62
55,90
57,63
57,97
58,87
58,96
61,78
61,82
64,65
66,95
68,77
68,79
69,89
71,90
71,89
79,85
79,92
84,93
93,96
