0,50
0,25
0,16
0,15
1,66
1,3
1,53
2,18
3,72
3,45
3,14
3,17
4,32
4,21
4,48
5,59
5,23
6,43
6,13
7,45
7,54
8,50
8,59
8,11
9,34
10,70
11,69
11,34
13,40
13,38
13,21
15,55
15,30
16,20
16,54
16,52
16,31
17,36
17,71
18,32
18,47
19,41
20,23
20,28
20,59
20,69
21,49
21,73
22,50
22,71
22,72
23,25
23,72
24,57
25,68
25,33
25,28
26,61
26,27
27,38
28,73
29,62
29,45
30,56
31,47
31,60
31,44
31,51
31,53
31,42
32,61
32,36
32,43
33,73
33,34
33,39
34,42
34,54
35,67
36,67
36,57
36,58
37,63
37,38
37,71
37,62
38,58
38,64
38,69
38,66
39,59
39,52
40,53
43,60
44,52
45,72
45,49
46,68
46,61
46,63
47,62
49,56
49,66
51,57
55,74
59,64
60,62
62,69
65,70
70,74
