0,29
0,14
0,41
0,75
1,24
1,36
1,74
2,48
2,10
2,45
3,78
3,44
3,74
4,40
4,9
4,54
4,69
5,14
5,18
5,69
5,41
6,64
6,44
7,49
7,71
8,69
8,52
8,60
8,46
9,54
9,35
9,11
10,71
11,76
11,37
11,75
11,35
12,47
12,13
13,34
13,43
14,56
14,53
15,35
15,42
15,33
16,54
17,56
17,48
17,53
17,45
18,75
19,35
19,32
19,34
19,77
20,53
21,46
21,61
21,28
21,49
22,40
22,54
23,67
23,66
23,53
23,75
23,51
24,76
27,74
27,65
28,42
28,41
30,63
31,43
31,45
31,32
32,51
33,62
35,56
35,68
36,52
36,50
36,75
37,39
37,43
39,79
39,51
40,63
40,73
41,59
41,73
43,78
43,54
43,66
45,73
47,79
47,67
49,70
50,78
51,52
52,53
53,66
53,63
54,77
55,60
56,58
56,68
57,75
58,60
58,74
59,64
59,74
60,64
63,72
65,67
66,77
67,77
69,72
