0,9
0,53
1,60
1,78
1,45
2,46
3,84
3,66
3,46
4,34
6,16
6,23
6,13
7,20
7,11
7,17
7,16
8,83
8,17
8,69
8,57
10,17
11,63
12,61
13,28
13,30
14,65
15,22
15,38
16,57
16,35
17,18
17,62
18,41
19,62
19,22
21,26
21,50
22,42
22,51
22,79
23,45
23,42
26,67
27,38
28,83
29,55
29,56
30,47
30,83
30,81
31,79
33,62
34,61
34,42
35,52
35,47
35,66
36,46
36,38
36,57
37,74
37,48
38,63
40,51
41,50
41,74
42,51
45,82
45,53
45,80
47,68
49,62
49,67
50,57
51,55
52,66
53,58
55,69
55,83
56,70
56,57
58,72
61,77
61,76
62,84
63,74
63,80
63,75
64,80
66,76
66,84
68,74
70,80
70,82
71,72
71,84
73,80
