0,2
0,39
1,44
1,5
1,14
2,40
2,38
2,34
2,22
3,11
3,31
3,19
4,18
4,14
5,17
5,27
5,37
5,18
6,34
6,39
6,23
6,20
6,38
6,14
7,13
7,15
8,15
8,16
8,26
8,40
8,41
9,41
9,28
9,20
10,41
11,24
11,38
11,29
12,16
12,32
13,19
13,25
13,30
13,31
14,36
14,42
14,15
15,35
15,40
16,44
16,32
16,34
16,41
16,25
17,25
17,31
18,33
19,31
19,39
19,28
19,29
20,43
21,42
22,35
22,43
23,38
23,40
23,35
24,25
24,32
25,36
25,37
25,40
26,44
26,31
28,44
28,29
29,34
29,33
29,36
30,42
30,35
30,39
30,31
30,38
31,40
31,35
31,42
32,44
32,36
32,39
32,42
32,33
33,42
34,37
34,38
35,44
35,40
35,39
36,41
38,41
39,41
40,44
