0,59
0,22
0,14
0,19
0,18
1,58
1,51
2,43
2,20
3,28
4,58
4,27
4,25
5,53
5,57
5,43
5,50
6,19
6,30
7,29
8,16
8,33
8,28
8,10
9,24
9,11
9,46
10,43
10,45
10,20
11,37
12,50
12,59
12,24
12,15
13,36
13,26
14,16
14,47
15,38
15,23
15,26
15,39
15,56
16,35
16,49
17,25
17,36
17,37
17,44
18,58
18,32
18,19
19,47
19,29
19,22
19,49
20,43
20,50
20,59
20,51
21,34
21,59
21,33
22,40
22,57
22,38
23,53
23,38
23,34
24,53
24,52
24,30
25,58
25,37
25,49
26,53
26,30
26,35
27,42
27,48
27,29
28,57
28,55
28,42
30,51
31,56
31,42
32,42
32,57
33,41
33,47
34,51
35,47
35,41
36,45
36,53
38,41
39,41
41,46
41,42
42,59
42,43
43,49
44,52
44,45
46,57
46,56
49,51
50,55
52,53
52,56
53,58
55,56
56,57
