0,49
0,47
0,11
1,10
1,38
1,42
1,19
1,43
1,36
1,31
1,40
2,32
2,21
2,35
2,5
2,16
2,3
2,22
2,45
2,28
2,20
3,5
3,46
3,49
3,29
3,42
4,5
4,31
4,14
4,38
4,37
5,15
5,38
5,44
5,8
5,48
5,11
6,30
6,17
6,13
6,22
6,23
6,41
7,31
7,26
7,29
7,44
8,25
8,42
8,44
8,35
9,16
9,40
9,14
9,27
9,34
10,13
10,47
10,36
10,15
10,22
11,16
11,37
11,33
11,29
11,19
11,45
12,30
12,46
12,43
12,22
13,40
13,44
13,19
13,20
13,26
14,23
14,34
15,43
15,24
15,48
15,29
15,49
16,25
16,26
16,23
17,33
18,40
18,35
18,49
18,30
18,25
19,42
19,47
19,33
19,25
19,49
19,48
20,41
21,48
22,32
22,44
22,30
23,47
23,38
23,25
23,30
23,34
24,39
24,33
24,43
24,38
25,44
25,29
25,39
26,41
26,34
26,40
27,33
27,47
28,39
29,32
29,34
30,37
30,47
30,36
31,43
32,45
32,37
32,34
33,44
33,37
33,42
36,42
36,46
37,49
37,43
38,42
39,48
41,46
41,42
41,48
41,49
41,47
42,46
46,48
