0,10
0,60
0,1
0,23
0,21
1,34
1,65
1,41
1,35
1,76
1,38
1,36
1,40
2,70
2,53
2,8
2,36
2,88
3,40
3,57
4,33
4,59
4,46
4,39
4,52
5,61
5,46
6,14
6,67
7,57
7,61
7,16
8,14
8,32
8,75
8,19
9,78
9,64
9,17
9,35
9,63
9,82
9,43
9,54
9,81
10,50
10,64
10,38
11,33
11,83
11,87
11,20
12,33
12,88
12,21
12,52
12,17
12,57
13,27
13,59
13,29
14,89
14,17
14,62
15,73
15,78
15,29
17,21
17,82
17,34
17,53
17,60
17,49
17,28
17,51
18,21
18,38
18,81
18,41
18,66
19,28
19,32
19,42
19,35
19,72
20,30
20,26
20,59
20,77
21,30
21,47
21,27
22,89
22,75
22,30
23,80
23,71
23,63
25,68
25,54
25,84
25,38
26,60
27,81
27,40
27,78
27,57
28,43
28,65
28,70
28,69
28,38
29,58
29,78
30,75
30,70
30,41
30,50
31,71
31,37
31,46
32,36
33,37
33,55
33,74
33,81
34,45
34,72
35,52
35,83
36,67
36,54
37,52
37,80
38,60
38,86
38,58
39,44
40,49
41,66
41,74
41,71
42,81
42,68
42,64
43,61
43,70
44,64
44,54
44,80
45,74
45,65
46,87
46,88
46,51
47,61
48,58
48,64
49,80
51,68
52,79
53,81
53,75
53,77
53,82
54,85
54,66
54,71
54,58
54,56
55,64
55,80
56,77
57,63
58,84
59,69
61,89
61,78
62,72
64,68
64,82
64,73
64,74
64,78
66,82
68,89
68,82
73,74
74,76
76,83
77,88
77,87
77,78
82,83
