0,34
0,58
0,23
1,84
2,18
2,73
2,32
2,30
2,64
4,67
4,44
5,7
5,43
6,64
6,43
7,71
7,26
7,36
8,15
8,81
9,65
9,54
9,35
9,26
10,37
11,13
12,83
13,74
13,56
15,47
15,39
16,80
16,31
16,36
17,21
17,27
17,42
18,67
18,56
19,46
19,27
20,25
20,31
21,28
22,30
22,27
23,59
23,51
23,29
24,77
25,33
26,29
26,66
26,47
27,82
29,78
30,78
30,42
30,47
31,37
31,35
32,65
32,84
32,74
32,41
33,42
33,47
33,52
34,64
34,61
34,77
35,73
36,75
37,55
38,57
38,45
39,69
42,66
42,72
43,54
43,50
45,50
46,74
47,80
48,54
50,67
53,72
53,82
55,81
55,84
56,66
57,81
58,59
58,63
61,68
62,84
64,73
65,84
68,79
70,81
76,81
