0,2
0,28
0,80
0,55
0,89
1,37
1,72
1,35
1,79
1,58
1,48
2,80
2,51
2,36
2,53
2,49
3,58
3,21
3,75
4,49
4,45
5,11
5,69
5,52
6,80
6,72
6,48
6,35
6,85
6,66
7,28
7,21
7,13
8,54
8,18
8,24
8,68
8,76
8,36
9,13
9,48
9,62
9,71
9,15
9,77
10,25
10,59
11,42
12,82
12,41
12,75
12,36
13,48
13,61
13,63
13,14
14,54
14,25
14,24
15,69
15,86
15,21
15,82
15,61
16,75
16,55
16,72
16,83
16,22
17,41
17,51
18,81
18,43
18,45
18,61
19,68
19,37
19,36
19,39
20,44
20,74
20,66
20,28
21,58
21,38
22,48
22,26
22,42
22,79
22,63
23,79
23,71
24,72
24,32
24,28
24,86
25,49
25,33
25,89
25,50
26,60
26,64
26,39
27,88
27,76
27,81
28,57
28,72
29,35
29,80
29,69
30,58
30,65
31,62
31,54
32,42
34,75
34,53
35,48
35,49
36,58
36,74
36,83
36,87
38,64
38,58
39,62
39,68
39,48
39,40
40,73
40,42
40,60
41,53
41,63
41,46
42,70
42,61
43,60
43,69
43,85
44,45
44,69
45,78
45,89
45,46
45,71
46,68
46,77
46,87
46,65
47,67
47,49
47,55
47,78
47,88
47,71
48,74
48,55
48,58
49,54
49,67
49,75
49,65
50,85
50,70
51,66
51,80
52,61
53,81
53,76
53,85
53,56
54,65
54,68
54,66
55,67
56,59
56,75
56,67
57,59
57,75
58,66
59,81
59,70
59,84
61,82
62,75
63,85
64,89
64,81
65,70
67,68
67,80
67,87
68,87
69,74
69,73
70,76
71,75
72,80
74,82
76,84
80,86
81,82
82,88
82,86
83,84
85,89
