0,40
0,25
1,19
1,76
1,63
2,70
2,48
2,93
4,78
5,46
5,58
5,98
5,74
5,95
6,64
6,86
6,85
6,44
7,24
7,85
7,69
8,50
9,65
9,37
9,80
9,59
9,44
10,22
11,19
11,47
11,92
12,89
12,96
13,18
15,93
15,92
15,36
16,26
16,36
17,53
17,48
17,61
17,66
18,86
18,99
18,21
18,36
18,23
19,90
21,99
21,91
22,57
23,33
23,95
23,32
24,43
25,67
26,50
27,38
27,51
28,91
28,43
29,78
29,87
30,97
30,70
31,49
31,85
32,90
32,68
32,53
34,98
34,97
38,68
39,49
39,90
40,53
40,58
41,76
42,93
42,57
45,47
46,69
46,55
47,66
47,99
48,72
51,87
51,93
53,70
54,98
55,66
55,72
56,65
56,93
57,76
58,64
58,67
58,96
59,70
60,71
60,81
61,83
62,93
63,75
65,92
67,83
68,88
69,99
73,92
74,80
77,99
77,78
79,88
80,89
81,82
84,87
84,99
