0,37
0,86
0,54
0,59
0,44
0,33
1,25
1,85
1,90
1,67
1,44
2,37
2,75
2,85
2,8
3,34
3,45
3,60
4,66
4,20
5,60
5,64
5,80
5,33
5,85
5,55
6,14
6,36
6,19
6,12
7,48
7,18
8,49
8,44
9,23
9,43
9,83
10,31
10,18
10,75
11,16
11,17
11,66
12,52
12,81
12,56
13,71
13,57
13,61
13,66
13,55
14,92
14,15
14,48
14,62
15,39
15,79
16,90
17,52
17,66
18,28
18,30
19,44
19,34
19,61
21,68
21,61
22,62
22,35
22,71
23,82
23,55
23,64
23,68
24,86
24,45
24,35
24,89
25,57
25,74
25,31
25,41
26,73
26,83
26,88
26,78
26,86
26,57
27,60
27,80
28,70
28,37
28,93
28,34
29,57
29,43
30,34
31,56
31,81
31,71
31,38
32,51
32,67
32,78
32,90
32,73
33,73
33,94
34,68
34,84
35,93
35,37
35,89
35,70
36,76
36,71
36,92
36,40
37,51
37,47
38,88
38,90
38,60
38,72
39,55
39,90
40,72
40,83
41,77
41,86
42,89
42,70
43,48
43,88
43,84
43,92
44,90
44,89
45,82
45,52
45,56
46,54
46,70
48,58
48,65
48,79
49,50
50,82
50,80
52,62
53,82
54,85
54,61
54,73
55,71
56,77
59,67
59,70
60,65
60,92
61,65
61,62
62,74
63,93
65,77
66,76
67,71
69,84
70,89
71,86
71,75
77,81
84,94
