0,43
0,4
0,26
0,3
1,26
1,6
1,5
1,8
2,7
2,37
2,5
2,24
3,31
3,5
3,38
4,44
4,11
4,24
4,8
4,31
4,10
4,30
5,36
5,38
6,40
6,39
6,20
6,28
7,16
7,32
8,22
8,9
8,32
8,17
8,10
8,14
9,16
9,32
9,12
9,11
9,36
10,37
10,41
10,30
10,14
10,17
10,22
12,31
12,16
12,34
12,21
13,27
13,35
13,43
14,44
14,33
14,38
14,41
14,20
15,19
15,21
15,44
15,41
15,17
16,21
16,31
17,44
17,19
18,25
18,33
18,28
18,23
20,34
20,33
20,25
20,42
20,38
21,40
21,27
21,22
22,36
22,33
22,43
23,43
23,31
23,33
24,39
24,31
25,35
25,34
25,32
26,28
27,36
28,42
28,40
29,37
29,44
31,40
31,44
32,35
33,36
33,38
36,38
37,38
38,40
39,41
42,44
