0,1
0,17
0,33
0,8
0,34
0,15
0,23
0,19
0,6
1,8
1,23
1,13
1,5
1,24
1,2
2,14
3,18
3,17
3,4
4,24
4,34
4,8
4,26
4,21
5,28
5,31
5,34
5,12
6,10
6,28
6,18
7,9
7,28
8,20
8,27
8,17
8,22
8,9
8,15
8,21
8,30
9,24
9,10
10,23
10,28
10,26
10,33
11,28
11,14
11,17
11,27
11,23
11,18
12,26
12,34
12,14
12,33
13,33
13,27
13,22
13,14
13,21
13,28
15,32
16,24
16,22
16,20
17,25
17,28
18,33
18,30
19,28
19,23
19,26
19,31
20,32
20,29
20,34
20,25
21,30
21,28
22,24
23,29
23,25
24,33
24,26
25,28
25,34
25,33
26,30
27,29
27,34
28,29
29,32
31,32
