0,89
0,53
1,76
1,31
1,68
2,94
2,85
3,68
3,63
3,89
3,82
3,53
4,80
4,61
5,90
5,37
5,12
5,69
5,29
6,14
6,19
7,31
7,66
7,40
7,9
7,41
8,56
8,72
8,41
8,16
8,60
9,21
9,86
10,86
10,17
10,70
11,90
11,15
12,47
13,87
13,28
13,86
13,26
13,61
14,61
14,58
14,16
15,20
15,24
16,31
16,72
16,30
16,75
16,62
16,17
16,89
17,31
17,64
17,19
17,81
18,47
18,37
19,68
19,84
19,50
20,34
20,49
21,69
21,94
21,62
22,45
22,24
22,78
22,55
23,91
23,32
23,72
24,77
24,91
24,82
24,61
25,48
25,81
25,26
25,89
25,38
25,51
27,57
27,87
27,60
27,32
27,52
28,84
28,59
28,80
29,40
29,32
29,39
30,64
31,33
31,59
31,69
32,79
32,54
32,84
32,40
34,45
35,64
35,79
35,81
36,73
37,66
38,56
38,61
39,84
39,55
39,90
40,91
40,87
40,51
40,90
40,44
40,52
40,62
40,75
42,57
42,48
43,50
43,94
44,65
45,82
45,53
47,60
47,49
48,73
48,61
49,76
49,77
50,53
50,57
51,57
52,87
52,64
52,89
52,91
53,81
53,92
55,70
56,79
57,94
57,81
58,59
58,64
59,73
59,91
60,75
60,87
61,68
62,82
65,70
65,71
66,93
67,76
68,75
69,90
70,80
70,71
72,86
72,93
73,79
73,76
77,91
77,90
77,94
81,89
81,84
83,91
86,92
88,94
