2,17
3,4
3,52
4,43
4,25
4,72
6,76
7,26
7,76
7,19
9,63
9,80
9,31
10,48
10,49
10,18
10,69
11,88
11,81
12,48
12,36
13,47
13,20
14,70
15,59
15,76
15,39
15,88
16,46
17,29
18,53
18,67
18,33
19,41
21,54
21,66
21,86
21,32
22,69
23,30
23,71
23,26
23,38
23,28
24,72
26,32
26,46
27,58
27,42
27,50
28,76
29,53
29,63
30,73
31,32
31,47
33,37
33,68
33,64
33,75
34,44
37,76
37,80
38,48
38,85
40,66
45,94
45,53
46,82
46,54
46,60
46,47
47,79
47,73
48,77
48,53
52,91
52,80
55,87
55,77
56,94
57,72
59,76
59,65
59,81
61,89
64,85
70,87
77,85
77,90
78,83
80,91
82,93
83,90
83,92
84,86
85,88
85,93
87,94
