0,56
0,26
0,69
0,28
1,44
1,21
1,22
1,75
2,48
2,80
3,10
4,73
4,59
4,61
4,37
4,77
5,6
5,75
6,51
7,10
7,27
8,20
8,12
8,62
9,74
10,45
10,58
11,76
11,27
12,37
13,41
13,42
14,22
14,84
15,80
16,66
17,20
23,73
23,71
23,66
24,65
24,70
24,28
24,32
25,55
26,80
27,56
27,33
27,34
27,35
27,43
28,29
28,38
29,46
30,61
31,81
32,51
33,56
33,55
34,40
34,69
35,78
35,62
37,84
37,51
38,58
38,55
40,67
41,64
41,65
41,77
41,46
42,79
42,47
42,44
42,60
42,67
43,82
43,70
46,80
49,52
49,50
55,84
55,61
56,61
58,82
58,61
63,70
63,65
66,73
69,73
76,80
