0,22
0,70
0,53
1,25
1,58
1,69
1,49
2,55
2,52
2,41
2,37
2,26
3,68
3,39
3,50
3,5
4,38
4,69
4,63
4,71
5,17
5,58
5,11
5,47
5,56
5,78
6,28
7,25
7,79
8,66
8,52
9,32
9,25
9,39
10,38
10,17
11,24
11,14
12,54
12,25
12,33
12,59
12,19
12,55
13,50
13,56
13,19
13,55
13,47
14,44
15,42
15,64
16,52
17,30
18,74
18,37
18,69
19,70
19,68
19,28
19,24
19,22
19,36
20,26
20,53
20,39
21,34
21,60
22,26
22,27
23,53
23,51
23,50
25,74
25,32
25,43
26,50
26,78
27,32
27,64
27,77
28,30
30,35
30,34
31,59
31,41
31,79
31,38
31,60
32,49
33,56
33,40
34,35
35,76
35,45
35,51
36,53
36,75
36,57
36,50
36,76
37,61
37,77
37,72
38,48
38,54
38,57
39,49
39,52
39,55
40,71
40,54
40,47
40,53
41,74
41,51
42,56
42,67
43,59
43,76
44,56
44,79
46,73
46,78
47,51
49,66
49,73
50,74
50,60
51,69
51,62
51,75
55,68
55,75
55,64
56,76
56,72
57,67
58,77
59,73
59,64
59,71
61,75
62,68
62,64
63,64
64,77
65,69
66,69
67,73
