0,53
0,47
0,21
1,64
1,15
1,30
1,73
2,36
2,13
2,15
2,70
2,37
3,69
3,67
3,58
3,41
3,19
4,38
4,50
6,21
6,57
6,14
6,15
7,72
7,27
8,55
8,14
8,61
8,66
9,39
9,66
10,26
10,42
10,24
10,20
11,29
11,37
11,53
11,19
11,26
11,71
11,13
11,34
11,23
12,77
13,61
13,76
14,18
15,66
15,31
15,18
16,67
16,42
16,69
17,21
17,73
17,34
17,71
18,46
18,68
18,73
19,78
19,52
19,41
20,67
20,76
21,23
21,68
21,22
21,52
22,50
22,33
22,48
22,37
22,46
22,59
22,36
22,69
23,58
23,31
23,52
23,71
24,28
24,47
24,53
24,31
24,46
25,49
26,71
26,41
27,62
27,64
27,48
27,55
28,77
29,46
29,34
30,37
30,64
30,48
30,66
30,36
30,67
31,56
31,63
31,49
32,55
32,52
33,46
33,41
34,78
34,77
35,58
36,67
36,69
37,68
37,70
37,42
37,64
37,49
38,57
39,48
39,42
39,73
40,74
40,79
40,71
42,51
43,76
43,57
43,59
44,79
44,47
44,60
45,47
45,56
45,58
47,58
50,67
50,66
50,65
51,72
52,71
53,54
53,65
54,76
54,59
56,58
56,62
57,68
59,69
59,72
59,71
60,72
60,66
60,69
60,70
61,73
62,79
63,69
63,79
63,67
64,66
64,71
65,77
67,78
67,71
68,70
69,74
70,72
71,75
