0,5
1,43
1,73
2,54
2,47
2,41
2,40
2,33
3,49
3,18
3,39
3,25
4,82
4,7
6,36
6,43
6,67
6,13
7,47
7,67
8,70
8,44
8,77
8,65
9,11
9,62
9,59
9,69
10,57
10,64
10,23
10,48
11,76
11,52
11,71
12,81
12,47
13,60
13,58
13,27
13,44
15,56
15,62
15,72
15,33
15,52
16,71
16,41
17,76
17,48
18,53
19,29
19,31
19,74
19,61
20,82
20,81
21,56
22,68
22,34
22,61
22,29
23,68
23,84
23,52
25,28
25,27
25,54
26,52
26,80
26,39
27,41
27,66
27,33
28,43
29,33
29,77
29,82
30,78
31,63
31,65
32,50
33,67
33,45
34,54
34,41
35,81
35,45
35,80
35,68
35,36
35,70
35,78
36,63
38,69
39,81
39,65
40,50
40,48
40,53
41,45
41,65
43,79
43,57
44,69
45,56
46,56
48,79
48,66
48,58
51,66
51,69
52,61
54,75
55,57
55,74
57,66
57,65
59,82
59,77
62,72
64,68
73,77
77,80
