0,56
0,80
0,38
0,25
1,3
1,13
4,54
4,64
5,61
5,31
5,47
5,21
5,46
6,61
6,50
7,83
7,60
8,83
9,43
9,84
9,38
9,72
9,69
10,36
10,24
11,91
11,13
11,51
11,23
12,33
12,95
12,26
13,81
13,40
13,58
13,65
13,51
13,55
13,94
14,26
15,78
15,62
16,49
16,66
16,54
16,59
17,53
18,70
18,57
19,53
19,43
19,79
19,27
19,29
20,40
21,72
21,94
22,44
22,77
23,50
25,45
25,50
25,64
26,39
26,63
27,55
28,92
29,78
29,99
29,84
29,74
30,92
31,34
32,72
32,81
33,40
35,75
35,40
36,75
39,78
41,96
41,75
43,83
44,57
45,98
48,52
50,52
50,61
51,59
52,54
53,55
54,79
56,74
56,77
59,64
60,88
61,77
61,73
62,82
63,64
66,76
67,71
67,87
69,85
69,74
70,81
70,80
70,75
71,97
73,80
73,74
78,88
79,93
80,92
84,92
85,93
93,95
