0,18
1,86
1,52
2,64
2,4
2,80
2,63
2,79
3,39
3,89
4,61
5,80
5,12
5,13
6,51
6,75
6,18
7,15
7,71
8,57
8,86
8,85
8,88
9,39
10,17
10,26
11,42
11,16
11,49
13,88
14,78
14,36
14,35
14,57
15,72
15,76
17,81
17,20
17,34
18,71
19,83
19,32
19,84
19,28
19,25
19,89
20,34
20,36
21,73
21,51
22,87
24,83
24,85
25,87
25,39
26,29
26,82
28,47
28,58
28,74
28,32
29,37
30,74
30,38
31,80
34,64
34,78
35,80
35,88
35,50
36,50
36,38
38,52
39,54
41,55
41,57
42,43
42,88
43,86
43,52
45,85
45,77
45,79
46,49
48,55
48,54
49,81
49,72
51,85
51,76
52,83
56,82
56,58
58,73
60,63
60,89
63,64
65,69
71,84
72,89
72,77
74,81
76,86
77,88
80,89
