0,45
0,67
0,75
0,54
1,51
1,22
1,89
1,28
2,13
3,31
3,48
4,28
5,43
5,62
7,29
9,69
9,12
10,49
10,47
10,48
11,15
11,87
11,63
13,81
13,23
14,60
14,23
15,80
15,65
15,77
17,79
17,27
18,73
18,87
19,48
19,86
19,49
20,32
20,31
20,36
20,65
21,60
21,65
21,76
22,68
22,37
23,88
23,81
24,60
25,52
25,75
27,32
27,55
27,75
28,67
29,71
29,34
31,55
33,59
33,71
34,52
34,55
34,45
35,40
37,88
37,76
38,40
38,71
41,89
41,85
41,55
42,59
42,64
45,62
46,61
46,69
47,89
47,72
49,63
50,63
51,81
51,66
52,63
53,57
53,79
54,70
54,68
57,58
59,77
60,81
61,62
61,81
61,82
67,89
69,78
69,75
70,77
71,81
75,87
76,83
81,89
84,88
84,86
