0,29
0,2
1,77
2,18
3,50
3,86
3,73
4,12
4,63
4,26
5,82
5,81
5,42
6,25
6,9
6,55
6,57
7,77
8,22
8,75
8,36
8,28
9,85
10,78
11,53
11,78
11,18
12,78
14,18
15,65
16,73
16,41
16,23
17,45
18,31
18,27
18,78
18,87
19,24
19,21
20,25
20,42
21,66
21,85
23,59
23,57
24,59
24,28
24,66
24,36
24,72
25,87
25,81
26,30
26,45
26,74
27,51
27,67
28,44
29,70
30,79
30,80
31,85
32,87
33,65
33,36
33,46
34,81
35,71
37,70
37,82
37,69
38,76
38,62
38,42
39,47
39,87
39,69
39,49
39,63
42,69
43,56
43,77
44,89
45,48
45,68
48,70
48,65
49,78
49,83
50,75
50,66
51,64
51,74
52,80
53,78
53,62
54,61
57,72
58,63
59,64
60,89
61,72
67,76
67,75
68,83
69,86
70,82
72,80
73,87
79,83
84,85
