0,8
1,98
2,93
2,14
3,57
4,13
5,86
6,99
7,35
7,85
8,17
8,96
8,31
8,26
8,67
8,98
9,39
10,85
11,35
11,54
12,28
13,64
14,97
14,88
14,51
14,15
14,47
15,48
15,45
16,17
16,48
18,78
19,76
20,66
20,45
20,27
20,55
21,88
21,26
22,86
24,29
24,43
24,55
25,77
25,70
26,61
28,86
29,99
29,84
30,94
30,48
31,49
31,48
32,85
32,33
33,87
35,61
36,43
37,51
37,96
37,69
38,83
38,84
39,60
40,69
41,68
43,71
43,76
43,64
44,96
45,93
46,92
46,71
47,66
48,88
50,82
51,97
52,84
55,98
56,87
57,72
57,63
59,81
59,69
60,85
60,94
61,70
65,77
65,91
67,93
70,77
71,82
71,97
73,82
74,90
77,87
78,98
81,97
81,90
84,89
85,94
