0,60
0,77
1,22
1,17
1,52
2,30
3,18
3,42
3,68
4,17
4,74
5,54
5,48
5,79
6,52
6,20
6,89
6,93
7,9
7,39
9,58
9,31
10,92
10,24
10,80
11,19
11,90
12,31
13,87
13,61
13,59
13,96
14,15
14,95
14,44
15,34
15,73
17,85
17,66
17,31
17,51
18,70
18,95
19,82
19,30
20,36
20,54
21,33
21,85
21,29
21,75
23,83
25,41
25,93
26,27
27,63
27,46
29,99
29,45
29,52
31,54
31,34
31,45
33,55
33,57
34,68
34,66
35,43
39,75
39,91
43,73
43,69
45,87
45,53
47,82
47,63
48,49
48,78
49,51
49,52
51,74
52,74
53,77
53,70
59,81
59,97
60,72
62,89
63,66
63,77
63,96
64,87
64,65
68,86
69,81
71,81
73,94
73,85
75,95
78,81
85,87
85,89
87,96
91,99
93,94
