0,15
0,57
0,21
1,41
1,53
1,40
2,69
5,31
5,81
5,80
5,79
5,29
6,8
6,57
6,76
7,20
7,16
7,39
8,65
9,34
9,75
9,42
9,36
10,66
10,45
10,12
11,68
11,39
11,31
11,45
13,28
14,31
14,29
15,16
15,30
16,70
17,65
18,61
18,50
18,20
18,42
19,23
19,51
19,36
20,69
20,64
20,34
20,36
21,69
21,52
21,43
21,82
22,80
22,39
23,81
23,54
23,66
24,41
25,76
25,26
25,75
26,38
26,32
26,80
26,49
28,45
28,79
28,71
29,50
29,80
29,57
29,36
30,75
30,36
30,59
31,50
31,78
32,71
32,68
33,60
33,53
34,82
35,66
36,60
36,49
38,41
38,70
38,58
39,69
40,69
40,57
40,44
43,49
43,69
43,70
43,44
44,62
44,84
45,80
45,84
46,60
47,71
48,84
49,80
50,67
51,73
52,71
53,65
53,60
56,77
58,67
58,82
60,83
61,83
62,78
62,72
64,77
64,75
71,81
72,84
72,80
73,82
77,81
78,84
