0,39
1,20
1,36
1,37
1,42
2,19
2,46
2,40
2,27
3,11
4,10
4,32
4,48
4,7
4,8
4,17
4,41
5,28
5,51
5,12
5,47
5,13
6,19
7,47
7,40
7,33
7,37
7,17
7,14
8,23
8,24
8,49
9,21
9,30
9,47
10,13
10,11
11,53
12,37
12,14
12,42
13,23
13,38
13,25
13,27
13,43
14,29
14,53
14,35
15,17
16,36
16,44
16,20
16,27
16,32
17,43
17,36
17,21
17,37
17,54
17,33
17,23
17,42
17,39
17,20
18,54
19,29
19,21
19,38
19,27
19,37
20,30
20,26
22,30
22,31
22,49
22,37
22,44
22,52
22,23
23,33
23,26
23,41
23,24
24,54
24,53
24,32
24,47
24,43
24,29
25,32
25,41
25,29
25,36
25,50
25,49
26,41
26,54
27,50
27,47
28,32
28,40
28,44
28,31
28,39
29,45
29,50
29,53
29,47
29,31
30,32
30,46
32,39
32,35
33,40
33,41
33,50
33,35
33,47
34,45
35,43
35,50
36,45
36,43
37,52
37,38
38,42
39,51
40,46
40,51
40,41
41,50
42,53
42,46
44,50
45,50
45,54
46,53
46,54
47,53
48,54
49,51
50,54
52,54
