0,29
0,37
0,5
0,23
0,18
1,20
1,15
1,28
1,32
1,24
1,42
1,43
1,3
2,16
2,43
3,45
3,36
3,46
3,4
3,54
4,22
4,17
5,57
5,33
5,6
5,23
6,49
6,23
6,48
6,30
7,40
7,59
7,21
7,11
8,35
8,53
8,36
8,51
8,45
9,17
9,36
9,40
9,33
9,53
10,23
10,31
10,25
10,22
11,46
11,56
11,22
11,48
13,57
13,24
13,47
14,17
14,37
14,22
14,46
15,46
15,25
15,26
16,31
17,29
17,22
18,29
18,58
18,21
18,53
19,47
19,44
19,28
19,51
19,25
20,25
20,47
20,56
20,24
20,49
21,47
21,42
22,59
22,30
23,35
23,59
23,47
23,31
24,55
24,32
24,51
24,54
24,50
24,44
25,31
25,55
26,40
26,47
26,54
26,31
27,59
27,34
27,53
28,56
28,43
29,39
29,30
29,43
29,50
30,39
31,32
32,43
32,46
33,35
33,36
34,40
35,56
36,38
36,49
36,43
36,55
37,39
38,44
38,54
39,47
40,51
40,47
41,44
42,56
42,52
43,52
43,44
43,51
44,57
44,49
45,51
46,52
47,58
47,54
49,52
49,53
50,54
50,55
51,57
56,58
