0,43
0,24
0,3
0,60
0,6
0,75
0,72
0,62
0,78
0,68
0,36
1,9
1,46
2,30
2,39
2,33
2,11
2,81
3,73
3,83
3,53
4,25
4,59
5,50
5,80
5,20
6,74
7,81
7,12
7,13
8,48
8,24
8,43
9,13
9,83
9,54
9,40
9,23
9,60
10,76
10,33
10,47
10,37
10,71
12,71
12,51
12,40
12,67
12,75
12,46
12,32
12,53
12,79
12,13
12,54
13,53
13,47
13,63
13,45
13,70
13,52
14,67
14,84
14,68
14,60
15,43
15,55
16,27
16,38
16,73
16,23
17,33
17,44
17,31
17,75
17,72
18,36
18,83
18,74
18,25
18,56
18,38
18,75
19,65
19,81
19,35
19,52
19,36
20,34
20,41
20,46
20,30
20,23
21,61
22,63
22,69
22,73
22,68
23,30
23,81
23,61
24,46
24,33
24,32
24,43
25,54
25,59
25,52
26,74
26,39
26,47
26,48
27,30
27,35
27,56
27,55
27,48
28,42
29,42
29,81
29,49
30,75
30,79
31,63
31,83
32,72
32,51
32,58
32,56
32,62
32,45
32,42
32,80
33,38
33,42
33,62
33,72
33,43
34,63
34,84
35,64
35,76
36,61
36,41
38,47
39,74
39,57
40,78
41,72
41,59
42,55
42,43
42,56
43,83
43,60
43,78
43,65
43,44
46,73
46,67
47,77
47,74
47,50
47,66
48,62
49,66
49,64
50,64
51,64
51,79
51,53
51,70
52,55
53,66
54,76
54,79
56,64
56,78
56,77
57,77
58,61
59,63
59,80
59,77
59,78
60,75
62,71
62,66
65,81
69,77
70,83
70,71
71,72
73,75
74,82
74,76
75,80
