0,19
0,47
0,37
0,32
1,15
1,9
1,56
1,32
1,27
1,18
2,11
2,28
2,40
2,52
3,12
3,24
3,40
3,43
3,33
4,19
4,40
4,29
4,27
4,33
5,35
5,13
5,41
5,47
5,16
5,24
5,54
5,63
6,51
6,35
6,17
6,57
6,37
7,39
7,60
7,35
7,29
7,9
7,12
7,26
8,37
8,28
8,46
8,49
9,55
9,64
9,61
9,33
9,19
9,54
10,61
10,60
10,62
10,33
11,18
11,61
11,23
11,12
12,57
12,37
12,61
12,55
13,33
13,62
13,37
13,60
14,29
14,56
14,63
14,53
14,44
14,52
15,20
15,39
15,58
15,18
15,61
16,40
16,17
16,41
17,25
17,31
17,19
17,46
18,37
18,54
18,51
18,39
18,28
19,38
19,47
19,59
19,46
19,48
19,60
20,62
20,26
20,39
21,34
21,61
21,46
22,64
22,38
22,40
22,59
22,26
22,37
22,28
23,24
23,34
23,56
24,38
24,52
24,63
24,37
24,33
25,32
25,50
25,64
25,38
25,33
26,29
26,27
26,31
26,47
27,32
27,46
28,58
28,43
28,37
28,62
28,40
29,62
29,50
30,60
31,56
32,45
32,62
32,57
32,51
32,59
34,43
34,38
34,53
35,54
37,40
38,48
39,53
39,55
40,59
40,47
40,61
41,63
41,45
41,60
41,47
42,47
42,51
43,62
44,57
44,60
44,45
45,59
45,53
45,64
45,51
46,51
46,57
46,54
47,63
49,61
49,63
49,52
49,57
51,62
52,62
52,55
54,55
56,58
57,60
58,60
59,64
60,62
