0,75
0,3
1,27
1,19
1,51
1,22
1,64
2,15
2,34
2,22
2,61
2,74
2,73
3,49
3,32
3,61
3,44
3,4
3,35
3,43
4,31
4,26
5,35
5,23
6,78
6,36
6,50
6,79
7,32
7,29
7,74
7,22
7,73
7,14
7,54
8,15
8,65
9,29
9,36
10,52
10,29
10,12
10,35
10,11
11,68
11,33
11,64
11,25
11,67
12,43
12,18
13,47
13,14
13,70
14,23
14,79
14,54
14,20
14,44
15,75
15,77
15,19
15,56
16,20
16,19
16,53
17,65
17,56
18,68
18,39
19,52
19,78
20,51
20,38
20,50
21,23
21,51
21,59
21,39
21,26
21,40
22,78
22,33
22,36
22,39
22,44
23,46
24,56
24,49
24,65
24,38
24,57
25,53
25,67
26,28
26,72
26,31
27,30
28,32
28,51
28,79
29,62
30,43
30,51
30,40
31,66
31,36
31,61
31,63
32,58
33,43
34,36
34,71
34,52
35,52
35,57
36,57
36,43
36,53
38,75
38,40
38,64
39,47
39,58
39,65
41,54
41,69
43,70
43,76
44,54
44,71
45,66
46,49
47,65
49,63
50,62
51,67
52,72
53,72
54,56
55,75
55,66
56,70
58,64
60,67
60,71
62,69
63,79
64,70
64,77
66,76
68,79
68,72
69,71
70,79
72,77
