0,27
0,16
0,50
0,45
0,8
0,49
1,10
1,31
1,13
2,18
2,41
2,35
2,20
3,53
3,7
3,41
4,9
4,43
4,38
4,35
4,11
5,44
5,36
6,18
7,22
7,11
7,9
7,28
7,36
8,46
8,40
8,47
9,51
10,23
10,53
11,32
11,51
12,25
13,54
14,41
14,47
14,26
14,23
15,48
15,24
15,41
16,39
17,47
17,38
18,32
18,39
18,50
18,46
19,37
21,52
21,47
21,33
22,37
22,36
23,27
23,42
24,48
25,32
26,41
27,33
27,51
28,32
28,31
28,47
28,35
30,32
30,54
31,54
31,32
33,38
33,44
33,53
34,39
35,49
36,44
36,38
38,40
39,42
40,51
40,43
41,53
42,52
42,47
43,46
43,54
45,50
45,48
47,52
49,52
51,54
53,54
