0,72
0,81
0,15
1,21
1,80
2,20
2,8
2,28
2,29
2,89
3,49
3,75
3,15
3,79
3,90
4,31
5,80
5,31
5,67
6,63
6,21
6,53
6,80
7,29
8,91
8,26
9,43
9,27
9,72
9,56
9,69
9,75
10,31
10,84
10,63
11,80
11,39
11,30
12,73
12,65
12,38
14,54
14,68
14,86
15,70
16,81
16,28
17,46
17,80
17,20
18,24
18,26
18,61
18,42
18,47
19,21
19,88
20,23
20,43
20,41
20,57
20,40
20,35
20,24
21,47
21,70
22,88
22,92
22,93
22,30
23,84
24,49
24,57
24,60
24,52
25,60
25,79
25,41
25,32
25,37
26,93
26,40
27,47
27,30
27,92
27,93
27,94
27,88
27,41
27,61
28,67
28,37
28,31
28,35
29,46
30,58
30,73
31,81
31,60
31,75
31,44
32,71
32,76
32,40
33,90
33,77
33,50
34,63
34,75
35,49
36,86
36,68
37,51
37,81
37,48
37,84
38,77
39,68
40,46
40,78
40,79
41,93
41,55
42,52
45,83
49,80
50,93
51,92
51,58
52,54
52,70
55,80
55,74
56,68
57,66
58,80
59,94
61,94
61,91
61,73
62,88
62,67
63,67
64,82
65,85
67,73
69,87
70,93
72,83
72,86
73,75
74,82
74,86
74,92
74,75
75,88
76,90
76,79
79,90
80,81
82,88
84,85
86,93
86,91
91,92
