0,7
0,40
0,35
0,14
1,27
1,22
1,11
1,78
1,64
2,76
2,53
2,58
2,20
3,53
3,34
3,90
4,13
4,45
4,27
4,34
4,56
5,68
5,59
6,76
6,71
6,16
6,32
7,33
7,46
7,38
7,45
7,9
7,92
7,65
8,67
8,73
8,52
8,48
9,11
9,47
10,35
10,73
10,21
11,92
11,75
11,54
11,22
12,33
12,94
12,70
12,87
13,34
13,16
13,75
13,55
13,61
13,49
13,65
13,24
13,86
13,80
13,93
14,64
14,63
14,17
14,22
14,59
15,89
15,72
15,74
15,51
16,69
16,57
16,52
16,36
16,73
17,23
17,64
17,92
17,83
17,31
17,41
17,91
18,42
18,31
18,23
18,57
18,80
18,77
19,63
19,72
19,55
19,67
19,24
19,50
19,59
19,89
19,23
19,87
20,85
20,81
20,27
20,50
21,34
21,80
21,28
21,53
22,44
22,28
23,28
23,47
23,46
24,61
24,44
24,74
24,73
24,91
24,67
25,91
26,85
27,43
27,82
27,83
27,33
28,74
28,73
28,78
28,37
28,86
30,75
30,94
30,60
30,44
30,74
31,60
31,34
31,32
31,74
32,86
33,50
33,46
33,93
33,94
33,90
34,43
34,82
34,86
34,44
34,80
35,49
35,57
35,38
35,65
36,69
36,63
36,43
37,63
37,77
37,69
38,50
38,51
38,78
39,52
39,87
39,57
39,90
40,89
41,65
42,61
42,93
42,56
43,51
43,66
43,92
43,88
43,62
44,59
44,64
44,87
44,74
45,89
45,82
45,66
45,64
46,66
46,70
48,78
48,72
48,57
49,61
50,62
50,87
51,80
51,58
51,60
52,94
52,66
52,77
52,90
52,86
53,72
53,67
53,88
53,68
54,62
54,78
55,68
55,84
55,59
56,84
56,85
56,78
56,63
56,77
57,59
57,79
58,88
58,73
59,90
59,88
60,83
60,72
60,89
61,82
61,92
61,73
62,79
64,76
65,86
65,81
65,90
65,72
67,77
67,86
67,88
67,71
68,81
68,82
69,88
69,83
69,89
70,87
72,89
73,74
73,87
73,93
75,83
75,94
75,87
76,91
78,90
78,93
79,86
81,92
81,89
82,94
82,87
83,91
83,85
88,89
90,92
