0,47
0,46
0,6
0,16
0,48
0,42
0,44
1,33
1,16
1,25
1,26
1,17
1,11
1,23
2,35
2,32
2,5
2,36
2,23
2,38
3,5
3,46
3,35
3,8
3,11
3,19
4,30
4,34
5,37
6,26
6,7
6,18
6,42
7,42
7,17
7,33
7,26
8,32
8,48
8,30
8,14
8,18
9,27
9,28
9,46
10,19
10,11
10,40
10,26
10,24
11,41
11,40
11,38
11,48
11,22
12,35
12,25
12,45
13,48
13,24
14,26
14,20
14,49
15,31
15,21
15,37
16,19
17,29
17,42
17,24
17,37
17,39
17,20
18,24
18,39
18,47
18,35
18,46
18,22
18,30
19,38
19,25
20,42
21,29
21,37
21,40
22,33
23,41
24,30
24,33
24,43
25,45
25,38
26,33
26,36
26,42
27,40
27,33
28,36
29,46
30,42
30,47
31,32
32,49
32,46
32,35
32,44
32,41
33,35
34,41
34,48
35,39
36,46
37,38
37,47
40,41
40,43
41,48
41,42
46,47
