0,47
0,25
2,20
2,81
3,60
4,34
4,93
4,75
4,42
5,22
6,82
8,35
8,56
9,47
9,95
10,73
10,18
10,65
11,90
11,20
12,73
12,79
13,33
13,49
13,53
13,17
13,42
14,28
14,54
14,59
15,55
16,48
16,27
16,90
17,25
18,40
19,38
19,79
20,58
21,56
22,55
22,64
23,47
23,86
24,72
24,65
24,71
25,66
26,46
26,57
28,43
29,64
29,59
30,57
30,86
31,64
31,34
31,82
31,83
32,33
32,73
33,47
34,87
34,56
34,80
35,48
36,87
37,62
40,60
40,81
41,46
42,83
42,98
43,95
44,98
44,85
45,66
46,72
47,85
49,59
49,68
50,97
50,71
50,69
52,61
54,87
58,90
58,65
60,82
61,64
64,74
64,71
65,78
65,91
67,77
69,96
70,92
71,82
76,91
77,79
78,92
80,86
80,93
81,83
81,84
82,89
93,99
