0,34
0,41
1,33
1,61
2,86
2,31
3,44
3,68
3,4
4,55
5,36
6,59
7,42
7,74
7,9
8,35
8,50
9,46
9,86
10,25
11,52
12,84
12,20
12,80
12,52
12,89
13,55
13,50
13,46
14,71
14,50
15,76
15,23
16,52
16,54
16,77
16,34
16,72
16,83
16,35
16,19
17,89
17,44
18,63
18,23
19,31
19,84
19,52
20,69
20,35
20,25
21,25
21,28
21,70
21,68
21,49
22,57
22,47
22,29
23,35
23,75
24,44
24,62
24,38
25,37
26,62
26,34
26,51
26,38
27,48
27,28
28,74
28,82
29,55
29,48
30,79
30,77
31,78
31,81
31,87
31,63
32,69
32,59
32,84
32,87
33,81
33,58
34,35
34,45
35,42
35,76
35,53
36,45
36,58
36,81
37,60
37,54
38,77
38,58
39,89
42,61
42,87
44,76
44,73
44,68
45,54
46,85
46,78
47,77
47,55
49,81
51,67
51,62
52,56
53,75
53,77
54,87
55,56
56,88
56,87
57,89
59,74
59,77
59,76
60,81
60,68
61,78
62,87
62,84
65,72
65,66
70,72
72,87
72,79
73,87
73,81
78,80
79,82
79,84
83,87
