0,93
0,27
0,8
1,50
1,21
1,60
1,41
1,9
2,24
2,81
2,26
3,53
4,23
4,72
4,18
4,37
4,7
4,54
4,97
5,64
5,80
5,27
7,97
7,94
7,76
7,86
8,38
8,84
9,22
9,36
9,18
10,34
10,53
11,33
11,49
11,41
11,14
12,92
13,96
13,56
13,92
14,50
15,35
15,65
15,87
16,39
16,52
16,65
17,41
17,96
18,93
18,24
19,82
20,24
20,51
21,86
21,42
22,64
22,61
22,75
22,25
23,95
23,25
23,40
24,32
24,38
24,64
25,50
25,85
25,72
27,86
27,44
28,67
28,51
28,65
28,50
28,60
28,44
28,79
31,43
33,68
33,74
34,57
34,53
34,48
34,71
36,90
36,80
37,68
37,61
37,60
37,66
38,77
38,69
38,49
39,67
40,96
40,53
40,49
40,68
41,98
41,56
41,83
42,54
43,97
43,74
44,88
46,63
46,74
47,49
47,52
47,63
48,67
48,93
48,84
48,54
48,66
49,77
50,57
50,70
50,76
51,72
51,98
51,78
52,80
52,88
53,93
53,69
53,82
55,68
55,89
55,91
56,69
58,99
59,75
60,93
60,81
60,68
61,77
61,72
61,62
61,65
63,80
63,87
64,86
64,68
65,91
67,91
68,85
71,83
71,78
71,88
73,75
73,88
73,85
74,93
74,91
74,87
75,89
77,97
79,81
80,83
83,92
85,90
86,98
