0,53
0,70
1,56
1,14
1,58
2,45
2,42
2,15
2,53
2,13
3,34
4,13
4,37
4,66
5,48
6,11
7,42
7,17
8,16
8,56
8,18
8,59
8,65
8,40
9,60
10,14
10,39
11,20
11,50
11,69
12,49
13,32
13,19
13,78
13,34
13,14
14,70
14,44
14,59
15,47
15,53
15,34
15,38
16,59
16,75
16,65
18,55
18,24
19,47
20,24
20,79
20,70
20,42
20,58
21,60
21,77
22,41
22,52
22,24
23,26
25,50
25,42
26,56
28,59
28,33
28,47
28,50
29,65
29,36
30,65
30,40
31,77
31,41
32,63
33,45
33,57
33,47
33,53
33,59
34,68
36,37
37,40
37,62
39,72
39,53
39,79
41,76
42,62
43,61
43,59
44,65
44,54
44,45
45,54
45,71
47,59
47,76
47,58
48,54
48,59
49,62
49,64
49,58
50,61
50,58
52,74
53,65
54,77
55,61
58,64
60,64
60,79
62,79
62,68
63,66
63,68
65,68
65,73
67,73
67,71
71,74
77,79
