0,4
0,37
1,59
1,30
1,23
1,55
1,4
1,6
1,45
2,45
3,17
3,11
3,42
3,18
3,37
4,49
4,16
5,34
5,53
5,37
6,24
6,59
6,10
7,56
7,12
7,47
8,44
8,10
8,12
8,28
8,30
9,30
10,29
10,12
10,22
10,30
11,45
12,46
12,47
12,40
12,22
13,49
14,45
14,22
15,51
15,24
15,26
16,27
16,47
16,45
16,25
16,49
17,36
17,31
20,39
20,27
21,33
22,36
22,57
22,30
22,52
23,29
24,58
25,33
27,56
27,49
27,55
28,39
29,40
30,34
30,52
31,41
31,49
31,58
31,56
31,34
33,37
34,56
34,50
35,58
35,51
35,43
36,43
36,58
36,48
38,54
40,43
40,52
40,55
43,53
43,49
44,54
45,46
48,59
51,54
51,57
