0,9
1,52
1,25
1,20
1,63
2,98
3,64
4,81
5,77
5,50
6,35
6,42
6,83
6,49
7,31
8,91
9,55
9,33
9,47
9,45
9,57
10,77
10,74
10,65
10,95
10,51
11,65
11,31
12,20
12,46
13,31
13,98
15,81
15,94
15,86
16,37
16,57
16,90
16,89
17,36
17,53
18,40
19,93
19,22
20,67
21,36
21,42
23,87
23,68
24,32
25,87
25,92
26,72
27,31
27,62
28,31
28,91
29,49
29,81
31,55
32,36
35,81
35,45
35,47
36,49
36,83
36,97
39,65
39,43
39,45
39,95
40,63
41,56
42,47
42,59
43,61
43,79
44,83
44,71
45,87
45,49
45,64
48,65
49,80
51,69
53,77
53,90
54,94
55,60
55,80
57,70
57,67
58,81
59,81
60,93
60,84
62,88
62,95
63,95
65,86
65,91
66,89
70,83
72,91
72,89
76,95
83,93
98,99
