0,19
0,47
0,44
0,45
0,21
0,59
0,29
0,17
0,10
1,13
1,35
1,25
1,58
1,40
2,64
2,26
2,13
2,59
2,17
2,12
2,27
2,33
2,48
2,11
3,9
3,30
4,34
4,32
4,43
4,45
4,63
5,24
5,9
5,61
5,30
5,57
5,44
6,58
6,41
6,32
6,38
7,63
7,56
7,18
7,44
7,40
8,20
8,43
8,25
8,23
9,20
9,30
10,46
10,47
10,54
10,59
10,43
11,19
11,33
11,20
11,30
11,61
11,64
12,34
12,27
12,16
13,50
14,58
14,32
14,34
14,16
14,41
15,37
15,34
15,53
15,47
15,41
15,61
15,42
15,57
15,55
16,46
16,23
16,53
16,55
17,39
17,54
17,63
18,41
19,32
19,21
19,28
20,52
20,55
20,36
20,37
21,45
21,64
21,42
21,23
21,29
22,40
22,63
22,52
24,59
24,45
24,30
24,40
25,54
25,41
26,59
26,62
26,35
26,48
28,52
29,49
30,52
30,38
31,53
32,64
32,57
33,35
34,55
34,36
35,54
36,61
37,62
38,53
38,52
39,61
39,45
39,64
40,61
41,48
42,54
42,57
42,45
43,54
44,48
44,45
45,57
46,61
47,62
47,53
47,61
48,56
50,55
50,52
51,64
51,58
51,55
51,60
54,59
56,62
56,61
59,61
