0,26
0,93
1,42
1,11
2,97
2,71
2,7
2,21
2,33
3,18
3,38
3,59
3,7
3,77
4,23
4,78
4,98
5,71
5,40
5,55
5,67
5,68
5,30
6,9
7,19
7,50
7,72
7,13
7,95
8,55
9,86
9,92
10,64
10,52
10,51
10,89
10,13
11,91
11,66
12,31
12,56
12,73
12,74
12,26
12,25
12,79
13,78
13,25
13,71
13,56
14,67
14,41
14,91
15,68
16,38
16,36
16,32
17,24
17,65
17,21
17,69
18,48
18,98
18,68
18,62
18,33
18,93
19,40
19,85
19,92
20,92
20,58
21,44
21,78
21,91
21,99
22,62
22,80
22,27
22,26
23,54
23,34
24,65
25,72
25,82
25,34
27,81
28,74
28,84
29,72
29,63
31,86
31,93
32,76
33,86
33,56
34,60
35,54
36,79
36,44
36,75
36,69
36,84
37,81
37,73
37,80
37,64
38,75
39,61
40,92
40,44
40,90
41,44
41,54
42,85
42,91
43,76
44,78
44,79
44,80
45,53
46,47
46,85
47,67
47,48
48,98
48,99
49,99
49,60
50,66
50,63
50,57
50,51
51,74
51,90
52,60
52,55
53,66
53,89
58,87
58,95
58,79
59,88
61,98
61,65
63,84
63,98
63,73
63,72
64,85
65,94
66,91
67,96
67,76
67,82
68,77
71,75
71,93
72,80
73,86
73,85
76,85
78,96
78,94
79,89
81,86
82,85
83,89
84,98
85,95
92,98
