0,46
1,8
1,50
2,74
2,38
2,10
2,67
2,5
3,21
3,39
3,70
3,34
3,32
3,74
4,28
4,79
4,66
4,43
5,87
7,73
7,13
8,49
8,39
8,64
8,89
9,76
9,67
10,59
10,47
10,48
11,69
12,23
12,28
12,85
12,21
13,43
13,22
14,55
14,39
14,30
15,17
15,16
15,67
16,38
16,26
16,63
17,18
17,49
19,74
19,80
19,36
19,39
19,24
19,76
20,31
20,69
22,71
22,27
22,69
22,61
22,72
23,57
23,37
23,85
24,73
25,37
26,33
26,72
26,38
26,47
27,34
28,84
30,59
30,31
30,50
31,37
31,59
32,36
33,57
33,41
33,84
34,71
34,50
35,64
35,67
36,44
36,59
36,67
37,83
37,73
38,55
38,46
38,64
39,61
40,60
40,73
41,47
41,50
42,88
44,79
44,80
44,70
44,75
45,74
45,87
45,70
46,57
46,74
46,70
46,73
47,85
47,49
47,82
48,65
48,78
48,75
49,66
49,74
49,71
51,65
51,61
52,79
52,55
52,74
53,59
53,84
54,89
55,71
57,76
57,71
58,67
59,81
59,72
60,79
60,62
60,61
61,65
62,89
67,78
68,86
69,73
70,79
71,72
72,78
72,81
73,82
76,83
80,81
