0,63
0,87
1,15
2,7
2,55
2,64
2,12
3,40
4,12
4,17
4,53
4,73
4,62
5,7
6,45
6,8
6,67
6,28
6,13
7,88
7,41
7,67
8,31
8,29
8,51
8,41
8,81
9,65
9,45
9,56
10,47
10,65
10,71
10,14
11,28
11,89
11,40
11,34
11,22
12,33
12,89
14,35
14,43
14,64
15,57
16,68
16,51
17,40
18,30
18,80
19,67
20,56
20,53
20,22
20,29
21,51
21,88
21,69
21,42
22,45
23,75
23,44
24,62
24,27
24,26
24,39
25,60
25,43
26,52
26,62
26,59
28,64
28,58
28,30
29,79
29,70
29,32
30,57
31,43
32,61
33,63
33,64
33,56
34,51
35,44
35,55
35,67
35,78
36,52
36,73
36,64
37,55
37,83
38,57
38,65
38,56
39,49
39,60
40,67
40,72
40,63
40,55
41,46
42,43
42,58
42,47
44,62
45,52
45,61
47,52
47,48
48,60
51,61
51,81
52,71
53,72
55,60
56,59
60,76
62,86
63,69
63,70
64,84
66,76
66,89
69,83
69,71
69,70
69,73
70,89
70,79
71,81
72,86
74,88
79,82
