0,21
0,24
0,67
1,87
1,35
1,64
1,27
1,8
2,11
2,80
2,87
2,10
2,77
2,75
2,52
2,48
3,94
3,43
3,13
3,12
4,46
4,30
4,58
4,77
4,60
4,26
4,82
5,33
5,50
5,63
6,26
6,87
6,14
6,77
7,29
7,59
7,40
7,52
7,66
7,60
8,58
9,37
9,31
9,51
10,51
10,37
10,75
10,26
11,29
11,69
12,43
12,57
12,47
12,46
12,51
12,84
13,31
13,28
14,41
14,63
14,94
15,48
15,32
16,57
16,31
16,22
17,20
17,90
17,76
17,91
17,68
17,46
17,87
17,47
18,34
18,21
18,85
18,70
18,94
19,24
19,22
19,74
19,32
20,34
20,24
20,79
20,74
21,23
21,41
21,77
22,65
23,88
23,33
23,46
23,31
23,70
24,63
24,60
24,68
24,34
24,33
25,35
25,84
25,53
26,37
27,55
27,92
27,35
28,64
29,47
29,73
29,90
30,50
30,37
30,65
31,89
32,55
32,93
33,55
33,50
33,41
34,83
34,60
35,68
35,41
35,43
35,72
36,79
37,40
37,44
37,94
38,40
39,41
39,87
39,61
40,43
40,93
41,51
42,90
42,76
42,47
43,70
43,69
43,89
43,74
44,62
44,80
44,48
44,84
44,66
45,79
45,63
46,90
47,83
48,53
48,58
48,51
49,83
50,59
50,56
50,64
50,54
51,83
51,65
52,68
52,53
52,77
52,73
53,62
53,74
53,84
54,69
55,74
55,80
56,83
56,64
57,58
57,81
58,80
58,85
59,92
59,84
59,93
59,74
60,61
62,92
62,94
63,80
64,69
64,73
64,91
66,70
67,82
68,76
68,85
69,74
71,92
72,85
74,84
77,88
78,79
79,81
81,84
85,90
85,87
87,92
90,93
