0,39
0,35
0,88
0,53
0,37
0,64
1,12
1,2
1,24
1,45
1,23
2,53
2,69
2,3
2,37
3,56
3,28
3,49
3,86
3,65
3,54
3,79
3,18
3,81
4,18
4,51
5,67
5,95
5,96
6,64
6,16
7,87
7,95
7,86
7,41
7,56
7,28
8,98
8,10
8,45
8,12
8,56
8,15
9,49
9,14
9,19
9,97
9,94
9,95
10,85
10,57
10,87
10,20
11,99
11,42
11,58
12,62
12,50
12,90
13,31
13,14
13,42
13,15
13,29
13,54
14,83
14,18
14,95
15,17
15,59
15,70
15,77
15,19
15,92
16,58
16,52
17,42
17,19
17,22
18,41
18,58
18,92
18,49
18,74
18,54
19,54
19,41
19,31
20,67
20,60
20,94
21,99
21,34
21,37
21,41
21,72
21,57
22,78
22,96
22,72
23,93
23,51
23,80
23,33
23,55
24,63
24,72
24,29
24,32
24,31
25,80
25,92
25,52
25,85
25,39
25,68
25,49
26,72
26,39
27,88
28,46
28,96
29,71
29,56
29,94
30,80
30,57
30,72
31,79
31,86
31,32
32,91
33,89
33,41
33,59
33,82
34,93
34,88
34,47
34,62
35,69
35,94
35,65
35,44
35,58
36,80
36,51
37,85
38,87
38,95
40,96
40,69
41,99
41,65
41,67
41,75
41,57
42,49
42,59
44,87
44,69
44,90
44,61
45,81
46,51
46,77
47,70
47,95
47,87
47,83
47,67
48,68
48,61
48,94
49,59
49,71
50,95
50,96
50,99
50,54
51,59
51,98
51,87
52,92
52,77
53,94
54,81
54,77
54,95
55,56
55,84
56,88
56,78
57,71
58,66
60,71
60,75
60,98
60,78
60,82
60,72
62,83
64,75
64,82
65,91
65,84
66,82
66,68
67,72
67,98
68,73
68,85
68,77
69,84
69,79
70,73
74,76
74,88
75,90
78,81
78,98
79,82
80,83
81,99
81,88
82,84
82,98
85,94
88,97
89,99
