0,35
0,47
1,13
1,26
1,45
2,26
2,44
3,36
3,33
3,54
4,7
4,9
4,17
4,26
5,40
6,58
6,44
7,20
7,15
8,54
8,14
8,46
9,26
9,44
11,25
12,45
12,15
13,14
13,42
13,31
13,35
14,16
14,15
14,22
15,24
16,44
16,42
16,56
17,54
18,27
18,52
18,59
19,55
19,52
19,44
19,45
20,30
20,49
20,48
21,59
22,41
22,34
23,29
24,43
24,48
25,53
26,36
26,28
27,47
27,54
28,42
29,55
31,36
32,42
33,52
33,37
34,53
34,59
36,50
36,56
37,38
38,51
39,57
39,48
41,50
41,46
43,46
43,50
44,56
44,45
44,59
45,57
50,54
51,58
51,55
52,55
53,55
55,58
