0,42
1,13
1,31
1,58
1,64
2,59
3,65
3,42
3,16
3,29
4,29
4,16
5,7
5,57
6,36
6,64
6,35
6,39
6,58
7,13
7,57
7,64
8,37
8,62
8,45
9,13
9,23
10,26
10,61
10,16
10,43
10,22
10,25
11,33
11,37
12,65
13,50
13,38
14,23
15,43
15,63
16,39
16,38
17,54
18,51
18,62
19,54
21,56
22,26
23,54
23,48
26,48
26,28
26,37
28,55
28,29
29,32
29,44
29,64
30,35
31,52
32,51
32,36
34,50
34,47
35,66
35,63
36,44
37,51
41,46
42,48
42,56
43,61
43,56
44,45
44,67
45,47
45,49
46,50
46,59
47,53
48,51
49,68
50,65
50,66
53,62
53,68
54,68
55,64
57,58
61,68
61,65
62,63
63,65
66,68
