0,33
1,20
1,50
1,12
1,23
1,58
2,70
2,21
2,13
2,25
2,3
2,65
3,19
3,64
4,5
4,11
4,43
5,24
5,49
5,16
7,48
7,65
7,8
8,68
9,62
10,41
10,19
11,39
11,57
11,78
11,44
12,32
13,25
13,53
13,14
14,58
15,72
17,50
17,29
17,76
18,22
18,26
18,76
19,29
19,44
20,36
22,69
22,27
22,53
22,62
23,49
23,40
24,42
24,39
25,41
26,68
26,79
26,29
27,31
27,58
28,53
30,79
30,62
30,37
30,58
30,66
32,46
33,46
33,37
33,65
33,48
34,74
34,37
34,72
35,55
36,70
36,47
36,66
37,61
38,44
39,69
39,59
40,75
40,54
40,43
44,73
44,47
44,67
45,76
45,47
49,54
49,78
50,57
51,65
53,79
55,59
56,69
59,79
59,71
61,73
63,69
64,66
65,71
68,69
71,78
72,78
73,74
74,79
