0,43
0,38
0,55
0,72
1,20
1,10
1,19
1,17
1,52
1,64
2,60
2,77
2,35
2,56
2,23
3,48
3,37
3,36
3,59
3,49
4,33
4,79
4,20
4,28
4,15
5,15
5,26
5,67
6,8
6,26
6,30
6,25
6,66
6,52
7,27
7,33
7,37
7,54
7,31
8,67
8,58
8,78
8,65
9,68
9,52
9,34
9,33
10,65
10,67
10,69
10,40
10,76
11,59
11,22
11,37
11,28
11,77
11,27
11,69
12,45
12,20
12,67
12,38
13,24
13,83
13,75
14,67
14,53
14,54
14,65
14,25
14,50
15,68
15,37
15,77
16,25
16,53
16,78
16,50
16,84
17,35
17,30
17,78
17,59
17,58
17,83
17,84
18,39
18,72
18,36
18,47
18,71
19,42
19,47
19,68
20,45
20,61
21,40
21,83
22,55
22,43
23,48
23,71
24,77
24,32
24,29
24,63
24,84
24,68
25,43
25,67
25,62
25,77
25,34
25,82
25,51
26,47
26,63
27,78
27,73
28,49
29,46
29,31
29,54
30,60
30,39
30,76
30,36
30,66
31,42
31,34
31,46
31,69
32,47
32,73
33,39
33,78
33,52
34,40
34,47
34,66
35,38
35,57
35,82
35,59
35,56
36,40
36,71
37,62
37,70
37,71
38,47
38,64
38,39
39,67
39,77
39,45
40,64
40,56
41,75
41,43
41,79
42,64
42,83
42,48
42,80
43,78
43,59
43,47
44,52
45,74
45,72
46,64
46,54
46,84
46,59
46,79
47,56
49,50
50,75
52,82
52,60
52,62
53,82
54,76
54,62
56,76
56,60
56,57
57,82
58,63
58,77
58,64
58,79
61,76
61,65
62,84
64,77
66,75
66,81
67,80
67,74
69,82
70,84
75,79
76,81
82,83
