0,71
0,88
0,11
1,61
1,7
1,42
2,11
2,22
2,81
2,18
3,63
4,47
5,41
5,13
6,62
6,72
7,50
7,34
9,56
10,85
10,75
10,13
12,46
12,61
13,32
14,26
14,39
15,44
16,54
16,82
16,59
17,89
17,19
17,42
17,22
18,45
18,39
18,79
19,48
19,39
19,74
21,66
21,31
21,26
22,34
23,71
24,42
25,43
26,40
26,33
27,30
27,28
27,78
28,65
28,78
28,58
29,76
30,48
30,41
32,49
32,55
34,48
35,39
35,43
35,53
36,49
37,47
38,81
39,88
40,55
41,88
42,54
42,49
43,68
44,56
45,58
45,72
45,89
45,75
46,55
46,89
47,53
47,62
48,64
49,65
52,53
52,80
56,85
58,60
58,85
59,87
59,80
63,70
63,73
66,78
69,89
70,82
71,77
72,74
72,85
76,78
76,80
76,88
77,85
79,82
80,88
83,86
