0,32
0,23
0,3
0,57
1,49
1,2
1,58
2,6
3,41
3,5
4,65
4,54
4,73
4,71
4,9
4,21
5,76
5,54
5,19
6,62
6,73
7,61
7,58
8,36
8,45
9,72
10,63
10,37
10,61
10,38
11,32
11,64
11,69
11,70
11,30
11,17
11,52
12,54
12,39
12,19
12,13
13,71
13,20
14,59
14,38
14,44
14,24
14,41
14,71
14,16
14,15
15,72
15,19
15,61
15,44
15,79
15,22
15,36
16,33
16,24
16,64
16,66
17,76
17,40
17,60
18,75
18,24
19,26
20,33
20,72
20,54
21,40
21,34
21,71
22,63
23,43
23,36
23,49
23,52
24,60
24,76
25,36
25,78
26,66
26,42
27,53
27,49
27,65
27,78
27,36
28,68
28,69
29,72
29,71
29,66
30,39
31,47
31,48
31,44
32,70
32,52
32,36
32,59
32,41
33,51
33,79
33,71
33,66
34,55
34,37
34,47
35,75
35,71
35,37
36,53
37,61
37,73
38,54
39,47
39,79
39,68
40,49
40,63
42,57
42,50
43,54
43,69
44,59
44,47
45,74
46,53
46,68
46,73
47,57
50,60
50,71
51,68
54,72
55,66
56,78
57,78
58,66
60,73
62,70
63,65
63,69
64,73
65,76
66,76
68,73
71,75
71,79
71,76
73,75
