0,16
0,12
0,40
0,66
1,67
1,28
1,45
1,64
2,13
2,42
2,35
2,20
2,39
2,69
3,66
3,17
3,60
3,8
4,72
4,25
4,44
5,7
5,13
5,64
5,40
5,6
6,59
6,69
7,40
7,10
7,68
8,20
8,21
8,59
8,34
9,54
9,11
9,65
9,67
9,33
10,28
10,70
10,65
11,60
11,15
12,31
12,28
12,51
12,39
13,63
13,74
14,57
14,20
14,65
14,74
15,21
15,64
15,65
15,53
16,47
16,29
16,64
16,23
17,21
17,57
17,55
17,65
18,24
19,46
20,22
20,51
20,38
22,74
22,45
23,63
23,33
24,26
24,56
25,54
25,64
26,47
26,60
27,53
27,64
28,46
28,42
30,67
30,35
30,56
30,50
31,45
31,37
31,46
31,63
32,70
32,68
32,45
32,41
33,65
33,59
34,72
34,48
35,59
35,53
36,56
36,37
37,59
37,74
38,59
38,53
39,71
39,64
41,51
41,57
42,59
42,64
42,45
42,54
43,55
43,60
43,52
43,74
44,70
45,46
47,71
49,63
49,71
49,60
50,73
51,65
53,64
57,58
58,61
60,61
61,66
64,69
64,67
66,67
68,74
70,74
71,72
