0,16
0,39
0,18
1,8
1,26
1,18
1,34
1,40
1,16
1,15
2,29
2,35
2,11
3,19
4,26
4,23
4,19
4,14
4,15
5,19
5,23
5,25
5,35
5,12
6,36
6,43
6,21
8,28
8,25
8,14
8,12
8,15
9,20
9,17
9,11
10,16
10,27
10,20
11,31
11,34
11,12
11,21
12,21
13,25
13,40
13,26
14,23
14,39
14,44
15,19
15,20
15,23
15,32
15,38
16,40
16,42
16,21
16,44
17,29
17,26
17,40
18,24
18,38
18,30
18,39
19,21
19,40
20,29
20,44
20,28
21,39
21,31
21,44
21,32
22,42
22,31
22,23
22,28
23,37
23,35
23,34
24,37
24,36
24,30
25,44
26,28
26,38
26,33
26,39
27,29
27,31
27,44
27,42
28,30
28,34
28,37
28,43
28,44
29,39
29,43
29,32
30,41
30,34
30,35
31,32
31,44
31,33
32,38
33,40
33,42
35,38
36,39
38,39
40,44
