0,18
0,51
0,19
0,26
0,25
1,62
1,68
1,29
1,38
1,41
1,5
1,26
1,33
1,32
1,35
1,2
1,37
2,57
2,25
2,14
2,34
2,18
3,47
3,65
3,41
3,17
3,18
4,40
4,38
4,33
4,21
5,40
5,60
5,46
6,30
6,40
6,20
6,66
6,53
7,61
7,35
7,63
7,27
7,52
8,47
8,41
8,18
8,63
8,69
9,26
9,31
9,37
10,23
10,17
11,23
11,68
11,12
11,26
11,65
12,25
12,59
12,47
13,49
13,28
13,39
14,28
14,34
14,23
14,68
15,65
15,59
16,27
16,43
16,18
16,30
16,59
16,67
16,68
17,24
17,41
17,31
18,44
18,56
19,64
19,68
19,21
19,37
19,55
19,26
19,67
19,52
19,51
19,41
20,58
20,48
20,46
20,65
20,45
20,57
21,68
21,53
21,31
21,50
22,50
22,27
22,56
22,25
22,26
22,58
23,27
23,44
24,39
24,37
25,40
25,34
25,69
26,62
26,43
26,34
26,44
26,39
26,35
27,33
28,31
28,68
28,32
28,34
28,42
28,30
28,63
29,59
29,30
29,66
30,44
31,58
31,57
31,46
32,62
32,68
32,66
33,51
34,65
34,61
35,37
35,44
36,43
36,42
36,63
36,66
37,39
38,69
38,45
38,53
38,57
38,51
39,54
39,62
39,59
40,48
44,57
44,59
45,67
45,49
48,58
48,57
48,67
49,54
49,69
50,68
50,66
50,69
50,59
51,54
51,53
52,65
52,66
53,68
53,59
54,59
55,61
55,67
56,61
57,65
60,63
61,69
62,68
62,63
