0,63
0,82
0,52
0,47
0,1
0,23
1,27
1,84
1,25
1,34
1,36
2,43
2,12
2,29
2,72
3,63
3,33
3,24
3,27
4,72
4,77
4,75
4,46
4,78
4,9
4,82
4,19
4,56
4,65
4,36
5,84
5,7
5,55
6,14
6,39
6,12
6,40
6,18
7,73
7,76
7,57
7,65
7,51
8,29
8,25
8,54
8,84
8,83
9,13
9,29
10,42
10,70
10,83
10,52
11,34
11,52
11,71
11,56
11,24
11,41
12,16
12,18
12,13
12,80
12,35
13,45
13,69
13,54
13,76
14,69
14,30
14,32
14,48
14,21
15,83
15,37
15,44
15,28
16,55
16,59
16,61
16,36
17,58
17,23
17,20
17,66
17,38
17,34
17,72
18,60
19,64
20,22
20,84
21,30
21,29
21,66
21,71
22,45
23,62
23,75
23,73
24,69
24,29
24,36
24,26
24,80
25,46
27,82
27,84
27,60
28,38
28,47
28,65
30,70
30,73
30,69
31,73
31,56
31,77
32,78
32,79
34,79
36,60
36,65
37,73
37,47
38,52
38,48
38,64
38,70
38,83
38,69
38,74
39,52
40,53
40,49
40,68
40,56
41,77
41,70
41,50
41,73
41,71
43,58
44,82
44,57
45,84
45,74
46,64
46,56
48,65
48,61
49,64
49,72
49,79
50,57
50,68
50,52
51,59
53,77
54,63
55,70
56,79
57,74
57,58
58,70
58,78
58,61
59,71
61,75
64,76
66,84
67,73
68,81
69,70
75,84
76,78
76,80
