0,58
0,30
0,49
0,42
0,13
0,51
1,30
1,55
1,9
2,11
2,40
2,50
3,28
3,5
3,50
4,35
4,38
4,12
4,39
5,41
5,23
5,22
5,13
6,58
6,24
6,17
6,37
7,9
7,25
7,56
7,24
7,48
7,17
8,26
8,21
9,21
9,57
10,44
10,51
10,21
10,38
11,57
11,25
12,43
12,47
13,45
13,39
13,41
13,31
13,24
14,22
16,50
16,23
16,26
16,34
17,39
18,58
19,52
19,49
20,56
20,32
20,51
21,23
21,29
21,27
22,28
22,27
23,40
23,59
24,52
26,43
26,42
26,40
27,53
28,40
29,53
29,30
29,37
29,58
30,51
31,54
32,50
32,59
33,36
34,59
34,41
35,44
36,45
36,38
37,58
37,40
38,49
40,58
42,47
43,53
44,54
45,47
45,54
47,57
48,51
48,56
49,51
51,57
55,59
