0,67
0,36
0,37
0,64
0,25
0,26
0,28
1,37
1,29
1,25
1,12
1,69
2,59
2,50
2,4
2,13
2,8
2,3
2,53
2,64
3,13
3,6
4,22
4,50
4,24
4,26
4,56
4,39
4,5
4,10
4,69
4,58
5,33
5,44
5,8
5,20
5,18
6,8
6,36
6,47
6,32
6,53
6,28
6,61
6,17
7,27
7,59
8,27
8,15
8,37
8,23
9,60
9,52
9,38
9,12
9,15
9,69
10,18
10,57
10,66
10,38
10,15
10,27
11,19
12,45
12,26
12,50
12,31
12,33
13,65
13,34
13,27
13,26
14,24
14,48
14,39
14,40
14,36
15,27
15,29
16,63
16,41
16,38
17,65
17,49
18,63
18,60
18,65
18,48
18,61
18,24
19,54
19,46
19,23
19,20
19,34
20,25
20,65
20,56
20,30
20,33
20,54
21,65
21,28
21,41
21,48
21,31
21,55
21,61
21,40
21,58
22,62
22,24
23,43
23,27
24,61
24,46
24,32
25,47
25,63
25,68
25,66
25,42
25,58
26,54
27,66
27,37
27,39
28,63
28,50
28,65
29,40
29,57
29,38
30,40
30,47
30,46
30,57
31,34
31,69
31,43
31,56
31,63
32,59
32,60
33,38
33,66
33,45
33,52
34,39
35,52
35,62
35,57
35,48
36,47
36,39
36,43
36,66
36,65
36,57
37,56
37,68
37,39
38,42
38,69
39,69
39,41
40,54
40,56
41,65
41,53
41,59
42,52
43,62
44,48
45,63
45,49
45,66
45,47
46,64
46,65
46,52
47,48
47,60
49,55
49,64
49,53
50,57
50,69
50,59
51,60
51,64
54,67
54,57
55,69
56,57
56,69
56,60
58,59
58,66
59,69
59,64
60,63
61,69
61,66
65,69
67,68
