0,4
1,72
1,14
1,48
2,36
2,55
4,31
6,73
7,37
7,64
7,70
7,63
8,17
8,52
8,40
9,39
9,27
9,29
9,19
10,29
11,34
11,40
11,54
12,32
12,14
13,19
13,36
13,52
14,21
14,56
16,38
16,17
16,67
16,40
17,60
17,46
17,42
17,68
19,61
20,22
21,51
22,31
23,27
23,65
24,71
24,33
24,37
24,30
24,36
25,37
26,72
26,28
26,30
26,39
26,29
27,68
27,42
29,56
29,72
32,34
33,69
34,66
34,72
34,63
35,54
35,62
37,56
37,58
38,69
39,57
42,46
43,60
43,61
43,62
44,64
44,51
44,46
46,67
47,72
48,49
49,66
49,54
50,69
50,60
51,68
53,61
53,72
56,63
57,59
59,74
61,64
64,74
65,67
69,74
72,74
72,73
