0,34
1,58
1,54
1,28
2,12
3,29
3,12
4,75
4,63
5,21
5,47
5,62
6,85
6,84
7,82
7,11
10,26
10,30
10,51
11,76
11,61
11,24
11,82
12,62
12,85
12,24
12,83
12,38
13,79
13,70
13,50
14,16
15,70
15,63
16,19
16,78
17,86
17,50
18,38
18,21
18,30
18,37
18,82
18,57
19,76
19,51
19,38
20,32
20,72
20,61
21,58
21,42
23,35
25,62
26,51
26,33
27,71
29,89
30,87
30,57
31,77
32,64
35,59
36,69
37,64
38,45
38,83
39,86
40,67
40,60
42,66
42,86
43,68
43,85
44,75
45,74
46,47
47,86
47,63
50,89
51,58
52,88
54,56
56,71
56,83
57,74
57,79
58,65
59,73
60,65
61,79
64,83
69,70
69,71
71,73
71,72
72,75
72,79
72,83
74,77
81,84
87,88
