0,44
0,34
0,35
0,13
0,30
1,9
1,11
1,65
1,47
2,65
2,27
2,34
3,61
3,59
3,77
4,64
5,22
5,36
5,47
5,18
5,60
6,67
6,41
7,69
7,17
8,78
8,64
8,70
9,78
9,31
9,30
9,27
10,55
11,17
12,28
13,69
14,64
14,23
15,40
15,72
15,31
15,62
16,45
16,51
16,32
16,26
16,75
17,27
17,50
17,60
18,57
19,58
20,36
20,77
20,39
20,76
21,34
21,69
22,44
22,25
22,49
22,77
23,50
23,71
23,42
23,44
23,55
24,53
25,36
25,49
27,56
27,75
28,35
28,65
29,34
29,44
30,71
30,47
31,61
31,43
32,79
32,37
32,77
33,73
35,49
35,56
36,45
36,74
36,58
38,60
38,49
38,61
38,43
38,50
39,56
39,52
40,78
44,45
46,73
46,66
46,62
47,63
47,56
48,73
49,68
50,51
51,63
53,64
55,68
56,62
56,79
57,74
62,69
64,67
64,70
66,69
67,73
67,76
68,69
72,76
73,77
