0,42
1,2
2,30
2,24
3,6
4,79
4,52
5,68
5,12
5,57
6,27
6,54
6,69
6,30
7,56
7,68
7,20
7,57
8,57
8,34
9,18
9,75
9,54
10,44
10,59
10,73
11,79
11,22
11,15
11,35
11,33
11,43
12,49
12,37
12,76
12,41
12,25
12,74
12,77
13,19
13,57
14,18
14,34
14,37
15,65
15,44
15,43
16,59
16,63
16,34
16,26
17,79
18,68
18,38
18,19
19,32
19,50
20,47
22,76
22,55
22,75
23,36
24,63
25,43
25,54
25,47
27,71
27,56
27,54
29,47
29,44
29,40
31,67
31,76
32,41
33,62
34,47
35,56
35,50
36,79
37,44
38,47
38,73
38,56
40,41
42,71
43,61
44,61
51,60
52,68
54,62
54,58
54,72
55,77
56,62
56,77
57,59
58,76
62,73
64,79
69,76
70,79
73,77
73,79
