0,1
0,45
1,21
1,20
2,5
3,14
3,33
3,4
3,28
3,10
3,24
4,59
4,21
4,29
4,53
4,5
4,37
5,25
5,36
5,14
5,37
5,44
5,7
6,22
6,37
6,60
6,9
6,64
7,14
7,15
7,16
7,31
7,41
7,44
7,51
7,57
8,34
8,43
8,63
8,14
8,40
8,59
8,32
8,51
8,28
8,46
9,54
9,35
9,50
9,36
9,56
9,11
9,13
10,48
10,29
10,37
10,21
11,36
11,35
11,13
11,50
11,20
11,63
12,18
12,24
12,15
12,13
12,58
12,56
12,48
13,20
13,54
13,58
13,56
14,40
14,25
14,47
14,32
14,16
14,61
14,42
14,38
15,28
15,56
15,29
15,26
15,17
15,35
16,31
16,25
16,60
16,41
17,42
17,31
17,60
18,22
18,29
18,31
18,48
18,42
19,22
19,34
19,21
19,64
20,59
20,49
20,38
20,51
20,55
20,39
20,32
20,26
21,42
21,58
21,31
22,58
22,31
22,52
22,25
22,62
23,57
23,54
23,53
23,44
24,43
24,50
24,41
24,52
25,31
25,26
25,43
25,34
25,45
25,47
25,49
25,42
26,51
27,44
27,64
28,64
28,63
28,46
28,29
29,38
29,40
29,39
29,34
30,63
30,64
31,42
31,52
31,43
32,60
32,46
32,33
32,45
32,44
33,34
33,60
33,52
34,35
34,59
34,55
34,40
34,62
35,59
35,60
35,47
36,64
36,37
36,47
37,60
38,57
39,42
39,55
40,52
41,53
42,60
43,58
43,46
43,51
44,49
44,52
44,46
47,49
47,62
48,53
48,50
51,56
52,58
52,64
57,63
