0,52
0,61
0,63
0,19
0,11
0,76
0,49
1,79
1,55
1,8
2,21
2,9
2,16
3,64
3,73
4,20
4,15
4,50
6,36
6,29
6,42
7,67
7,24
7,51
8,64
9,78
9,68
9,57
9,65
9,75
10,56
11,50
15,29
15,31
15,28
16,17
16,67
16,66
16,46
17,60
18,71
18,38
19,72
20,73
20,35
21,49
22,71
22,49
22,64
24,77
25,49
25,50
28,71
28,75
29,53
33,47
33,76
33,77
34,51
37,40
38,66
39,57
39,42
41,51
41,73
44,63
44,78
44,45
45,49
45,74
45,64
46,74
47,79
47,52
48,61
50,75
52,67
53,61
57,76
57,70
58,74
58,60
60,70
62,76
63,64
64,78
66,73
71,75
72,78
73,78
74,76
