0,23
0,71
1,41
2,3
3,72
3,38
3,8
3,50
4,46
4,50
5,29
5,56
5,27
6,76
6,21
7,42
7,11
7,76
7,9
8,63
8,31
9,38
9,50
9,49
10,82
10,18
11,88
11,60
12,32
12,65
12,37
13,54
13,34
15,23
15,92
16,46
16,29
16,65
16,33
17,65
18,93
18,43
18,90
18,58
19,47
19,58
19,66
20,57
20,77
21,82
22,86
23,81
23,87
23,39
25,64
25,55
25,40
27,41
27,46
28,66
31,32
31,65
32,40
34,78
34,83
34,50
35,90
35,86
36,63
36,82
37,92
38,90
38,63
39,78
40,55
40,93
40,77
40,70
41,51
41,81
41,64
42,43
44,65
45,85
45,65
45,81
46,63
47,87
47,69
48,70
48,51
51,65
53,57
53,66
54,69
54,83
56,85
56,84
56,63
57,91
58,72
59,94
59,86
59,80
61,81
65,87
65,71
66,67
66,76
67,70
69,84
69,72
70,83
71,72
72,76
72,90
73,88
75,86
76,88
79,90
82,87
84,87
87,89
88,89
