0,25
0,11
0,35
0,32
0,30
0,73
1,98
1,8
1,20
1,6
2,53
2,34
2,38
2,7
2,13
2,15
2,4
3,12
3,5
4,95
4,80
5,48
5,23
5,70
5,79
5,86
5,43
5,56
5,10
6,21
6,78
6,54
6,60
6,50
7,63
8,27
8,85
8,51
8,69
8,14
8,62
9,91
9,71
9,41
9,30
10,53
10,19
10,34
10,23
11,80
11,17
12,51
13,96
13,86
14,36
14,30
14,25
14,58
14,49
15,69
15,21
15,19
15,66
16,25
16,94
17,23
17,22
18,57
18,23
18,21
18,47
18,70
19,58
19,80
19,85
19,36
20,85
20,45
20,98
20,90
21,55
21,73
22,57
22,49
23,34
23,33
23,89
24,52
24,98
25,37
25,31
26,99
26,91
26,69
26,27
26,65
27,96
27,91
27,46
27,42
27,39
27,36
28,96
28,56
29,85
30,82
30,54
31,50
32,81
32,41
32,62
34,64
35,56
35,68
36,69
37,78
38,87
38,80
38,69
38,47
40,81
40,49
40,84
41,58
42,91
42,60
42,86
43,50
43,55
45,62
45,73
46,97
47,69
48,69
49,81
49,53
49,62
49,75
49,56
50,81
51,84
52,72
53,75
54,73
54,79
55,63
57,78
57,93
57,61
58,61
58,67
58,86
59,94
60,88
60,87
62,92
62,70
64,77
65,85
66,67
66,87
67,84
68,77
69,90
69,83
70,94
71,78
71,87
72,93
73,87
73,99
75,81
78,91
79,93
80,97
81,96
88,99
89,90
