0,31
1,40
1,41
1,47
1,25
2,27
2,45
2,6
2,7
3,6
3,35
3,5
3,46
3,24
4,21
4,47
4,30
4,36
4,49
5,6
5,17
5,32
6,29
6,23
6,21
7,23
7,18
7,12
7,40
8,39
8,12
8,42
8,32
8,24
8,36
10,21
10,30
10,16
11,30
12,45
12,29
12,46
12,40
13,27
13,20
13,42
14,31
14,30
14,34
14,38
14,37
15,36
15,44
15,17
15,24
16,45
16,38
17,23
17,41
17,21
17,27
17,29
18,28
18,48
19,23
19,26
19,29
20,42
20,45
20,33
20,39
20,26
21,44
21,41
21,48
23,47
23,37
24,29
24,38
25,49
25,26
25,40
25,36
26,31
26,35
26,44
28,45
28,48
29,49
29,47
32,44
32,35
32,33
33,45
33,34
34,48
34,45
34,47
34,40
35,38
37,47
43,46
