0,52
0,36
0,67
1,30
1,37
1,76
1,74
2,79
2,59
3,27
4,49
4,66
4,42
4,71
5,19
5,18
6,63
6,54
7,19
7,45
7,44
8,26
8,74
8,46
9,33
9,40
9,60
10,24
12,61
13,42
13,45
14,53
14,61
14,49
14,18
14,15
15,52
15,53
15,63
15,79
16,19
16,57
16,69
16,31
16,27
16,32
17,34
17,19
18,53
18,35
18,42
20,26
20,51
20,58
20,55
21,44
21,23
22,45
23,28
23,75
23,26
23,58
26,28
26,60
26,74
27,40
27,68
28,54
28,45
29,38
29,36
29,61
30,64
31,64
32,77
33,76
34,35
35,74
35,44
35,66
37,46
38,56
39,69
39,48
40,41
41,48
42,52
47,49
48,53
48,67
49,77
49,60
49,66
51,59
51,71
51,79
51,65
52,78
53,76
53,67
55,72
55,74
57,66
57,79
57,65
58,78
59,75
61,71
63,73
66,72
67,68
70,77
71,74
