0,44
1,73
3,9
4,33
4,5
5,6
5,13
5,20
5,14
6,94
6,12
6,90
7,29
7,78
8,77
8,71
8,30
9,30
9,91
9,32
9,73
10,87
10,21
10,47
11,90
12,89
12,20
12,91
12,70
13,43
13,44
13,30
13,49
13,55
13,64
14,30
14,42
14,60
15,53
16,93
16,69
17,62
17,25
17,78
17,27
19,69
19,29
19,74
19,44
19,53
20,59
21,23
21,75
21,91
22,70
22,71
22,37
22,43
23,52
24,91
24,79
25,53
25,32
25,43
25,73
26,35
26,54
26,29
26,89
27,49
29,33
29,59
30,33
30,65
31,63
32,62
32,60
33,41
34,53
35,41
35,73
36,59
36,86
37,81
37,51
37,58
38,54
38,43
38,46
39,85
39,82
40,83
40,63
40,64
40,42
40,94
42,73
42,67
43,57
45,47
45,57
45,68
45,51
48,51
48,91
49,54
49,69
49,86
49,57
51,59
52,82
53,70
53,57
53,91
55,74
56,73
56,72
57,74
57,66
57,68
57,72
58,76
58,78
59,68
60,85
61,66
61,67
62,77
62,74
63,92
63,78
64,94
64,88
66,68
66,75
66,85
69,87
72,83
73,88
75,94
76,83
79,83
84,93
85,87
92,93
