1,49
2,39
2,26
3,60
4,69
4,57
4,50
4,61
5,24
6,61
6,56
7,39
7,52
7,37
7,20
8,9
9,38
9,37
9,59
9,42
9,53
10,61
10,36
10,17
10,49
11,40
11,49
12,59
13,33
13,22
13,53
15,17
15,43
17,51
18,64
18,61
18,23
18,54
19,38
19,36
19,37
21,56
21,52
21,24
22,47
23,43
24,42
24,72
24,44
24,71
25,31
27,72
27,43
28,50
28,57
29,35
29,68
29,61
30,37
30,61
31,66
32,50
32,36
32,42
33,64
34,55
35,62
35,49
35,64
36,72
37,67
37,65
37,50
39,47
41,42
43,53
43,45
43,51
43,59
44,60
45,59
50,61
55,58
56,67
58,66
63,64
64,73
