0,81
0,49
0,78
0,99
0,34
1,5
1,71
1,63
2,84
2,97
2,50
2,37
2,83
2,78
3,79
3,27
3,92
4,95
4,36
4,22
4,32
4,61
4,75
4,97
4,74
5,37
5,11
5,49
5,42
5,96
5,14
5,29
5,25
5,68
5,8
5,85
6,51
6,18
6,38
6,35
6,15
6,88
6,73
6,26
7,56
7,26
7,54
7,93
7,10
7,15
7,73
8,13
8,44
8,43
8,72
8,80
8,32
9,67
9,12
9,45
9,71
9,38
10,38
10,71
10,17
10,51
11,32
11,18
12,87
12,80
12,30
12,51
12,72
13,79
13,27
13,82
13,43
13,67
13,66
14,32
14,65
14,51
14,45
15,40
15,32
15,84
16,30
16,69
17,39
17,45
17,61
17,57
18,21
18,41
18,51
18,99
19,50
20,93
20,65
20,42
20,43
20,46
20,82
21,80
21,36
21,32
21,70
22,40
22,79
23,75
23,40
23,39
23,79
24,45
24,38
24,68
24,86
24,57
24,82
25,29
25,49
25,52
26,69
26,88
26,29
26,72
26,79
27,77
28,80
28,59
28,99
28,33
28,95
28,67
28,41
29,91
29,59
30,59
30,67
30,65
30,42
30,55
30,48
31,77
31,69
31,60
32,96
32,86
32,39
32,82
32,71
33,44
33,46
33,88
33,49
33,71
33,43
34,67
34,65
34,96
34,35
34,87
34,55
35,71
35,86
35,98
35,48
35,79
36,48
36,61
36,77
37,98
38,75
38,53
39,87
39,62
39,64
39,43
39,41
39,75
40,80
40,53
40,57
41,79
41,71
41,81
41,53
41,94
42,46
42,88
43,72
43,69
44,69
44,48
45,85
46,84
46,76
46,86
46,82
46,48
46,83
47,77
47,91
47,87
47,70
48,72
48,79
48,87
49,65
49,51
49,86
49,90
49,66
49,67
50,58
50,99
50,88
51,61
51,55
51,79
52,95
52,87
53,87
53,77
53,74
53,95
54,68
54,88
55,77
55,66
55,76
55,68
55,75
56,74
57,99
58,82
59,91
59,92
61,77
61,68
62,65
62,81
62,93
63,66
63,64
64,66
64,98
64,77
65,88
66,99
66,91
66,87
66,89
67,72
67,99
67,88
69,86
70,74
70,78
70,84
70,79
71,94
72,88
72,92
74,78
74,95
74,91
75,87
75,77
76,97
77,97
77,90
80,99
83,94
84,95
90,97
91,97
92,99
96,97
