0,35
2,56
2,58
2,48
2,13
2,53
2,51
3,25
3,13
3,14
4,12
4,86
5,80
5,89
6,89
8,22
8,30
8,54
9,33
9,26
11,19
11,85
13,53
14,54
15,65
15,88
15,56
16,62
16,84
20,30
20,77
21,40
22,80
22,77
22,53
23,38
23,74
24,73
24,55
24,79
25,89
28,87
28,51
28,81
28,38
28,50
29,49
30,51
30,77
30,39
30,81
31,73
32,52
32,76
34,49
35,56
35,65
36,42
36,71
36,76
36,69
37,84
37,52
37,72
39,49
39,73
41,77
41,73
42,56
45,62
45,69
47,76
49,67
50,86
57,83
58,83
59,69
60,78
61,87
62,77
62,89
62,71
62,70
64,87
67,75
67,78
69,71
74,88
74,81
78,81
79,84
