0,14
0,12
0,17
0,37
0,5
1,19
1,39
1,28
1,45
1,25
1,36
1,16
1,22
1,3
2,15
2,38
2,43
2,45
2,8
3,40
3,45
3,13
3,5
5,28
5,40
6,21
7,12
7,22
7,19
7,46
7,34
7,38
8,42
8,26
8,38
8,32
9,37
9,34
9,13
10,25
10,12
10,39
10,31
10,35
10,13
10,44
11,47
11,33
11,26
11,16
11,41
11,23
12,36
12,42
12,25
12,19
12,16
13,44
13,31
13,32
14,24
14,19
14,21
15,32
16,25
16,20
16,34
16,41
17,33
17,29
18,26
18,19
19,30
19,31
19,21
19,41
20,42
20,48
20,46
20,29
20,34
21,38
21,46
22,34
23,47
24,28
25,39
26,41
26,40
28,43
28,39
28,35
28,42
29,31
30,35
30,31
32,35
32,41
32,36
33,37
35,41
36,37
36,38
37,39
37,49
38,49
38,43
38,44
39,48
40,48
41,46
43,47
