0,14
0,24
0,38
1,9
1,21
1,12
1,14
2,38
2,69
2,31
3,40
4,70
5,67
6,25
6,15
6,24
6,71
7,38
7,72
7,60
7,53
8,49
9,37
10,19
11,17
11,44
11,61
11,73
11,16
12,16
13,50
13,23
13,44
14,46
14,43
14,42
15,42
15,25
15,35
15,56
17,24
17,56
18,24
18,59
18,21
20,43
20,50
20,44
21,38
22,51
23,46
24,26
24,42
24,55
26,40
26,59
27,38
27,48
27,60
27,43
27,64
28,55
28,33
28,37
28,67
29,69
29,58
30,44
31,52
31,66
31,56
33,39
33,51
33,50
34,35
34,52
34,69
35,47
35,45
35,64
35,52
36,52
36,74
36,37
37,58
37,71
37,52
39,74
39,63
39,72
40,51
41,60
41,42
42,50
42,64
44,48
44,54
48,68
49,53
50,59
51,70
52,59
57,72
64,67
66,71
