1,48
1,61
1,25
1,54
2,32
2,73
2,52
4,85
4,66
7,8
7,50
7,65
8,77
8,53
8,88
9,60
9,55
9,58
9,41
10,56
11,26
12,68
13,68
13,18
13,19
13,52
13,26
14,39
14,35
14,21
14,23
15,58
15,27
15,53
16,39
16,40
16,74
16,29
17,83
17,60
18,24
18,70
19,32
20,42
21,88
21,77
23,50
23,87
23,58
24,78
24,32
24,38
24,86
25,40
25,74
26,76
26,28
26,89
26,59
29,41
29,87
29,84
31,68
33,79
33,61
33,38
34,55
34,73
34,58
36,67
38,52
38,82
38,63
38,71
40,42
41,50
42,88
44,78
44,88
45,85
47,73
50,74
52,64
52,86
52,60
53,70
55,77
56,83
57,58
58,76
61,77
61,78
62,77
64,65
65,67
66,71
69,79
70,83
71,74
73,89
74,82
76,85
78,86
78,85
85,89
