0,74
0,66
0,76
0,49
0,7
1,52
1,75
1,79
2,63
2,92
2,42
2,60
2,27
3,46
3,96
4,31
4,19
4,13
4,67
5,48
5,9
6,75
6,18
6,33
6,89
7,86
8,98
8,86
8,29
8,45
9,88
9,33
9,96
10,23
10,81
10,24
10,92
12,99
13,78
14,89
14,82
15,48
15,69
15,83
15,62
16,20
16,29
17,21
17,55
17,79
17,24
18,23
18,94
18,22
18,35
18,47
18,87
19,98
19,38
19,87
19,76
20,62
20,44
20,22
21,46
22,43
22,87
22,61
23,79
23,63
24,87
24,67
24,83
24,65
24,61
24,53
25,76
25,68
25,49
25,33
26,32
26,59
26,86
27,41
27,37
27,40
28,35
28,51
29,92
29,33
29,87
30,69
30,68
30,51
31,48
31,88
31,92
31,41
31,34
31,62
32,71
32,51
32,33
32,85
33,79
33,62
34,95
34,57
35,71
35,79
35,38
36,53
36,92
36,50
37,82
37,89
38,61
39,76
39,68
40,41
41,54
41,47
42,50
42,64
42,72
43,85
43,72
44,95
45,53
45,54
46,95
46,61
47,95
48,57
48,81
48,82
49,92
49,97
49,60
49,95
51,67
52,97
54,59
54,83
54,67
54,81
54,63
56,87
56,77
56,78
56,76
57,83
57,74
57,70
57,89
58,98
59,84
59,74
60,76
60,62
61,65
61,89
61,91
64,75
64,76
66,77
66,91
66,89
67,77
67,97
67,89
68,69
68,93
68,80
69,71
69,78
69,87
69,88
69,79
70,97
70,87
70,91
70,95
70,85
73,90
74,97
74,85
74,84
75,94
75,91
75,79
75,76
75,93
78,82
81,85
83,98
83,95
84,87
93,98
