0,57
0,59
0,3
0,28
1,40
2,29
2,15
3,43
3,29
4,5
5,29
5,67
5,11
5,55
5,71
6,18
6,13
7,68
7,26
9,36
9,27
9,59
9,50
10,67
10,25
11,45
11,32
11,56
13,19
13,56
14,57
15,51
15,32
16,38
16,54
16,24
16,59
16,73
16,57
17,37
17,57
17,60
17,66
18,63
18,60
18,52
19,60
19,34
19,38
21,42
22,50
22,27
22,47
23,59
23,40
23,68
23,74
24,54
24,42
25,47
25,36
26,65
28,49
28,59
28,70
29,41
30,56
32,37
32,46
32,54
33,57
34,46
34,48
35,66
36,65
36,71
38,74
38,67
38,41
38,61
39,72
39,64
40,66
41,53
41,42
42,68
42,63
45,71
46,67
47,66
47,72
48,49
49,56
49,61
50,58
50,65
52,58
53,66
53,63
58,67
61,65
62,69
66,74
68,70
