0,71
0,19
1,71
1,52
2,9
2,61
2,3
2,41
2,39
3,11
3,27
3,53
3,69
3,36
4,62
4,38
4,49
4,29
4,34
5,61
5,33
5,31
5,24
5,36
5,47
6,63
6,18
6,54
7,60
7,16
7,43
7,46
7,25
8,19
9,48
9,39
9,21
10,26
10,54
10,16
10,17
10,39
11,29
12,71
12,53
12,16
12,38
12,13
12,62
13,21
13,62
14,19
14,55
14,48
15,43
15,70
15,50
16,67
16,52
18,42
18,68
18,52
18,27
18,50
19,44
20,63
20,29
20,31
20,25
21,69
22,27
22,44
22,41
23,48
24,58
24,25
25,58
25,71
25,53
25,67
27,37
27,55
28,73
29,71
29,41
29,69
29,66
30,62
31,63
31,73
32,64
33,71
33,35
33,72
34,49
34,69
36,70
36,55
36,53
36,60
37,62
37,45
38,66
40,46
40,59
41,64
44,51
44,50
44,69
44,73
46,72
46,61
46,53
47,63
48,61
49,70
49,58
52,63
52,53
53,59
54,57
60,72
62,72
63,68
64,69
64,74
65,69
67,70
