0,63
2,20
2,78
2,58
2,79
2,60
2,65
3,66
3,37
4,26
5,79
5,20
5,62
7,36
7,70
7,53
7,42
8,35
9,37
9,59
9,79
10,61
10,44
11,21
11,52
12,67
12,50
12,55
13,76
13,36
13,49
13,29
14,57
14,50
16,30
17,76
17,69
17,51
17,50
19,52
20,60
21,38
21,56
22,35
22,66
24,74
24,27
26,40
27,49
27,51
28,33
28,41
28,78
31,39
31,52
31,77
32,40
32,37
33,68
34,45
36,76
36,75
36,37
36,48
36,63
37,45
38,49
41,76
42,51
42,57
44,68
46,59
46,69
48,68
48,70
49,77
49,52
49,71
50,58
50,56
51,60
54,65
55,75
55,71
57,75
61,62
63,76
65,77
67,70
69,72
