0,80
0,51
0,69
1,48
1,53
1,59
1,88
2,16
2,43
3,42
4,29
4,67
4,56
4,64
4,49
5,54
5,92
5,93
6,52
6,14
7,74
7,14
8,26
8,19
9,11
9,93
9,77
9,32
10,58
10,45
11,53
11,41
11,60
12,34
12,61
12,65
12,18
12,68
12,23
12,49
13,67
15,77
17,70
18,50
18,61
18,84
18,21
18,49
19,72
19,60
19,46
19,51
19,49
20,52
20,62
20,87
21,28
22,47
23,82
24,25
24,76
25,45
25,73
25,31
26,44
26,62
27,65
27,38
27,91
28,32
28,49
28,85
29,66
29,93
29,76
30,82
30,87
31,67
32,43
32,91
33,92
33,73
33,79
33,57
34,49
36,75
36,41
39,45
39,60
40,57
40,75
41,72
41,85
42,93
42,82
42,59
43,65
43,89
44,56
44,83
45,69
45,65
46,54
47,53
48,77
49,56
50,61
52,79
53,66
57,69
57,90
58,68
58,85
59,79
59,75
63,86
63,80
67,88
68,87
70,77
71,89
72,93
73,93
73,79
78,79
79,83
81,83
81,84
86,89
