0,70
0,41
1,61
1,71
1,20
2,16
2,53
3,34
3,33
3,73
3,68
4,46
4,83
6,43
6,26
6,49
7,78
8,28
9,65
9,21
9,23
10,18
10,89
11,49
11,43
12,77
12,29
13,75
15,85
16,26
16,79
17,71
17,50
17,74
18,63
19,92
20,62
20,50
20,65
20,95
20,85
22,60
23,98
23,87
24,25
25,36
25,37
26,98
27,56
27,76
28,96
28,46
29,41
30,81
30,77
31,97
31,93
32,85
32,56
32,42
34,61
34,45
34,47
35,71
36,87
37,48
37,59
38,60
42,92
44,85
44,75
45,70
47,54
48,74
49,81
50,65
50,87
51,57
52,55
54,56
54,57
54,67
57,69
57,85
57,65
58,98
59,76
60,75
61,62
62,63
63,70
65,77
66,80
67,75
67,84
68,95
70,96
71,80
73,85
74,89
74,83
75,94
77,91
81,90
81,98
84,93
88,92
94,96
95,97
