0,61
0,13
0,3
1,44
1,30
2,57
2,67
3,17
3,31
3,44
4,22
4,10
5,58
5,36
6,57
6,33
7,59
8,14
8,32
8,59
9,63
9,62
9,47
10,31
10,32
10,17
11,27
11,29
12,39
13,67
13,28
13,44
14,34
14,66
14,33
14,49
16,49
17,58
17,25
19,48
19,62
19,36
19,28
20,68
24,58
24,51
25,41
25,51
27,32
27,31
28,66
29,55
30,52
31,46
32,48
32,39
33,65
33,57
33,63
36,58
37,41
38,52
38,58
38,65
38,53
39,58
39,54
39,56
43,62
43,65
44,64
44,66
46,60
47,59
48,50
48,69
51,66
51,52
51,59
52,62
52,63
54,60
55,66
56,62
59,64
59,60
60,67
61,65
62,69
66,68
