0,18
0,37
1,62
1,55
2,25
2,27
3,74
3,10
3,13
4,33
4,27
4,40
5,43
5,6
6,56
6,72
6,40
6,66
6,54
7,10
7,52
7,74
7,57
7,53
8,23
8,63
8,62
8,74
9,31
9,27
9,52
10,68
10,61
11,66
11,60
12,22
13,66
14,63
14,61
15,32
16,61
16,20
16,46
17,30
17,63
17,20
18,20
19,39
19,64
21,74
21,61
21,32
21,38
21,70
22,51
22,73
22,72
23,44
23,49
24,27
24,55
24,60
26,34
26,64
26,66
26,47
27,59
27,72
27,36
28,52
29,73
29,36
31,48
31,52
31,59
31,68
32,70
32,67
33,45
35,73
35,62
35,53
35,54
36,43
36,41
36,63
36,66
36,46
37,66
39,73
40,68
41,68
44,52
44,66
45,63
47,68
48,68
49,68
49,71
53,56
54,74
56,59
57,71
58,60
63,67
65,67
66,68
