0,63
0,57
1,94
1,87
2,48
3,94
3,10
4,75
4,87
5,29
5,33
5,78
6,64
6,94
6,43
7,32
7,43
8,61
9,50
10,36
11,45
11,13
12,24
12,61
13,69
13,57
13,17
14,36
15,26
16,82
17,56
18,81
18,82
19,87
20,70
21,24
21,67
22,48
22,64
23,64
24,55
24,44
24,60
25,26
26,69
26,31
27,38
27,74
27,41
27,75
27,35
29,76
29,91
29,36
30,77
30,44
31,39
32,73
33,58
33,80
34,62
34,76
34,80
36,58
37,79
38,53
38,41
39,88
40,75
42,92
42,69
42,71
44,51
44,55
45,92
45,82
46,88
46,54
47,77
47,48
47,92
48,68
48,84
48,62
50,70
52,61
52,71
52,90
52,64
53,73
53,69
54,61
54,81
55,89
56,69
57,67
59,91
60,90
61,89
63,70
64,69
67,93
67,91
69,84
74,76
75,77
79,86
82,91
91,93
92,94
