0,70
0,13
1,15
1,18
3,34
3,26
3,72
3,23
4,72
4,28
4,62
4,6
4,35
5,28
6,37
6,19
6,25
7,44
7,33
7,32
8,31
8,26
8,40
9,39
10,34
10,21
10,57
11,35
11,47
11,74
11,21
12,70
12,41
12,45
12,72
13,39
14,74
14,17
14,68
14,45
15,60
15,47
15,44
16,33
16,34
17,61
17,70
17,21
18,70
19,22
19,24
20,62
20,59
20,31
21,33
21,37
21,71
23,71
24,56
24,69
24,60
25,47
25,34
25,52
25,65
26,55
26,38
26,53
26,49
27,73
28,60
28,55
29,49
29,35
29,64
30,35
30,40
31,56
31,51
31,71
32,65
33,67
34,72
34,65
34,59
35,70
35,37
37,46
39,67
39,41
39,53
39,74
41,59
41,42
42,62
43,69
45,59
46,68
47,59
48,65
48,57
49,70
50,51
51,52
52,59
53,55
60,74
60,70
63,70
64,66
