0,29
0,34
0,33
0,45
1,39
1,6
1,34
1,21
1,10
1,32
1,43
1,2
2,17
2,42
2,19
2,36
2,35
2,15
3,20
3,9
4,28
4,29
5,6
5,16
6,20
6,33
6,49
7,45
7,36
7,44
7,27
7,49
8,29
8,21
8,13
8,34
8,14
8,24
8,31
9,36
9,35
9,16
10,48
10,13
10,29
10,47
11,31
11,40
11,41
12,13
12,19
12,44
12,48
13,43
13,23
13,15
13,25
13,14
13,24
13,38
13,44
14,30
15,28
15,46
15,22
15,40
15,32
15,34
16,21
16,37
16,30
16,43
17,29
17,31
17,21
17,19
17,38
18,21
18,42
18,32
18,25
19,38
19,30
20,37
20,49
20,26
20,22
20,23
21,31
21,29
21,49
22,32
22,23
22,25
23,42
23,25
24,32
24,33
24,46
25,48
25,29
25,33
25,43
26,47
27,48
27,35
27,36
28,39
28,33
28,49
29,36
29,31
29,47
29,46
30,45
30,36
30,48
30,42
30,32
31,36
31,48
31,44
31,33
33,42
33,48
33,45
33,37
34,43
34,37
35,49
36,39
36,46
36,41
36,47
38,39
39,40
40,48
42,48
