0,21
0,75
0,39
0,63
1,70
1,17
1,40
1,6
2,22
3,55
3,75
4,22
4,55
4,29
4,69
5,26
6,35
6,38
6,59
7,16
7,21
10,58
10,77
12,48
13,38
13,16
14,46
14,77
15,66
15,54
15,55
15,73
15,74
16,70
19,43
19,53
20,33
20,43
21,64
21,61
22,52
22,33
24,77
24,35
24,25
25,43
26,71
26,56
28,52
28,59
28,44
29,66
30,75
32,45
33,35
33,64
34,41
35,70
36,74
36,61
37,50
37,74
39,78
41,77
42,60
42,73
42,61
43,62
44,76
45,79
45,57
46,57
48,64
48,59
49,74
50,57
51,71
51,63
54,70
56,60
56,57
57,67
57,68
58,61
58,60
60,69
64,66
66,76
73,75
