0,8
1,4
1,19
2,52
2,9
3,51
3,48
3,53
3,72
3,61
4,55
4,56
5,51
6,74
6,66
6,16
7,60
8,51
10,38
10,30
10,17
11,57
12,19
12,72
13,52
13,53
13,35
13,64
13,21
13,23
13,46
14,31
15,25
15,47
15,52
15,37
16,66
17,34
17,46
18,62
19,59
19,46
20,63
21,38
22,51
22,45
22,28
22,49
24,56
24,37
25,40
25,74
27,74
28,58
30,65
32,34
33,36
33,60
33,40
34,72
34,54
36,69
36,71
36,38
36,73
37,62
38,39
38,61
38,70
39,57
39,73
39,56
39,44
40,71
40,48
40,61
40,70
41,70
41,50
47,64
48,51
49,56
50,52
52,61
54,74
62,72
66,70
68,74
69,72
71,73
