0,37
0,19
0,47
0,55
1,59
1,63
2,29
2,51
3,16
4,15
4,41
4,58
4,71
4,37
4,29
5,41
5,58
5,14
6,53
6,50
7,36
7,47
7,13
8,42
9,71
10,17
11,25
11,30
11,65
11,20
12,58
12,62
12,69
12,70
12,39
13,53
13,18
13,30
13,51
14,60
14,23
15,45
15,21
15,55
15,35
15,44
15,20
16,33
17,64
17,21
17,23
18,49
19,32
20,63
20,38
20,39
21,52
21,39
21,63
23,35
23,62
23,45
25,49
25,70
25,37
25,53
26,55
26,52
26,51
27,71
27,50
28,73
29,52
30,71
30,32
30,54
30,46
31,39
31,33
31,68
32,72
32,34
33,71
33,41
33,44
34,72
34,44
36,54
37,41
37,61
39,63
39,74
39,73
41,64
42,65
42,58
44,59
44,52
45,55
45,67
45,60
49,66
50,60
51,54
56,69
60,66
61,68
62,74
63,72
63,68
63,64
68,69
