1,26
1,31
1,25
2,43
2,33
2,65
3,49
3,69
3,37
4,7
4,49
4,43
4,18
4,25
4,54
5,19
5,46
6,66
6,34
7,51
7,72
8,13
8,43
9,15
9,70
9,53
9,45
10,28
10,19
10,59
10,47
10,68
10,34
10,20
11,45
11,44
11,18
11,65
11,70
11,40
12,21
12,55
12,26
13,70
13,47
13,77
13,63
13,25
13,37
13,29
14,34
15,25
16,75
16,52
17,55
17,30
18,35
18,56
19,58
20,55
21,37
21,33
21,59
21,52
21,26
22,37
22,54
23,29
23,47
23,73
24,58
24,36
24,33
24,27
24,74
24,69
25,77
26,66
27,36
27,69
28,62
29,78
29,38
29,67
30,58
30,42
30,56
30,39
31,58
31,63
32,33
32,66
33,70
34,41
34,72
34,64
35,65
36,43
36,65
37,59
37,79
37,50
38,42
38,52
38,58
39,68
39,64
40,54
41,49
41,69
41,53
41,47
42,64
43,70
43,67
44,59
44,69
44,49
45,55
46,57
47,49
48,71
48,62
49,53
49,59
50,68
50,64
52,67
55,69
55,61
56,64
57,61
57,60
58,62
59,66
59,67
60,70
61,66
62,63
63,70
63,74
65,70
65,72
69,76
74,75
76,77
77,78
