0,21
0,53
1,18
1,28
1,34
1,13
2,40
2,15
2,74
3,59
3,13
3,6
3,36
3,32
3,17
4,65
4,56
4,63
4,11
5,72
6,84
6,60
6,37
6,70
7,21
7,50
7,74
7,38
8,45
8,43
8,69
9,84
9,83
9,31
10,72
10,34
10,55
11,41
11,20
12,47
12,26
12,24
13,78
13,39
13,59
14,73
14,72
14,15
14,80
15,18
16,55
16,51
16,79
16,27
16,83
16,46
17,19
17,75
17,33
17,79
18,43
19,56
19,69
19,27
20,56
20,24
20,37
20,51
20,66
21,41
21,82
21,50
22,66
22,29
22,38
22,51
22,54
23,70
23,75
23,61
24,44
24,84
25,82
25,73
25,29
25,76
26,81
26,32
26,44
26,40
27,57
27,74
27,81
28,54
28,59
28,71
29,69
30,83
30,62
30,75
31,84
31,35
31,43
32,61
32,51
32,75
32,53
33,51
33,71
33,43
33,74
34,48
34,56
34,70
35,81
35,74
35,57
36,81
36,50
36,52
37,38
37,48
38,47
38,67
38,81
39,61
39,47
39,64
39,58
40,68
40,78
40,84
40,66
40,41
41,45
41,75
41,63
42,78
43,66
44,46
45,57
46,51
46,68
46,49
47,54
52,73
53,69
55,70
56,84
56,58
57,61
58,71
58,69
59,67
62,70
62,67
63,65
65,80
66,69
67,81
67,73
67,84
71,84
72,80
73,83
76,84
78,83
81,83
