0,11
0,41
1,36
2,4
2,51
2,62
2,10
3,60
3,21
3,8
4,52
4,59
4,19
4,36
4,49
4,32
5,16
5,39
5,62
5,42
5,47
5,29
6,60
6,45
7,31
7,20
7,9
7,40
8,41
8,33
8,27
9,15
9,39
9,16
9,45
9,51
10,38
10,48
10,60
12,43
14,32
14,59
14,30
15,41
15,48
15,24
16,17
16,26
17,52
17,45
17,60
17,46
18,49
18,34
18,45
18,24
18,26
18,28
19,54
19,31
20,32
20,27
20,45
20,63
21,56
21,40
22,60
22,63
22,43
22,50
23,36
23,32
23,59
23,52
24,46
24,52
24,57
24,43
24,58
25,27
25,44
25,31
26,53
26,45
27,48
27,42
27,31
28,30
28,64
28,29
28,31
28,60
29,44
29,62
29,61
30,50
30,49
30,35
30,55
31,61
33,40
34,41
35,47
35,41
35,64
36,49
36,60
37,61
38,50
38,49
38,56
39,42
39,44
40,50
40,44
40,62
43,58
45,60
45,46
45,53
46,53
48,59
49,53
50,56
50,58
51,58
51,55
54,63
54,57
54,59
55,56
56,63
58,59
59,62
62,63
