0,46
0,9
0,63
0,49
0,22
1,57
1,45
1,23
2,11
3,30
4,63
5,44
6,40
6,24
6,51
6,22
6,17
6,46
7,28
7,11
8,16
9,42
9,25
10,52
10,64
10,18
11,22
11,44
11,38
11,49
11,14
13,61
13,23
13,24
14,15
14,58
14,17
14,34
15,38
15,58
15,47
15,22
16,21
17,59
17,49
18,62
19,37
19,31
19,22
20,36
20,24
21,52
22,48
22,31
22,41
23,37
23,47
24,53
24,31
25,48
25,41
25,53
26,43
26,34
27,53
28,43
28,62
29,34
29,50
31,35
32,36
33,36
33,52
34,46
34,63
35,60
36,56
36,50
37,50
37,43
38,50
40,59
40,43
43,50
43,61
44,45
46,57
47,51
49,50
50,57
51,52
