0,48
0,77
1,61
1,65
2,51
2,76
3,74
3,11
3,62
4,28
5,39
5,16
5,28
5,44
6,52
7,23
7,61
7,60
8,37
9,41
9,30
11,70
11,38
12,54
13,36
14,78
15,47
15,53
17,62
17,71
17,76
18,72
18,73
18,40
19,52
19,38
20,67
20,46
20,30
21,55
22,61
22,67
22,47
23,53
23,76
24,52
24,55
26,78
27,50
28,36
28,64
28,68
28,29
29,49
30,40
30,68
31,56
31,44
32,70
32,47
32,50
33,65
36,63
36,59
36,78
37,78
38,75
38,57
42,57
42,55
42,75
44,46
46,75
46,74
47,50
47,72
47,65
47,59
48,72
48,70
48,69
50,67
51,75
51,57
54,70
54,64
57,62
57,63
61,65
62,68
64,68
69,70
71,75
