0,4
0,66
0,32
0,65
0,41
0,3
0,33
0,35
1,9
1,27
2,64
2,17
2,67
2,33
3,43
3,23
3,12
3,22
3,16
3,17
3,55
4,10
4,23
4,49
4,35
4,56
5,60
5,14
5,8
5,10
5,45
5,22
6,27
6,64
6,47
6,45
6,37
6,17
6,10
6,50
6,30
7,17
7,70
7,11
8,9
8,12
8,47
8,39
8,62
8,51
8,37
8,36
9,50
9,39
9,33
9,19
9,13
10,24
10,51
10,60
10,36
10,74
10,34
10,31
10,67
11,18
11,51
12,39
12,73
12,45
12,46
13,38
13,33
14,35
14,53
14,61
14,23
15,39
15,33
15,40
15,54
15,35
15,20
15,65
15,26
16,33
17,65
17,31
17,44
17,71
18,63
18,64
18,57
19,53
19,45
19,31
19,65
20,47
20,24
20,49
21,72
21,54
21,28
21,43
22,60
22,72
23,26
24,50
24,42
26,28
27,74
27,57
28,50
28,72
28,60
28,57
29,54
30,32
30,62
30,73
30,31
30,41
31,41
32,71
33,40
33,47
34,59
35,74
35,69
37,58
37,39
37,71
38,68
38,52
38,67
38,49
40,60
40,52
40,44
40,54
41,46
42,65
42,60
42,53
43,69
43,56
44,74
45,72
46,54
47,62
48,69
48,62
48,50
49,58
49,61
49,69
50,74
50,68
54,61
55,72
57,73
58,60
59,61
59,62
60,74
61,70
63,71
63,68
65,68
67,69
69,70
70,74
