0,68
0,54
0,5
0,61
0,8
0,41
1,68
1,63
2,19
2,13
2,17
2,48
2,42
2,53
2,64
3,57
3,53
3,56
4,30
4,16
4,69
4,27
4,13
4,39
4,22
5,52
5,62
5,38
5,47
5,39
5,50
5,67
5,31
6,50
6,18
6,20
6,46
6,26
6,41
6,7
7,19
7,57
7,10
7,40
8,43
8,31
8,42
9,12
9,35
10,37
10,33
10,38
10,41
11,50
11,14
11,59
11,17
12,35
12,65
12,67
12,43
12,44
12,28
13,51
13,50
13,15
14,44
14,69
14,46
14,65
14,49
14,29
15,40
15,39
15,29
15,23
15,66
15,18
15,38
16,51
16,36
16,22
16,67
16,25
16,40
17,49
17,60
17,54
18,60
18,20
18,63
19,41
19,28
19,50
19,67
20,22
20,42
20,52
20,65
21,34
21,25
21,33
21,46
21,68
21,30
22,49
22,46
22,62
22,26
22,65
22,29
23,57
23,46
24,39
24,34
24,63
24,46
25,38
25,29
25,44
26,39
26,46
26,50
26,42
26,53
28,60
28,34
29,56
29,51
29,53
30,37
30,34
31,60
31,46
32,67
32,44
33,56
33,58
33,36
34,63
35,53
35,62
36,62
36,61
36,46
36,53
36,48
36,44
37,46
37,42
38,59
39,64
40,54
40,46
43,53
43,48
44,49
45,64
47,52
48,52
48,69
49,58
49,56
49,57
50,69
52,53
52,63
52,65
52,56
54,58
54,68
55,58
59,62
59,67
