0,79
0,8
1,40
2,7
2,58
3,14
3,74
3,75
4,55
4,51
4,29
5,15
5,35
6,19
6,95
6,16
6,59
7,20
7,84
8,78
9,61
9,79
10,66
10,21
10,82
10,37
11,42
11,61
11,91
11,17
11,78
11,45
12,39
13,76
13,19
14,96
14,88
14,87
14,66
15,22
15,46
15,77
16,51
16,69
16,55
16,28
16,63
17,62
17,24
17,80
17,63
18,67
18,55
18,91
18,51
19,82
19,56
19,75
20,25
20,31
21,33
22,25
22,44
23,66
23,29
24,70
24,86
24,73
24,60
24,66
24,40
25,60
25,70
26,70
28,46
28,37
28,90
29,44
29,49
30,45
31,45
31,83
31,92
31,35
32,75
32,38
32,95
32,49
33,58
33,76
35,97
35,79
35,66
37,83
38,63
39,87
40,46
40,53
41,97
41,71
43,87
43,55
44,68
44,67
44,80
45,76
45,59
45,60
47,80
47,90
47,53
48,61
48,73
49,55
49,70
51,74
51,80
52,65
52,93
53,68
54,92
54,87
54,56
56,74
57,90
58,86
59,80
59,82
60,90
60,84
60,83
62,97
63,95
63,86
64,88
67,87
76,88
80,90
86,90
86,91
88,90
93,98
