0,89
0,43
0,7
1,15
1,78
1,65
1,11
2,72
3,7
3,42
3,48
4,83
4,68
4,59
4,73
5,64
6,30
6,50
7,23
7,67
7,19
7,76
7,86
7,11
8,83
8,88
9,37
10,31
10,77
12,16
12,31
12,21
13,81
13,68
13,62
13,86
14,87
14,80
15,73
16,81
16,75
16,43
16,56
16,42
17,46
19,73
19,88
19,27
20,37
20,62
20,75
21,58
22,38
22,56
23,83
25,88
25,55
26,32
26,28
27,41
28,86
28,67
29,55
30,77
30,85
30,63
30,88
32,53
34,45
35,55
36,85
36,38
37,63
38,67
38,56
38,54
38,58
39,50
39,87
39,56
39,58
40,72
42,89
43,85
43,45
44,58
45,69
46,81
47,82
48,68
49,81
49,57
49,71
50,86
52,59
52,64
52,71
54,88
56,73
57,73
58,63
60,67
62,84
63,89
64,81
64,71
68,73
69,73
71,82
76,84
78,82
78,89
80,85
82,89
84,89
