0,6
0,86
0,18
0,14
1,57
1,25
2,89
2,47
2,17
2,32
2,61
2,30
3,62
3,34
3,58
4,83
4,68
5,53
5,6
5,51
5,43
5,69
5,16
6,49
6,24
6,43
6,67
7,49
7,59
7,38
8,19
8,87
8,80
9,20
9,75
9,67
9,24
10,68
10,42
10,15
10,89
11,66
11,18
12,76
13,32
14,26
14,17
14,71
15,57
15,81
15,46
15,31
15,36
15,52
16,75
16,78
16,79
16,71
16,77
16,22
17,27
18,30
19,80
19,49
19,88
21,86
22,86
22,40
22,72
23,40
23,39
23,60
24,38
24,30
25,72
25,26
25,67
26,88
26,77
26,80
27,59
28,47
28,46
28,65
29,68
29,45
30,53
30,35
30,73
30,65
31,38
32,40
32,87
34,81
34,52
35,50
36,71
38,63
38,54
38,65
38,44
39,40
39,82
40,63
40,45
41,75
42,82
43,50
44,68
47,88
47,54
48,89
48,81
48,64
48,74
50,79
51,68
51,54
52,74
54,69
55,76
55,65
56,58
57,75
58,86
59,72
61,85
61,71
64,73
66,69
67,71
68,73
69,89
70,81
71,87
72,74
72,75
75,82
75,81
76,89
80,81
84,88
