0,52
1,45
1,37
1,11
2,23
2,78
2,30
2,34
3,10
3,40
4,77
5,67
5,38
5,43
6,58
6,46
6,70
7,78
7,22
8,58
9,58
10,31
10,58
10,78
11,49
12,51
12,43
12,77
14,33
14,69
15,59
15,32
16,44
16,56
17,45
18,39
18,61
18,73
19,72
20,42
21,54
21,46
22,34
22,25
22,55
23,59
24,65
24,70
24,40
25,65
25,59
26,46
26,60
26,72
27,46
27,53
28,70
28,62
28,44
29,47
29,36
29,33
30,75
31,74
31,38
32,59
34,79
35,78
35,56
37,62
38,40
40,43
45,52
50,62
50,73
50,79
53,78
54,60
56,79
57,61
58,67
59,78
61,70
61,64
62,64
65,67
66,69
68,73
73,76
75,79
