0,58
0,56
0,5
1,9
1,31
2,56
2,23
2,63
2,45
2,25
2,36
2,29
2,28
3,7
3,36
3,22
3,39
5,11
5,40
5,33
5,6
6,56
6,49
6,13
7,11
7,44
7,64
8,35
8,44
8,34
8,18
8,27
9,63
9,21
9,24
10,59
10,13
11,37
11,34
11,39
13,56
13,15
14,44
14,15
14,38
14,57
14,16
14,18
15,40
15,44
15,51
15,41
16,20
16,45
17,58
17,61
19,37
19,62
19,27
20,28
21,37
21,32
21,42
21,62
21,47
22,46
22,38
23,25
24,37
24,58
24,40
25,32
25,28
25,39
25,37
26,63
26,30
27,30
27,39
28,50
29,63
30,34
30,36
31,39
31,42
32,44
33,39
33,48
34,42
34,36
35,56
35,58
35,48
36,47
36,43
37,63
38,62
38,45
39,44
40,42
40,45
40,41
41,60
41,44
42,63
43,49
43,59
43,50
44,48
44,57
46,54
46,55
47,60
47,53
48,50
48,52
48,59
51,57
52,60
53,55
57,64
58,63
58,60
