0,8
2,27
2,24
2,37
2,13
2,19
3,28
3,46
3,36
3,32
4,30
4,35
4,14
5,22
5,10
5,17
5,19
6,10
6,15
6,12
6,19
7,44
7,24
7,49
7,9
7,8
7,38
8,12
8,26
8,20
9,49
9,31
9,12
9,25
9,23
10,22
10,48
10,36
10,46
10,15
11,44
11,14
11,33
11,21
11,36
11,18
12,13
13,19
13,34
13,45
13,39
14,16
14,26
14,42
15,30
15,40
15,21
16,17
16,24
16,35
17,20
17,36
18,24
18,26
18,33
19,49
19,42
19,44
20,37
20,45
20,36
22,39
22,38
22,41
22,32
23,42
24,34
24,28
24,41
24,44
26,44
26,39
27,45
27,40
27,32
28,34
28,38
28,30
29,41
29,44
31,47
32,46
32,43
32,42
32,48
33,41
33,48
34,40
34,38
37,43
38,40
39,41
40,43
41,44
41,47
44,45
