0,27
0,43
0,13
1,4
1,67
1,57
1,43
1,6
2,52
2,63
2,39
2,4
2,25
3,50
3,63
4,24
4,9
5,33
5,71
5,31
6,71
6,13
6,16
7,74
7,68
7,14
7,43
7,55
8,27
8,71
8,11
8,73
8,39
9,14
9,13
9,33
9,24
10,32
10,44
10,16
10,26
11,30
11,27
12,53
12,22
12,37
13,37
13,70
14,52
14,16
15,51
15,23
15,24
15,55
17,32
17,58
18,22
18,21
18,71
19,56
19,34
19,26
19,42
19,65
19,37
19,23
20,30
20,42
20,74
20,38
20,50
20,55
21,47
21,34
22,58
22,62
22,60
23,71
24,55
24,74
24,71
24,68
24,53
25,71
25,70
26,62
26,71
26,43
27,53
27,51
27,56
28,56
28,36
28,41
29,36
30,38
30,67
30,52
30,56
31,65
31,47
32,57
33,66
33,38
34,58
34,68
34,65
34,70
34,43
34,53
35,47
35,39
35,53
35,65
36,40
36,39
37,48
38,49
39,46
40,71
40,41
40,60
42,47
42,49
43,63
43,61
45,56
45,50
45,52
45,64
46,70
47,71
47,68
49,69
49,56
50,65
50,54
53,61
53,55
53,67
54,72
55,57
55,56
55,64
58,69
58,65
59,72
59,74
59,66
60,62
63,65
65,74
66,71
