0,69
0,20
0,22
2,47
2,80
2,21
2,58
4,65
4,22
4,55
4,38
5,17
5,54
8,20
8,87
8,29
8,44
8,13
10,81
10,47
10,55
10,72
10,27
12,69
12,24
12,87
12,41
13,84
13,23
14,20
14,57
14,80
15,31
15,35
15,49
16,71
16,84
17,46
17,50
18,65
18,40
18,45
18,44
18,68
19,50
19,68
19,71
19,79
20,56
20,29
20,33
20,51
21,23
21,84
21,62
21,57
22,75
22,26
22,56
23,37
24,84
24,41
24,80
25,86
25,82
25,30
25,62
26,64
26,75
26,87
27,37
27,73
28,31
28,76
29,32
30,51
30,41
30,74
31,49
32,87
32,68
33,85
34,56
34,58
35,73
36,60
36,81
36,65
37,55
37,84
37,46
39,86
39,65
41,45
41,54
41,57
43,75
44,73
44,61
45,60
47,79
47,61
47,83
48,57
48,84
50,51
51,87
56,61
58,65
62,82
63,77
63,66
65,86
66,68
68,81
69,78
69,76
69,71
70,82
75,89
75,86
75,78
77,79
82,87
83,86
84,88
85,88
