0,58
0,44
0,51
0,26
1,20
1,42
1,39
1,25
2,49
2,48
2,21
4,56
4,7
4,26
5,47
5,45
6,25
6,49
6,19
7,51
7,37
7,39
9,23
9,17
9,43
9,50
10,23
11,50
11,45
11,54
12,49
12,38
12,36
12,28
13,20
13,25
14,35
14,16
15,44
15,27
15,52
15,26
15,58
15,17
16,26
16,49
16,40
17,37
17,57
17,38
17,51
17,59
18,22
18,24
18,41
18,49
18,43
19,59
19,52
20,47
21,42
21,53
21,22
22,29
22,50
22,48
22,34
23,35
23,46
23,38
24,36
25,46
25,51
26,40
26,47
26,38
27,29
27,36
27,55
27,51
27,32
28,49
28,41
28,54
28,52
29,48
29,34
29,49
30,50
30,51
30,43
31,55
31,40
31,41
32,56
34,43
35,59
35,38
36,51
37,57
37,39
38,45
39,51
39,58
42,52
42,57
42,54
44,45
44,57
51,57
51,58
52,58
54,58
