0,8
0,9
0,7
0,1
0,11
1,7
1,18
1,46
1,51
2,41
2,43
2,35
2,37
2,26
2,15
2,39
2,33
3,22
4,16
4,34
4,35
4,15
5,27
5,35
6,33
7,8
8,49
8,30
9,25
9,18
9,20
9,47
10,26
10,13
10,22
10,48
10,37
10,31
10,53
11,37
11,22
11,53
11,39
12,20
12,21
13,14
13,21
13,35
14,40
14,32
14,49
14,51
15,37
15,36
15,41
16,18
16,24
17,40
17,43
17,27
18,35
18,49
18,48
18,21
19,46
19,38
20,43
20,45
21,36
22,31
22,32
22,42
23,42
23,45
24,27
25,40
25,48
30,35
30,39
31,51
33,44
34,42
35,47
35,54
36,46
36,50
36,52
41,43
42,49
45,48
49,53
