0,39
0,56
0,8
0,31
1,17
1,57
2,57
4,31
4,55
4,36
4,29
4,78
4,50
4,10
4,70
5,75
5,78
6,53
6,83
6,16
7,20
7,17
8,76
8,25
8,78
9,47
9,10
9,19
10,26
10,41
11,24
11,65
12,23
12,47
13,14
13,75
14,68
15,38
15,81
16,77
17,41
17,30
17,49
17,77
18,76
18,38
18,31
18,69
18,29
19,54
20,74
20,46
21,26
21,30
21,31
23,63
23,65
25,47
25,81
25,61
26,63
26,47
27,61
28,56
28,39
29,54
30,56
30,32
31,42
32,62
32,82
32,74
32,59
33,64
34,84
34,67
34,74
34,49
35,79
35,77
35,41
35,70
36,40
37,42
37,71
38,81
38,52
38,40
39,45
39,71
43,65
44,67
45,67
45,69
46,64
50,77
51,56
52,76
54,74
54,59
54,79
57,73
57,74
59,75
59,78
63,77
63,81
66,79
68,77
68,78
69,78
71,73
72,78
73,78
75,78
78,80
80,81
