0,31
0,15
0,90
0,84
0,6
1,8
1,70
1,61
1,57
2,66
2,88
2,80
2,15
3,80
3,61
3,73
3,72
4,40
4,49
4,85
4,10
5,55
5,64
5,49
6,21
6,35
7,60
7,70
7,99
8,92
8,98
8,89
8,68
9,72
9,67
9,81
9,17
10,56
10,51
10,82
10,70
11,25
11,65
11,50
11,92
12,28
12,15
13,56
13,78
13,41
14,48
14,24
15,45
15,21
15,19
15,40
15,32
16,75
17,84
17,72
17,28
18,95
18,60
18,27
18,49
18,20
19,79
19,57
19,53
20,26
20,94
21,47
22,72
22,62
22,68
22,56
22,88
22,84
23,29
25,80
25,56
26,28
26,86
26,97
26,96
27,91
27,71
28,67
28,87
28,95
28,84
28,33
29,67
30,77
30,82
30,76
30,36
31,57
31,66
32,84
32,43
32,73
33,75
33,48
33,40
34,58
34,88
35,46
35,48
36,46
36,37
36,97
37,81
39,70
39,43
40,65
40,82
40,74
40,42
40,63
40,47
41,72
41,96
42,75
43,75
43,52
44,88
44,76
44,58
44,53
45,48
45,55
45,92
46,90
46,89
46,75
47,73
47,88
48,62
48,90
49,98
50,98
50,77
52,83
53,91
54,55
54,89
54,96
55,75
55,82
55,61
56,66
58,74
58,70
58,60
58,65
60,67
60,93
61,84
61,70
63,65
64,68
64,93
64,70
65,93
67,87
67,84
67,88
67,77
68,96
69,79
69,82
70,72
71,78
71,90
72,91
72,94
74,85
74,91
77,88
79,81
82,97
82,98
84,94
85,92
85,86
85,96
90,93
91,95
93,95
