0,81
0,32
0,16
0,24
1,16
1,20
2,5
2,67
2,57
2,59
2,16
3,47
3,70
3,10
3,75
3,21
3,67
4,46
5,58
5,7
5,30
6,36
6,13
6,63
6,67
6,21
7,64
7,82
7,52
7,59
7,80
7,19
7,33
7,61
8,29
8,81
8,62
9,44
9,15
10,71
10,39
10,75
10,30
10,33
10,22
11,12
11,63
11,19
11,36
11,81
11,57
12,50
13,61
13,42
13,79
13,55
14,21
14,58
15,53
15,38
15,74
15,45
16,20
17,78
17,58
17,42
17,53
17,27
18,40
19,62
19,68
20,24
20,46
20,27
20,50
20,57
21,68
22,51
22,80
23,74
23,37
24,40
25,43
25,82
26,43
26,63
26,49
27,33
27,50
27,51
27,43
28,75
28,65
29,59
29,81
29,53
29,30
30,48
30,84
30,70
31,52
32,44
32,62
33,61
33,82
33,41
33,52
34,70
34,69
34,52
34,62
35,61
35,48
36,64
37,42
37,58
38,71
39,64
41,46
42,55
43,56
43,52
44,79
45,55
45,79
46,56
47,76
47,61
47,49
47,69
47,53
49,63
50,66
50,53
50,58
51,82
51,63
52,69
52,62
53,77
53,61
56,78
56,57
57,82
58,60
59,73
60,71
61,73
62,73
64,78
65,75
65,73
66,84
67,76
67,74
69,70
71,73
71,78
72,76
76,80
77,78
78,82
