0,58
0,47
0,14
0,19
0,2
0,27
1,61
1,43
1,28
2,14
2,45
2,58
2,49
3,45
3,10
4,8
4,30
4,68
4,48
4,65
4,21
5,33
5,28
5,20
5,48
5,50
6,9
6,62
6,56
6,45
6,52
6,33
7,67
7,23
7,16
7,60
7,58
7,52
8,44
8,43
8,23
8,27
9,30
9,40
10,32
10,35
10,19
11,63
12,39
14,22
14,46
14,44
15,53
15,60
15,39
16,47
18,32
18,67
18,52
18,51
19,40
20,52
20,66
20,43
21,37
22,56
22,64
22,49
22,26
24,38
24,42
24,69
25,61
25,33
25,67
26,35
27,65
28,57
28,41
28,40
29,31
30,61
31,53
31,44
32,57
33,35
33,69
34,57
34,38
35,63
36,59
37,69
38,46
38,39
39,65
39,59
39,47
40,52
40,64
40,42
40,65
41,57
42,60
43,62
43,65
44,67
44,53
44,50
49,66
50,68
51,64
51,61
51,63
51,59
53,54
53,62
53,61
53,63
55,60
56,67
57,63
57,59
58,65
59,61
60,64
60,63
63,67
