0,77
0,46
1,45
1,21
2,37
2,62
3,20
3,45
4,15
4,34
4,51
5,13
5,26
5,18
5,29
6,24
6,77
7,45
8,35
9,73
10,14
11,33
11,74
11,66
12,32
12,45
12,36
12,37
12,52
12,55
13,37
13,69
14,57
14,67
14,49
15,30
15,74
16,53
16,52
16,76
17,39
17,59
18,74
18,51
19,49
19,54
20,31
21,68
22,40
22,24
23,64
24,46
25,35
26,75
26,63
27,70
27,63
28,49
28,79
29,79
29,32
31,58
32,70
33,42
33,50
33,54
34,64
34,48
35,70
35,54
35,66
36,41
38,73
41,64
45,62
48,60
48,64
49,68
49,69
50,79
50,66
52,62
55,74
55,60
56,57
59,77
59,62
60,67
61,70
61,63
65,75
68,75
73,79
