0,65
0,32
0,13
0,24
1,46
1,97
2,23
3,90
4,9
6,61
6,56
6,21
6,63
6,78
7,25
7,20
7,71
8,91
8,19
9,68
9,40
9,73
9,52
10,38
10,11
10,51
11,21
11,62
11,37
12,85
12,95
12,80
13,62
13,53
13,66
14,40
14,18
15,47
16,65
17,60
17,19
17,71
17,31
18,43
18,57
18,72
19,53
19,63
19,88
19,26
19,96
19,81
20,86
20,51
20,93
20,68
23,30
23,35
23,81
23,73
23,89
24,70
25,84
25,79
26,66
26,64
26,90
27,38
27,97
27,52
28,76
28,44
28,51
29,56
29,80
30,84
31,39
31,60
31,44
33,36
33,68
33,41
35,87
35,54
36,79
36,83
36,53
39,60
39,52
40,60
40,76
40,69
41,67
41,82
42,76
43,96
43,45
44,97
45,47
45,88
45,79
45,78
46,76
46,80
47,85
47,64
49,52
49,96
50,70
52,80
52,88
53,56
55,60
57,77
58,94
58,70
62,72
63,98
64,67
64,70
64,76
65,96
65,66
66,93
66,88
67,74
68,72
68,86
68,83
69,74
70,91
72,97
74,91
74,78
76,99
76,84
77,87
77,88
78,96
81,85
86,94
89,93
97,99
