0,64
0,46
1,55
1,52
1,48
1,66
1,63
2,17
2,55
2,27
2,14
3,45
3,31
3,29
3,33
3,4
3,26
4,32
4,47
4,28
5,21
5,43
6,12
8,57
8,48
8,18
8,53
8,39
8,27
9,50
9,47
10,16
10,66
10,11
10,56
11,40
11,18
12,29
12,31
12,45
12,61
14,59
14,26
15,43
15,60
15,33
16,57
17,29
17,68
18,27
19,68
20,23
20,55
20,32
20,68
21,66
22,55
22,45
22,62
22,38
22,29
24,57
24,47
25,39
25,58
27,65
27,43
27,73
28,56
28,58
30,53
30,52
30,56
31,37
31,40
32,53
32,56
34,41
34,67
34,44
35,41
37,63
38,41
39,45
39,72
41,54
42,44
42,64
43,63
43,56
43,74
44,71
44,52
45,49
46,50
47,67
47,51
48,61
49,71
50,53
51,73
55,66
56,68
58,69
58,71
59,70
61,72
61,74
70,71
