0,73
0,65
0,49
1,56
1,73
1,5
1,78
2,41
3,72
3,75
3,73
4,5
4,16
5,21
6,12
6,14
6,70
6,21
8,15
9,21
9,78
9,43
10,65
11,14
11,26
12,35
12,89
12,75
12,36
12,44
12,78
13,86
13,77
13,68
14,19
14,52
15,75
15,42
15,30
16,56
17,35
17,84
17,23
18,43
18,37
18,64
18,66
19,78
19,85
19,73
19,83
20,86
20,59
20,50
20,65
21,64
21,40
21,78
21,68
21,53
22,33
22,79
23,88
24,60
24,86
25,33
25,69
25,64
25,77
25,86
26,65
26,60
28,74
28,51
28,73
29,89
30,85
30,89
30,52
30,62
30,39
32,61
32,36
33,40
33,57
33,45
35,67
35,59
36,57
37,47
38,62
40,64
40,62
40,83
41,73
42,43
44,79
44,67
44,57
45,86
45,46
47,82
48,61
49,87
50,81
50,67
51,57
51,72
51,54
53,86
57,79
58,85
60,75
61,83
61,88
64,81
68,87
70,85
76,85
78,88
80,82
83,85
84,86
