0,6
1,14
1,35
1,30
1,45
1,8
2,10
2,56
2,3
2,15
2,60
3,43
3,20
4,48
4,29
4,18
5,33
5,62
6,54
6,49
6,55
7,57
7,53
7,49
7,46
7,35
7,11
7,62
8,14
8,36
8,30
9,24
11,29
11,43
11,67
12,55
12,40
12,24
12,67
12,38
12,16
13,61
13,64
14,66
15,60
15,67
15,49
16,47
16,57
17,69
18,26
18,28
19,47
20,32
20,42
20,25
21,40
21,33
22,39
22,44
22,34
24,33
25,32
25,48
27,67
27,44
27,37
28,50
29,67
29,42
30,45
31,64
31,58
31,54
31,56
31,35
32,41
33,37
33,35
33,51
35,68
35,39
36,55
36,45
36,52
37,46
37,66
37,49
38,48
38,41
39,45
40,58
41,46
42,47
43,45
43,48
45,48
45,55
47,49
47,52
47,55
50,65
51,65
52,67
52,53
53,65
56,61
57,63
60,62
61,68
61,66
64,68
67,69
