0,49
0,54
1,34
1,79
2,12
2,34
2,54
2,82
2,33
2,70
3,80
4,39
5,9
5,73
6,15
6,19
7,14
7,53
9,64
9,56
9,36
9,75
10,73
10,62
11,12
11,75
11,53
11,15
11,46
12,62
12,47
12,21
13,64
14,31
14,38
14,43
15,66
15,53
15,52
16,73
17,84
18,79
18,35
19,70
19,58
19,83
19,61
19,57
19,35
19,81
19,29
19,67
20,37
20,82
20,76
21,27
21,61
21,50
22,47
22,79
23,54
24,76
24,48
24,64
24,37
25,41
25,40
26,45
26,32
27,69
28,62
28,50
28,77
28,83
28,73
28,46
29,41
29,48
30,36
31,58
31,77
31,76
32,82
33,55
33,68
34,84
34,83
36,51
37,84
38,56
38,61
38,39
42,77
42,83
43,62
44,62
44,58
46,74
46,76
47,65
48,80
48,64
48,68
49,66
52,68
52,73
52,84
52,59
52,77
55,83
56,72
58,73
58,71
64,72
64,76
65,74
65,78
66,70
66,83
67,71
70,80
71,75
74,82
75,78
78,81
