1,49
1,37
2,5
2,19
2,27
3,32
3,6
3,20
4,44
4,40
4,58
5,55
5,44
6,13
6,22
6,45
6,46
6,12
7,23
8,53
8,47
8,41
8,66
8,16
8,12
8,67
9,61
9,15
9,11
9,38
10,61
11,63
11,23
11,35
11,61
12,47
12,67
12,17
12,32
13,30
13,68
13,67
14,46
14,58
14,49
14,30
14,41
14,42
14,51
15,19
16,68
16,67
16,26
17,61
17,39
17,64
18,63
20,21
20,48
21,35
21,64
22,33
22,52
22,69
22,44
26,40
26,35
27,54
28,48
28,57
29,49
30,54
31,53
32,69
33,60
34,49
35,37
35,67
37,43
37,41
38,65
39,53
40,65
41,48
41,52
42,47
43,69
44,57
47,62
48,55
48,57
49,60
52,54
56,69
57,65
59,60
61,65
