0,79
1,43
1,45
2,70
2,14
2,60
2,35
2,93
3,68
3,80
4,60
4,12
4,62
4,16
4,89
5,46
5,91
5,90
5,13
6,93
6,48
6,31
7,21
8,53
8,56
9,72
10,64
10,42
10,87
11,54
11,26
12,37
13,72
13,50
13,53
13,24
13,61
14,17
14,56
14,28
14,34
15,48
15,41
16,32
16,73
16,39
16,35
18,87
18,63
19,73
19,25
19,82
19,81
20,56
20,48
20,46
21,82
21,77
22,90
22,45
22,44
22,76
23,80
25,61
25,57
26,73
28,61
28,63
29,90
30,68
31,46
32,49
32,34
33,46
33,94
33,89
34,46
34,80
36,66
37,57
37,89
38,83
39,49
40,87
40,46
43,64
43,50
45,92
46,88
46,89
46,55
48,91
50,67
51,80
51,92
51,57
52,54
55,83
56,65
56,61
56,90
56,69
57,91
59,79
61,84
62,74
63,94
66,71
67,72
68,88
70,87
71,84
71,75
72,75
72,83
73,78
74,78
75,85
76,82
79,89
79,86
80,81
