1,59
1,3
1,15
1,44
2,79
2,15
2,19
3,9
3,46
3,68
4,28
4,55
4,9
4,32
5,6
5,47
6,36
6,64
7,35
7,8
8,57
8,10
9,36
9,63
10,28
10,53
10,14
11,71
11,22
13,56
13,35
13,30
14,23
14,46
14,60
14,67
16,21
16,33
16,72
17,35
17,39
17,62
17,34
18,32
18,54
19,75
19,59
19,55
20,61
20,21
23,38
23,30
24,76
24,70
24,65
25,75
25,32
26,64
26,70
26,62
26,53
27,29
28,42
28,43
28,45
29,40
30,55
30,45
30,65
30,69
32,68
32,67
32,42
33,73
33,42
34,56
34,65
37,66
37,52
37,39
38,79
38,66
40,57
41,53
42,75
42,68
43,50
44,54
44,70
45,74
45,56
46,59
46,53
46,71
46,77
47,71
47,75
49,63
49,68
49,71
50,59
51,60
51,52
52,56
52,62
53,60
53,72
54,68
55,63
56,63
56,59
56,62
57,74
58,73
60,75
60,66
72,77
