0,59
0,13
0,80
0,67
1,73
2,47
2,22
2,44
2,46
4,61
4,94
5,78
5,21
5,75
5,56
5,36
5,62
5,34
6,45
6,23
8,35
8,57
9,65
9,12
10,14
10,45
10,43
11,39
11,41
11,59
12,20
12,19
12,73
14,32
15,73
16,93
17,41
17,54
17,77
18,66
18,40
19,58
19,63
19,55
19,51
20,87
20,46
20,47
20,82
20,27
20,91
21,71
21,65
22,44
22,53
23,85
23,67
23,71
24,46
24,79
24,44
25,52
27,35
27,56
28,86
28,52
29,94
29,44
29,32
29,88
29,70
29,71
30,32
30,54
30,60
31,69
31,44
32,80
32,66
32,48
32,70
32,87
33,50
33,59
33,51
34,63
34,75
34,56
35,86
35,92
35,60
35,65
35,77
36,84
37,79
38,88
38,64
39,47
40,92
41,43
42,81
42,52
42,61
44,51
45,75
46,66
46,79
47,52
47,85
48,73
48,90
48,50
49,87
49,63
50,90
51,61
52,54
54,91
54,80
54,94
55,81
55,90
55,89
55,85
56,64
60,81
61,85
61,84
61,94
62,81
62,76
63,88
64,77
64,90
64,84
64,75
66,71
68,78
69,83
69,75
79,89
85,93
