0,70
0,74
1,71
1,30
1,56
2,3
3,65
3,10
3,67
4,10
4,64
4,40
4,16
4,54
4,30
5,37
5,42
5,68
6,22
6,61
6,49
6,16
7,39
7,24
9,72
9,14
10,49
10,21
10,51
11,43
11,72
12,70
12,35
12,17
12,66
13,24
13,47
13,42
13,33
13,36
13,29
14,18
14,64
16,56
17,65
17,54
17,57
18,53
18,66
18,65
20,49
20,50
20,72
20,36
21,56
21,73
22,35
22,60
22,63
22,71
23,54
23,69
23,72
23,40
24,58
25,53
25,52
25,40
26,47
27,68
27,58
27,49
27,28
28,57
28,73
29,67
29,73
29,71
30,47
30,57
31,44
31,59
31,51
32,64
33,54
33,37
35,60
36,73
37,44
38,50
38,52
38,60
40,58
42,56
43,57
44,57
44,63
44,70
44,51
44,64
45,56
47,52
48,64
52,72
54,72
54,67
56,63
58,62
59,73
60,73
61,69
66,71
