0,13
0,1
1,16
1,42
1,81
2,24
2,62
2,72
3,37
3,34
3,30
3,85
4,40
5,54
5,43
6,11
6,82
7,32
7,46
7,51
7,42
8,48
8,77
9,17
9,32
10,80
10,66
11,28
12,17
13,81
13,88
14,15
14,18
14,35
14,46
15,83
15,32
15,47
16,65
16,20
16,71
16,36
17,57
17,84
17,79
18,47
18,55
18,28
18,25
18,80
18,38
21,23
21,73
21,76
23,31
23,69
24,28
24,30
25,80
25,88
25,71
26,34
26,45
26,72
27,84
28,38
30,72
31,43
31,73
32,46
32,64
33,68
33,50
33,85
34,83
34,48
34,75
36,45
36,68
37,43
38,88
38,39
39,57
40,79
42,80
43,80
44,46
44,72
44,50
45,52
45,87
46,67
48,73
49,81
50,77
52,87
53,64
54,62
55,62
55,81
55,83
56,72
57,76
58,86
61,80
61,68
62,86
63,77
63,86
65,72
70,80
70,72
72,84
73,89
73,82
76,88
78,86
80,87
82,86
85,87
88,89
