0,60
0,52
0,42
1,10
1,45
2,40
3,87
3,62
3,6
3,16
4,85
4,50
6,57
6,86
6,72
6,53
7,61
7,42
7,72
7,76
7,23
7,54
8,63
8,83
9,67
10,85
10,34
11,54
12,73
12,54
13,79
13,34
13,78
13,31
14,39
14,45
14,55
15,33
15,69
17,75
17,57
18,81
18,64
19,39
19,73
20,79
21,52
22,36
22,43
22,67
22,62
24,76
25,37
26,41
27,28
27,45
27,85
27,71
27,55
30,35
30,71
30,32
30,55
31,83
31,54
31,44
31,66
32,37
32,86
32,85
32,83
33,88
33,42
33,78
36,66
36,78
37,48
37,54
37,82
37,64
38,73
38,74
42,58
42,85
43,89
43,88
43,67
43,68
44,61
45,46
45,75
45,62
45,83
47,76
48,49
49,71
49,63
49,55
50,58
50,51
51,76
54,72
54,81
56,63
57,68
62,78
63,77
64,77
64,74
65,72
66,72
72,80
85,88
85,89
