0,7
0,33
0,74
1,13
1,74
1,34
2,51
2,50
3,56
3,27
3,37
4,31
4,48
4,47
4,14
5,51
5,20
6,40
6,49
6,44
6,48
7,34
8,61
8,21
8,26
9,11
9,41
11,47
11,69
11,58
11,67
12,29
12,55
13,43
13,68
14,73
15,18
16,44
16,42
18,71
18,72
18,19
18,28
18,38
20,39
20,45
20,38
20,66
20,33
20,52
21,73
21,26
22,49
22,25
22,46
23,34
23,52
23,60
23,32
23,53
24,40
25,70
26,37
27,36
28,65
29,30
29,66
30,44
32,42
32,53
33,67
33,51
34,68
34,52
34,67
34,40
35,74
35,60
37,39
37,54
38,70
38,67
38,49
39,69
39,52
40,56
41,72
41,43
41,64
42,65
43,53
43,55
43,56
43,69
45,48
46,65
55,59
57,67
63,71
