0,48
1,63
1,30
1,79
1,28
1,42
2,86
2,65
3,66
3,75
3,45
3,28
4,21
4,24
5,41
5,55
5,16
6,56
6,88
6,63
6,25
6,68
6,13
6,17
7,21
7,67
8,33
8,87
8,24
8,12
10,11
11,22
11,37
11,50
11,15
11,21
11,60
12,54
12,17
12,26
13,48
13,58
14,76
15,16
16,60
17,36
18,77
18,57
19,52
20,40
21,55
21,51
22,80
22,47
22,35
22,23
23,77
25,33
25,77
26,60
28,71
29,87
29,36
29,86
30,41
32,64
32,66
33,83
33,66
33,71
33,65
33,55
35,36
35,40
35,53
36,39
36,71
37,49
37,43
37,44
39,49
40,63
40,46
41,69
43,68
43,81
44,86
44,85
45,61
45,56
47,53
48,70
50,65
52,87
54,68
54,88
55,56
57,72
60,64
62,74
66,81
67,71
68,73
68,72
69,81
73,87
