0,14
0,74
0,42
0,33
1,28
1,79
1,75
1,22
2,76
3,33
3,40
3,58
3,31
4,88
4,23
4,55
4,42
4,87
5,68
5,53
6,43
6,65
6,76
7,43
7,88
11,29
11,19
11,28
11,60
11,34
11,36
13,71
13,73
13,80
13,65
13,36
14,39
14,93
14,80
15,90
15,41
15,33
15,29
16,67
16,29
16,64
16,38
17,85
19,40
19,89
21,89
21,37
21,43
21,72
22,64
23,72
23,58
24,77
25,31
26,36
26,89
26,55
27,73
27,60
27,88
28,63
29,75
29,35
30,83
31,55
32,52
32,46
32,51
32,45
33,92
33,51
33,52
34,56
34,84
35,65
35,79
36,80
36,86
36,48
37,87
37,48
37,40
38,89
38,84
40,59
40,73
40,89
41,70
41,87
41,94
41,55
42,61
42,62
43,45
44,94
45,84
46,63
47,90
47,88
49,53
49,93
50,94
51,64
51,76
51,85
52,81
52,59
52,64
53,70
54,88
56,67
57,84
58,71
58,76
59,67
60,70
60,61
60,91
63,78
65,81
70,71
72,81
75,81
76,92
77,78
77,80
78,89
82,83
87,88
89,93
90,92
