0,47
0,12
1,17
1,22
1,34
1,69
1,54
2,49
2,32
4,9
4,47
4,39
4,38
4,55
5,42
5,52
5,40
6,22
6,35
6,42
7,50
7,36
7,53
7,44
7,28
7,27
7,21
7,69
7,60
8,17
8,67
9,55
9,57
9,24
9,68
10,48
10,31
11,20
11,33
11,35
11,47
14,17
15,23
15,46
16,67
17,22
18,27
19,40
20,67
20,58
21,26
21,47
22,69
22,63
22,34
22,60
23,31
23,57
24,65
24,38
25,29
25,61
25,32
26,41
26,35
27,55
27,62
28,30
28,56
29,64
31,58
33,45
33,57
34,39
34,38
34,60
34,41
35,60
35,49
35,55
36,56
36,64
36,45
37,66
38,42
39,40
40,60
42,47
44,65
46,47
46,56
48,50
49,68
49,55
50,62
50,68
52,63
61,66
61,68
