0,29
0,1
0,41
0,44
0,55
1,34
1,56
1,50
1,36
2,50
2,49
2,36
3,32
3,25
3,40
3,7
3,11
4,39
4,55
4,52
4,32
4,9
4,43
5,41
5,24
5,28
6,32
6,10
7,45
8,46
8,31
8,47
9,34
9,18
9,48
11,41
11,47
11,28
11,34
11,51
11,58
12,17
12,55
13,22
14,49
14,28
14,21
14,29
15,30
15,43
16,39
16,59
16,27
17,39
17,29
17,52
17,34
17,28
17,18
17,42
18,32
18,54
18,49
18,20
19,21
20,38
20,26
21,35
21,51
21,39
23,53
23,30
23,45
24,29
24,55
24,53
25,36
26,46
27,45
28,37
28,39
28,33
31,41
31,42
32,39
33,55
33,50
34,46
34,56
34,54
35,53
35,40
36,38
36,48
36,57
37,39
38,57
38,39
39,50
40,51
42,53
44,49
45,55
46,49
48,53
49,58
52,58
54,57
