0,12
0,24
0,3
1,43
1,20
1,4
1,45
2,18
2,39
3,19
3,50
3,40
4,49
4,43
4,12
4,35
4,29
5,33
5,54
5,41
5,19
5,24
5,52
5,43
6,39
6,50
6,7
6,21
6,10
6,44
7,35
7,51
7,39
7,34
8,32
8,20
8,40
8,48
8,25
8,39
8,28
8,21
9,30
9,11
9,51
9,24
10,48
10,21
11,27
11,15
12,24
12,30
12,48
13,19
13,21
13,15
13,27
13,20
14,51
14,50
15,32
15,45
15,38
15,21
15,30
15,20
15,49
15,39
15,47
16,34
16,52
17,41
17,30
17,37
17,20
17,52
17,46
17,28
18,38
18,45
18,43
18,48
19,33
19,44
20,44
21,32
21,33
21,34
21,52
21,26
22,51
22,35
23,50
23,30
23,47
23,39
24,53
26,35
26,38
28,34
29,44
29,34
29,31
30,38
32,46
32,47
32,53
33,35
33,52
33,48
34,36
34,43
35,53
35,42
36,49
36,53
37,52
39,50
40,43
40,42
40,46
41,51
41,49
41,45
41,53
42,53
44,49
44,48
46,53
48,50
49,54
