0,70
1,37
2,27
2,30
2,50
3,9
3,22
3,56
4,11
4,50
5,55
6,23
6,66
6,39
7,31
8,25
8,75
8,20
9,35
9,81
10,57
10,14
10,47
10,23
11,64
12,23
12,25
13,22
13,81
14,66
14,37
14,16
16,50
16,82
18,21
18,37
18,71
18,47
19,81
19,64
19,53
20,36
20,29
21,81
21,61
22,79
22,47
23,39
23,83
23,70
24,53
24,76
24,35
25,66
25,54
26,32
27,81
28,46
28,74
30,63
30,45
30,52
31,83
31,72
32,58
33,54
33,35
33,83
33,65
33,48
34,61
35,55
35,41
36,58
36,83
36,69
38,57
38,79
39,69
40,79
41,50
42,77
42,81
43,77
43,75
44,60
45,72
45,49
46,62
46,59
46,76
47,65
50,64
50,75
55,77
55,83
55,70
62,83
62,75
63,78
65,73
67,74
68,69
81,84
