0,73
0,67
1,73
1,51
1,18
1,7
2,42
2,72
3,66
4,15
4,72
4,73
5,70
6,58
6,16
6,23
7,43
7,62
7,69
7,45
8,28
9,65
9,29
9,11
10,36
10,32
11,60
11,66
11,72
11,64
12,28
13,66
13,50
13,71
16,73
17,28
17,45
18,36
18,31
19,47
19,67
20,37
20,25
21,88
22,64
22,65
24,57
25,33
25,50
26,30
26,77
26,86
26,58
26,71
27,39
27,74
28,41
29,84
30,36
30,54
31,48
31,65
32,79
32,74
33,46
34,69
35,71
35,89
35,54
35,42
35,65
37,67
37,87
38,62
39,60
40,69
42,64
43,54
44,70
44,89
47,49
49,67
49,77
50,63
50,80
52,83
52,80
53,70
53,89
53,76
54,76
54,81
54,68
55,62
57,60
59,72
61,65
62,69
63,86
63,81
64,76
67,89
69,72
70,73
72,76
73,86
74,76
82,86
