0,61
0,10
0,5
0,9
0,45
0,7
4,61
4,62
4,35
4,18
4,6
5,55
5,23
6,21
6,50
7,40
7,41
7,31
7,48
8,45
9,10
9,40
9,22
9,52
10,51
11,62
12,41
12,33
12,62
13,69
14,51
14,52
15,53
16,47
18,41
18,40
19,20
20,35
20,41
21,60
23,38
24,68
25,41
26,57
26,32
28,36
28,72
29,35
29,44
29,33
29,70
30,33
31,48
32,74
32,44
32,67
33,46
33,50
36,58
36,49
37,58
37,47
38,49
38,48
38,46
39,61
41,60
41,45
42,66
42,72
43,68
43,52
43,61
46,67
46,55
47,70
48,54
49,50
50,58
50,52
51,66
52,73
55,69
55,67
57,74
58,63
66,67
69,74
