0,40
0,35
0,31
0,4
1,22
1,40
1,4
1,10
1,32
1,3
2,16
2,25
2,35
2,17
3,11
3,17
3,8
3,32
3,12
4,21
4,26
4,16
4,34
4,40
5,7
6,8
6,35
6,15
6,24
7,8
8,16
8,13
9,15
9,16
9,38
9,23
10,12
10,27
11,22
11,20
11,19
11,16
12,41
12,35
12,21
12,14
13,26
13,23
13,39
14,16
14,43
14,18
14,17
14,30
14,29
15,41
16,27
16,28
17,22
17,44
17,35
18,36
18,28
18,43
18,29
18,32
19,30
19,35
19,39
19,28
20,23
20,34
20,35
20,44
20,42
20,31
21,27
22,25
22,32
22,43
23,42
23,37
23,35
23,36
23,34
25,36
25,28
26,43
26,27
27,37
28,42
30,44
30,42
32,42
33,37
34,39
35,37
36,39
36,42
38,44
38,43
40,43
41,43
