0,37
0,41
0,24
0,35
1,8
1,46
1,17
2,34
2,48
2,19
2,31
2,17
2,38
3,42
3,15
4,25
4,49
4,16
5,54
7,57
7,29
7,33
7,47
8,31
8,36
8,46
8,41
9,49
9,19
10,27
10,30
10,16
10,47
11,34
11,57
11,26
11,60
12,61
12,58
12,38
12,23
12,13
12,27
12,32
13,24
13,18
13,21
13,25
14,60
14,47
14,32
15,34
15,36
15,56
15,37
16,57
16,26
17,19
17,26
17,50
17,30
18,29
18,21
18,41
18,59
19,37
19,59
19,20
19,39
20,55
20,42
21,30
21,50
21,33
21,47
22,38
22,33
23,31
23,64
24,40
24,29
25,64
25,45
25,28
26,53
26,39
27,52
28,37
29,38
30,32
30,46
30,56
31,54
31,53
33,55
34,59
34,51
35,48
35,57
35,59
36,50
36,43
36,59
36,48
36,62
37,42
37,63
37,45
38,47
38,39
38,48
39,46
39,60
39,50
40,44
40,59
41,48
42,57
42,60
42,64
42,46
42,63
43,51
43,54
43,44
44,53
44,46
45,57
45,63
45,64
45,52
48,56
48,59
48,51
49,57
50,54
50,51
50,61
50,60
52,59
54,63
58,64
58,62
