0,84
0,45
2,7
2,40
3,71
3,49
5,32
6,16
6,72
6,73
6,50
6,38
7,56
7,86
7,64
9,44
9,60
9,16
9,29
10,28
10,27
11,65
11,20
12,53
12,20
13,54
13,37
14,22
14,43
14,85
15,49
15,58
17,70
17,75
17,54
17,24
18,77
18,48
18,79
19,63
20,52
21,41
21,74
22,30
22,67
22,40
22,78
24,63
24,47
24,58
26,52
27,51
28,54
30,66
30,58
32,54
33,67
33,41
33,78
33,46
35,89
36,72
36,83
37,69
39,65
43,52
45,61
47,74
47,86
48,51
49,66
50,77
51,58
51,89
52,62
52,68
54,55
54,64
56,72
57,86
57,64
58,62
58,86
60,69
64,89
64,77
66,71
66,77
67,81
69,83
69,79
71,75
74,89
75,89
77,78
81,86
87,89
