1,3
2,9
2,58
2,13
2,35
4,66
5,69
5,66
5,49
6,28
6,17
7,49
8,52
8,46
8,49
9,27
9,38
9,29
9,30
10,17
10,67
10,43
10,68
10,21
10,57
10,45
10,46
10,55
11,29
11,37
11,55
13,24
13,65
13,38
13,51
13,31
14,46
14,69
15,26
15,52
15,40
16,45
16,55
16,20
16,44
18,42
18,19
18,40
19,67
19,53
20,29
20,32
21,48
22,49
22,68
23,32
23,37
23,64
24,53
25,61
26,34
27,57
29,60
31,62
31,56
33,57
34,43
34,42
35,40
36,55
37,52
38,59
39,45
41,50
42,64
43,65
43,54
43,69
45,49
47,48
49,52
50,54
51,53
51,56
51,65
52,69
52,56
52,53
53,55
55,57
56,58
58,64
59,66
61,63
63,67
63,69
