1,74
1,72
1,25
1,14
1,12
1,70
1,60
1,34
2,54
2,46
2,64
2,28
3,43
3,21
3,91
3,70
3,55
4,32
4,84
5,58
5,88
6,76
7,54
7,47
7,23
8,42
8,41
9,19
9,44
9,92
9,22
10,72
11,34
11,37
12,43
13,42
13,62
14,16
14,90
14,36
15,30
15,79
16,55
16,70
16,31
17,43
17,50
17,59
17,25
18,25
18,51
19,64
19,82
19,23
20,77
20,90
20,70
21,39
21,35
22,48
22,84
22,77
22,74
23,77
23,24
23,65
23,74
24,62
24,45
25,38
25,79
25,29
25,35
25,71
26,91
26,93
26,68
28,65
29,92
29,84
29,60
29,78
30,92
30,83
31,78
31,65
31,69
32,57
32,69
33,53
33,51
33,83
34,50
35,65
35,58
35,71
35,90
36,66
36,72
37,57
37,68
37,46
38,90
39,76
40,63
40,75
40,64
41,51
42,85
42,89
42,43
44,49
45,65
45,78
46,69
47,53
48,49
48,63
50,52
50,55
51,55
53,71
55,64
55,61
57,65
58,78
61,72
61,89
62,86
62,87
63,86
63,84
63,64
65,85
65,81
70,88
71,82
72,77
74,80
79,87
