0,5
0,3
1,9
1,38
1,72
3,75
3,25
4,85
4,67
4,26
5,47
5,77
5,65
5,58
6,49
6,34
6,82
7,31
8,41
8,74
8,92
8,17
9,34
9,62
10,20
10,57
12,38
13,18
13,70
13,94
14,86
14,74
14,72
14,43
15,67
16,26
18,61
18,92
18,74
19,94
19,24
20,74
20,22
21,48
22,29
22,25
22,51
22,31
25,65
25,76
26,83
26,48
27,85
27,68
27,34
28,59
29,68
29,42
30,61
31,46
32,50
32,85
32,92
33,78
33,45
33,77
34,80
35,61
35,75
36,93
36,46
37,91
38,74
38,49
38,54
40,51
40,73
40,74
40,86
41,75
41,61
42,84
42,75
42,60
43,65
44,65
44,68
46,90
47,62
48,67
49,67
50,83
52,92
54,75
54,94
54,93
54,78
61,84
61,93
62,94
63,93
64,84
64,83
64,73
65,80
65,88
65,93
68,75
70,86
70,87
73,91
73,81
75,89
76,88
77,89
78,84
81,92
