0,52
1,82
1,99
1,90
2,71
2,18
3,27
4,34
5,30
5,78
6,90
6,17
6,31
7,97
7,18
7,75
7,59
7,15
7,98
8,72
8,49
9,29
9,82
9,43
10,75
11,87
11,34
12,48
13,47
14,69
14,76
14,95
14,18
15,54
18,66
18,28
18,27
19,66
19,89
19,82
20,97
20,72
20,33
21,83
21,94
22,23
23,45
23,37
23,31
23,67
25,96
25,31
26,63
26,90
27,94
27,59
28,30
28,99
28,84
29,47
30,60
30,53
30,67
30,50
33,56
34,55
34,98
34,38
36,45
36,48
36,91
39,79
39,57
40,80
41,63
41,90
42,55
43,81
44,60
45,66
45,84
46,89
46,68
52,56
53,56
54,88
56,83
57,61
58,72
58,79
59,77
60,88
61,62
62,69
64,96
66,67
67,89
68,69
72,91
79,85
79,89
81,90
85,94
89,92
91,96
94,96
