0,36
0,79
0,89
0,13
1,17
1,34
1,82
3,13
3,19
4,47
4,75
4,14
5,59
5,35
6,51
6,27
7,23
8,18
8,40
8,77
9,37
9,57
10,14
10,30
10,81
11,24
11,63
11,61
12,20
12,65
13,21
13,76
13,19
14,55
14,72
14,56
14,87
15,75
15,47
15,52
16,84
16,68
16,26
16,36
17,62
17,43
20,24
21,31
21,63
22,62
22,75
23,24
23,50
24,85
24,27
24,50
24,75
24,72
24,54
24,80
26,62
27,85
27,63
29,39
29,34
30,68
30,76
31,64
31,70
32,54
32,63
32,69
33,35
33,49
33,52
34,86
34,56
35,81
38,66
38,86
38,59
39,87
39,45
39,80
40,63
40,85
40,42
40,60
40,65
41,62
41,59
42,51
42,80
43,55
44,88
44,53
44,60
45,77
45,60
46,61
48,57
48,55
49,86
49,82
49,87
49,55
50,57
53,71
53,69
54,67
55,81
59,75
61,79
62,89
63,70
67,86
71,87
74,79
77,85
78,85
