0,9
0,27
2,30
3,20
3,56
3,37
4,21
4,34
4,67
4,28
4,66
5,25
5,49
5,68
5,50
7,43
7,65
7,16
8,46
8,21
9,17
9,27
9,58
9,16
9,37
9,11
10,63
10,38
10,24
12,42
13,54
14,68
15,42
15,40
15,25
16,68
16,52
16,32
16,40
17,56
17,29
18,67
18,52
19,39
20,65
20,32
20,42
20,48
20,50
20,41
21,61
21,36
22,66
22,52
22,39
22,46
24,42
24,62
26,52
26,35
26,57
26,62
27,62
27,40
28,42
29,50
29,55
30,63
30,62
31,48
32,38
32,63
32,44
33,69
34,37
34,69
35,62
36,59
36,57
36,48
37,49
38,52
38,63
40,53
41,62
42,65
42,68
42,55
43,53
45,66
48,56
49,57
54,67
60,64
