0,47
0,38
0,94
1,67
2,28
2,71
2,39
2,73
2,36
3,46
4,73
5,44
5,79
5,48
5,77
5,35
5,73
6,39
6,63
6,53
7,33
7,53
7,69
8,77
8,60
8,88
8,68
9,44
9,73
9,25
9,64
10,86
10,93
11,45
12,26
12,44
13,51
13,80
13,86
13,60
13,76
15,34
16,84
16,74
16,63
16,91
16,71
17,45
17,72
17,78
17,49
17,43
19,89
19,61
19,78
20,43
20,86
20,33
21,57
22,52
22,49
22,93
22,33
23,81
23,28
24,60
25,74
26,43
26,79
27,53
27,93
29,59
29,66
29,56
30,81
31,62
31,53
31,52
31,45
32,45
35,75
35,92
35,82
36,92
36,94
36,69
37,39
38,86
38,42
38,62
39,69
39,49
39,75
40,52
41,54
41,70
43,76
43,45
44,76
46,55
47,77
47,79
48,83
48,49
49,50
50,80
51,93
51,92
51,65
52,70
52,76
53,69
54,57
54,62
55,93
55,68
58,65
59,88
59,80
60,90
60,84
60,77
61,90
61,63
61,75
61,88
64,66
65,71
66,88
66,84
67,92
68,87
69,87
75,94
77,88
82,85
88,93
