2,48
2,76
2,40
2,55
3,43
3,93
3,37
4,52
4,84
4,65
4,22
5,38
6,31
6,90
7,78
7,18
7,40
7,22
8,46
8,91
8,90
8,86
9,39
9,75
9,58
10,46
10,53
11,19
11,61
11,26
12,59
12,37
12,31
12,78
13,88
13,93
14,56
14,53
15,33
16,41
17,48
18,26
18,31
18,36
19,33
19,91
19,62
20,72
21,63
22,69
23,57
23,28
23,43
23,26
24,68
25,65
25,87
25,59
25,53
27,37
28,80
29,64
29,88
29,76
29,56
29,39
29,63
30,62
30,58
32,52
32,36
32,82
33,58
34,84
34,65
35,83
35,89
35,60
36,89
36,93
37,43
37,70
39,71
39,63
41,64
41,65
42,66
45,50
45,76
48,90
48,73
49,75
50,63
51,90
53,69
53,79
55,93
59,77
59,66
61,74
61,71
61,80
62,87
63,91
65,81
66,80
66,84
66,73
67,90
67,72
69,86
69,71
71,86
80,88
81,89
84,87
91,92
