0,49
0,30
0,31
0,10
1,55
2,54
3,21
3,42
4,43
4,58
4,16
5,71
5,15
5,28
7,66
7,47
7,52
7,34
9,38
9,74
10,67
11,27
11,18
12,17
12,73
12,48
12,57
13,56
13,52
13,65
13,32
13,57
14,67
14,50
14,66
14,52
15,44
15,55
16,28
16,58
16,61
17,44
17,46
17,39
18,36
18,44
20,31
20,54
20,60
20,23
21,71
22,64
23,74
26,77
27,58
28,33
28,31
29,63
29,35
29,71
30,45
30,40
31,58
32,63
33,67
34,73
34,46
34,38
35,64
37,68
37,63
37,49
38,73
38,63
38,39
38,79
40,52
41,66
43,64
47,58
48,51
53,60
53,57
57,64
58,77
58,69
58,79
60,66
61,76
72,74
77,79
