0,1
0,27
0,13
1,35
1,12
1,33
2,19
2,22
2,52
2,41
2,35
3,40
3,23
3,17
3,54
4,26
4,58
4,37
4,49
4,8
4,43
4,24
5,34
5,37
5,48
5,20
5,38
6,12
6,17
6,15
6,55
6,44
7,48
7,9
7,17
7,39
7,51
8,41
8,33
9,11
9,38
9,36
9,12
9,42
10,17
10,44
11,37
11,29
12,20
12,18
13,18
13,51
13,52
13,14
14,61
14,44
14,26
16,58
16,32
16,24
16,44
17,27
17,22
17,19
17,55
17,39
18,52
19,33
19,29
20,40
21,54
22,36
24,36
24,59
25,40
25,61
27,32
27,49
28,52
28,59
28,35
28,39
28,50
28,30
29,34
29,45
29,56
31,45
31,50
31,47
33,42
33,55
34,48
34,53
34,56
35,60
35,51
36,45
38,55
38,41
38,49
39,42
39,56
39,57
40,45
41,55
42,46
43,58
44,55
46,59
51,53
51,54
51,57
51,56
