0,49
0,36
0,34
1,17
1,9
1,8
1,77
1,7
1,61
1,10
1,56
2,64
2,61
3,15
3,85
3,17
3,34
4,92
4,63
4,68
4,80
5,17
5,45
5,26
5,37
5,16
5,86
6,45
6,59
6,27
7,79
7,18
7,91
7,44
7,48
7,27
8,18
8,68
9,83
9,32
9,34
10,30
10,53
10,68
11,49
12,87
12,20
12,57
13,64
13,15
14,51
14,83
14,42
14,73
15,37
15,66
15,74
15,42
16,47
16,93
17,42
18,46
18,25
18,42
18,22
20,37
21,55
21,49
22,62
22,82
22,46
23,70
23,88
24,53
24,43
24,40
24,34
24,48
25,58
26,68
26,76
27,63
27,62
27,88
28,77
28,36
28,47
28,85
28,33
29,65
29,45
30,62
30,49
31,77
31,74
31,66
32,42
32,48
33,68
33,63
34,44
34,68
34,67
34,88
34,43
35,80
35,54
35,48
36,76
38,56
38,83
39,63
39,50
40,49
41,70
41,68
42,59
44,65
44,89
45,80
46,79
46,83
46,71
47,57
48,91
48,76
48,59
49,66
49,93
50,63
50,92
51,57
52,84
53,88
55,71
55,76
56,82
58,60
60,63
62,71
62,72
62,81
64,76
68,79
72,90
73,83
73,80
75,80
76,93
77,83
78,87
84,92
