0,77
0,27
0,59
0,60
0,14
1,85
2,58
2,24
3,20
3,55
3,59
3,42
3,74
4,69
4,40
4,41
5,86
6,58
6,85
6,13
6,46
7,14
7,88
7,82
7,9
7,65
8,40
8,58
8,41
8,38
8,19
8,20
9,54
9,41
10,41
10,13
11,25
12,88
12,80
12,18
13,54
13,72
13,74
14,39
14,87
14,36
14,62
15,32
15,53
15,70
16,75
16,69
16,48
16,80
16,40
16,32
16,24
17,22
17,63
17,41
17,74
17,21
18,88
18,24
18,73
19,61
19,46
19,58
19,39
19,34
20,88
20,30
20,50
20,46
20,60
20,85
21,58
21,25
21,52
21,66
21,51
22,65
22,34
22,89
22,62
22,63
23,26
23,77
23,84
23,89
23,25
24,74
24,28
24,68
24,57
25,47
25,38
25,28
26,44
26,55
26,68
27,43
27,48
27,69
28,71
28,73
29,88
29,64
30,55
31,81
31,79
33,85
33,47
33,82
33,78
33,45
33,43
34,63
38,40
38,82
38,53
39,70
39,64
40,89
40,58
40,55
40,65
41,56
41,80
42,48
42,61
43,73
43,50
44,58
44,76
45,67
45,55
45,48
46,60
46,66
47,65
47,74
48,80
48,60
48,61
51,80
51,78
51,71
52,82
52,68
54,79
54,61
55,74
55,87
55,62
56,72
57,76
59,87
59,85
59,86
61,68
61,80
63,70
64,77
65,79
66,83
67,88
67,72
68,81
70,71
71,77
75,86
77,89
80,83
87,89
