0,14
0,13
0,42
0,25
1,23
1,59
1,38
2,33
3,21
3,15
3,19
3,32
4,74
4,66
4,57
4,13
4,21
5,61
5,62
6,41
6,21
6,69
8,41
8,65
9,47
9,11
10,46
10,70
10,14
10,16
11,37
11,51
11,13
12,41
12,19
12,64
12,40
13,24
15,49
15,60
16,69
16,29
16,41
16,34
17,76
17,30
17,46
17,37
18,24
19,62
19,22
20,49
22,32
22,72
23,34
23,26
24,50
24,44
24,62
24,49
25,55
25,51
25,54
25,71
26,59
27,31
27,51
28,76
29,30
30,59
30,47
32,61
33,44
34,41
35,37
35,75
35,43
36,71
36,43
38,77
38,50
39,51
45,59
45,58
47,58
47,56
49,53
50,69
52,55
52,59
53,61
53,62
54,57
55,65
56,70
56,77
64,73
65,76
69,72
71,73
