0,3
0,40
0,8
0,41
0,45
0,27
1,6
2,22
2,50
2,14
2,44
2,46
2,10
4,29
4,17
4,28
4,22
4,35
5,25
5,28
5,34
6,19
6,11
6,10
8,21
8,34
9,38
9,27
9,47
10,15
10,37
10,50
10,26
11,21
11,47
11,46
12,34
13,22
13,26
13,15
13,46
14,15
14,26
14,41
14,49
14,36
15,40
15,30
16,24
17,32
17,44
17,38
18,19
18,34
18,35
18,30
19,28
19,45
19,36
19,31
19,27
20,21
21,28
22,40
22,29
23,37
23,30
25,48
26,34
26,42
27,47
27,38
27,49
28,29
28,43
28,39
29,38
31,42
31,40
31,32
32,43
32,46
32,39
33,34
35,41
35,43
35,40
36,43
36,37
36,50
38,40
42,47
45,49
46,48
