0,41
0,31
0,21
1,18
2,21
2,8
2,9
2,24
3,90
3,60
3,78
3,24
4,49
4,67
4,78
4,16
4,65
5,11
5,84
5,24
6,30
6,36
7,82
7,33
8,65
9,29
9,34
10,48
10,24
10,36
11,66
12,87
12,44
12,95
12,16
12,30
13,38
13,36
13,14
13,68
14,44
14,35
14,68
14,85
15,62
15,91
16,39
16,38
17,57
17,92
18,76
18,82
18,79
18,60
19,94
20,77
20,21
21,73
21,79
21,61
21,91
22,63
22,70
22,95
22,59
22,23
23,85
23,66
24,40
24,89
24,41
24,51
25,43
25,76
26,86
26,32
27,79
27,38
28,87
28,74
29,30
29,89
31,76
31,89
31,38
31,93
32,46
32,77
32,57
32,73
33,45
34,65
35,39
36,51
36,88
37,70
38,76
38,46
38,55
39,62
40,47
40,69
41,44
44,52
45,70
46,92
46,75
47,54
48,63
48,86
49,80
50,79
51,95
53,55
53,73
54,93
54,71
56,71
57,77
59,94
61,75
67,75
68,92
68,72
69,89
69,77
70,87
70,93
71,72
72,76
74,86
74,79
74,92
81,95
82,93
82,94
86,94
90,92
91,95
92,93
