0,67
0,63
0,16
1,53
1,61
1,52
1,11
1,9
1,71
2,19
3,69
4,71
4,79
4,70
4,65
4,81
4,20
5,63
5,50
6,42
6,18
6,80
6,59
6,61
6,38
6,24
6,30
7,11
7,45
7,24
7,44
7,58
8,25
8,77
9,81
9,72
9,25
9,11
9,28
9,86
9,20
9,64
10,68
10,25
10,43
10,34
10,15
11,86
11,12
12,72
13,52
13,22
14,31
14,62
14,45
14,48
14,20
15,57
15,36
16,67
16,21
16,84
16,77
16,55
17,87
17,76
17,57
19,84
19,30
19,54
20,48
20,85
21,52
22,70
22,87
22,82
23,44
23,54
24,49
26,58
27,44
27,83
27,72
28,55
28,83
28,34
28,80
29,73
29,70
32,82
32,73
32,50
32,87
32,84
32,85
34,43
34,44
34,52
36,54
36,61
37,52
37,47
37,71
37,46
38,63
38,88
38,44
39,48
39,53
40,68
40,71
40,47
41,66
41,44
41,70
42,61
42,49
42,44
43,66
44,71
44,77
45,48
45,71
45,84
47,70
48,63
48,49
48,53
50,69
50,75
51,68
51,65
52,60
52,73
53,55
54,55
55,74
56,68
60,63
62,82
62,63
63,74
65,70
66,75
67,71
69,80
69,85
70,80
72,86
75,76
78,85
79,87
