0,23
0,51
1,41
3,61
3,62
3,77
3,65
4,9
5,24
5,85
5,46
6,18
6,65
6,79
7,85
7,9
8,28
8,88
8,78
9,85
9,11
9,84
10,47
10,68
11,39
12,27
12,86
13,60
13,25
13,24
13,36
13,19
14,27
14,58
15,19
15,52
16,35
16,57
16,65
16,60
17,55
17,91
18,81
18,19
19,50
19,51
19,34
20,32
20,64
21,39
21,24
22,26
22,70
22,36
23,38
23,25
24,69
24,44
24,36
25,58
26,42
26,78
28,81
29,56
30,50
30,67
30,42
31,73
32,33
34,62
36,42
36,85
37,51
38,53
38,82
39,78
39,76
41,91
42,58
42,86
42,62
44,59
46,54
46,91
46,68
47,75
47,91
47,77
48,50
48,68
48,87
49,68
49,77
49,85
50,58
52,57
54,85
54,58
55,82
56,59
57,85
59,73
59,72
60,69
61,84
61,75
61,77
62,81
65,69
65,80
66,91
67,87
68,72
70,78
73,77
78,82
