0,43
0,11
0,15
1,64
1,70
1,58
1,54
2,52
2,62
3,29
4,20
4,72
4,29
5,45
5,32
5,14
5,61
5,38
7,34
9,21
9,72
9,62
9,73
9,67
9,32
10,11
10,22
10,64
11,49
12,69
13,39
16,24
16,41
18,29
18,78
19,24
19,61
19,29
20,55
20,35
21,75
22,62
24,35
25,79
25,31
25,35
25,51
26,38
26,70
27,56
28,77
28,50
28,61
28,49
29,63
29,67
29,55
30,61
31,70
32,53
32,47
32,76
33,72
33,44
34,40
34,44
35,76
36,53
36,75
37,73
37,45
37,56
38,58
38,75
38,42
38,81
38,49
39,82
39,79
39,60
43,57
44,60
45,68
45,46
46,64
46,61
47,58
47,62
47,63
49,67
50,81
53,70
53,67
53,76
54,59
55,71
56,57
57,59
58,59
59,68
60,79
68,81
70,78
78,79
