0,41
1,67
1,56
1,82
2,82
3,5
3,77
3,74
4,5
5,70
5,10
6,50
6,51
6,78
6,28
7,21
7,46
8,21
8,90
8,60
9,21
9,24
10,87
10,46
10,55
10,75
10,11
11,66
11,60
11,57
11,20
11,42
12,52
12,65
12,18
14,59
16,84
17,72
18,36
18,92
18,89
19,58
20,82
20,41
21,47
22,74
22,38
26,73
26,74
26,79
26,43
27,46
27,51
28,81
28,78
28,77
29,30
30,33
32,69
34,51
34,56
39,87
40,92
41,46
42,67
42,48
44,90
46,69
47,91
47,58
48,59
48,76
50,67
50,84
52,89
53,76
55,92
61,90
61,65
62,71
62,75
63,73
63,71
64,65
64,76
64,74
68,71
69,72
71,76
71,86
74,80
76,89
81,88
82,83
87,89
