0,32
0,24
0,23
1,12
1,24
1,19
1,33
1,40
2,11
2,9
2,33
3,16
3,8
3,5
3,27
3,14
4,28
4,7
5,45
6,43
6,9
6,51
6,17
6,7
6,31
6,36
7,35
7,9
7,14
8,35
9,20
9,14
9,13
10,47
10,43
10,51
10,21
10,44
10,42
10,39
11,37
12,14
12,22
12,23
13,24
14,28
16,48
16,37
16,30
17,51
18,42
18,36
19,49
19,20
20,30
21,34
21,28
21,31
21,39
23,51
23,29
23,36
24,46
24,34
24,37
25,35
25,27
25,38
26,38
26,30
26,39
26,46
27,42
27,48
28,50
28,30
28,46
29,50
29,37
29,41
30,32
31,44
31,39
32,42
33,38
36,40
37,50
38,50
39,42
39,52
41,43
42,45
43,52
46,47
47,48
48,51
