0,67
0,26
0,8
0,20
1,91
1,28
1,37
1,17
1,76
1,77
1,84
2,52
2,16
2,91
2,47
2,78
3,36
3,57
3,22
3,42
3,61
4,8
4,21
5,78
5,40
5,54
5,15
6,37
6,87
6,27
7,37
7,92
7,29
7,13
8,91
8,45
8,55
9,40
9,19
9,54
10,91
10,28
11,17
11,38
11,50
11,59
11,27
12,78
12,14
13,70
13,25
13,50
13,83
14,74
14,19
14,44
14,31
14,30
14,71
15,88
15,64
15,69
16,56
16,62
17,77
17,33
17,63
17,74
18,21
18,91
19,40
19,31
19,33
19,82
20,45
20,52
20,25
21,30
21,39
21,57
21,82
21,60
21,79
22,89
22,85
23,85
23,57
23,32
23,72
23,42
24,42
24,89
24,51
25,53
26,42
26,32
26,37
27,54
27,70
28,49
28,34
28,80
28,30
29,30
29,71
30,57
30,85
30,55
31,33
31,73
32,61
33,35
33,71
33,80
34,41
34,51
35,59
35,80
35,60
36,92
36,80
36,57
36,89
36,78
37,78
38,40
38,75
39,53
39,80
39,51
40,67
41,71
42,49
42,63
42,68
43,47
43,88
43,67
44,69
44,78
45,82
45,79
47,64
49,63
49,75
50,72
52,89
52,81
52,60
53,66
54,85
54,61
55,75
56,66
57,69
57,72
57,62
58,88
58,61
59,61
62,68
62,76
62,75
63,92
63,66
64,89
64,71
64,73
64,77
64,91
66,87
66,85
67,85
67,74
68,72
69,72
69,78
71,84
71,75
75,91
78,79
79,85
79,90
83,86
88,89
