0,75
0,18
0,11
1,58
1,69
1,40
2,80
2,14
2,82
2,55
2,45
2,87
3,16
3,59
3,28
3,82
4,87
4,93
4,50
4,23
5,77
5,53
5,80
6,67
6,72
6,32
6,46
6,12
6,89
7,40
7,63
8,62
8,61
8,36
8,10
8,60
9,12
9,52
9,72
11,32
11,50
11,16
11,52
12,72
12,19
12,58
12,49
13,51
13,71
14,77
14,75
14,59
14,72
15,19
15,21
15,17
16,58
17,74
18,91
18,62
18,42
19,26
19,90
19,75
20,64
20,71
21,92
21,62
22,62
24,48
24,54
24,69
24,50
26,54
26,86
27,42
28,83
29,63
29,83
30,51
31,40
31,42
32,72
33,91
33,39
33,40
33,36
33,67
33,88
34,86
34,48
34,77
34,35
35,93
35,47
35,88
35,76
36,60
36,50
36,39
36,72
36,63
36,83
37,38
38,85
38,48
38,58
39,48
39,77
39,58
40,48
40,71
40,83
40,64
40,67
41,59
41,91
41,66
42,56
42,90
43,59
43,72
44,80
44,58
44,87
45,48
46,85
46,48
47,82
48,73
48,89
48,65
50,80
51,57
52,68
52,59
53,68
54,74
54,87
55,62
59,79
60,72
60,89
60,92
62,84
62,83
62,92
66,67
66,87
72,80
73,92
73,74
74,88
74,77
75,77
76,89
76,85
78,80
80,82
82,90
82,89
86,90
