0,55
0,75
0,28
0,85
1,85
1,48
2,80
2,74
2,12
3,28
3,54
4,26
5,62
5,55
5,65
5,29
7,34
8,63
9,25
9,46
9,19
10,11
10,26
10,41
11,72
11,77
11,82
11,35
11,30
11,25
12,15
13,25
13,29
13,86
13,84
14,45
15,70
15,39
15,62
15,32
15,85
16,46
17,58
17,40
17,23
17,31
17,51
18,83
18,54
18,74
18,41
19,82
19,50
19,79
20,65
20,30
20,49
22,61
22,26
24,72
24,60
24,37
24,63
24,40
25,26
25,42
25,69
26,49
26,40
27,35
27,72
27,31
28,53
29,73
30,80
31,50
31,86
31,81
32,42
32,57
33,36
33,86
33,84
35,85
36,39
38,66
38,74
39,86
40,47
41,63
41,69
41,77
42,72
43,68
44,67
44,66
44,69
44,65
46,86
47,60
48,75
48,82
49,60
49,86
52,70
52,55
53,82
54,81
56,72
56,79
57,74
59,74
59,71
59,82
63,80
64,66
67,77
67,85
67,70
69,84
71,72
71,74
73,75
74,83
79,81
80,81
81,85
