0,4
0,33
1,71
1,22
1,68
3,58
3,54
3,33
3,44
3,22
4,54
4,20
5,68
6,81
6,18
8,70
8,22
9,18
9,45
11,71
12,20
12,74
12,67
12,55
12,57
12,27
12,68
13,55
13,70
14,32
14,40
14,74
14,21
14,17
15,17
15,67
16,79
16,46
16,39
16,47
16,75
16,41
17,22
17,29
17,47
17,43
18,69
18,22
19,75
19,49
19,39
20,68
21,66
23,79
23,60
23,81
24,55
25,44
25,40
27,63
28,38
28,63
28,71
29,32
30,45
31,81
31,78
31,77
31,74
32,43
32,38
32,64
35,68
35,39
36,49
37,39
37,51
38,80
39,59
39,41
40,66
40,60
43,57
43,47
43,64
44,57
45,64
46,51
46,61
47,77
47,81
50,56
51,77
54,64
55,74
55,60
56,61
56,65
58,72
59,76
59,71
60,76
63,66
70,74
74,78
75,80
78,81
