0,26
0,20
0,2
0,10
1,52
1,55
1,9
2,34
2,47
2,10
3,57
3,7
3,48
3,25
4,26
4,32
4,39
4,38
4,57
5,32
5,27
5,15
7,40
7,34
8,30
8,46
8,24
8,35
8,51
8,28
8,42
8,57
9,24
9,32
9,25
9,10
10,23
10,40
11,36
11,61
11,33
11,60
12,59
12,37
13,61
13,17
13,21
14,37
14,17
15,39
15,41
15,53
15,37
15,36
16,29
16,44
16,32
17,40
17,31
17,54
18,43
18,55
20,21
20,52
20,49
20,38
20,42
21,26
21,61
22,34
22,43
22,35
22,42
23,61
23,39
23,28
26,30
26,36
27,60
27,57
28,34
28,39
28,49
29,43
29,30
29,47
31,34
31,56
31,51
31,52
32,42
33,62
33,35
34,35
35,53
35,36
36,58
37,59
39,58
40,62
40,58
41,59
41,47
41,49
42,55
45,59
47,51
49,55
50,53
50,61
50,62
51,56
51,59
51,58
55,58
55,56
