0,20
0,3
0,12
0,4
0,13
0,1
0,30
0,47
1,81
1,71
1,18
1,88
1,14
1,22
2,32
2,39
2,12
3,55
3,14
3,53
4,86
4,71
4,76
4,81
5,62
5,15
5,52
5,47
5,12
6,65
6,9
6,90
6,11
6,63
6,50
7,28
7,30
7,27
8,44
8,67
8,55
10,47
10,13
11,62
11,83
11,69
11,63
12,42
12,46
13,86
13,55
14,34
14,60
15,62
15,39
15,17
15,40
17,65
19,86
19,51
19,55
19,29
19,40
20,43
20,83
20,70
20,65
22,36
23,81
23,90
23,75
23,24
25,87
25,36
25,60
26,67
26,56
26,41
26,89
26,85
26,84
26,38
27,47
28,35
28,85
28,87
28,39
29,68
29,62
30,54
30,59
31,65
31,80
31,38
31,63
32,69
32,79
32,43
33,42
33,73
33,78
33,77
33,61
34,36
34,82
34,88
34,52
35,75
35,82
35,85
36,48
36,81
36,55
36,52
36,66
37,74
38,49
38,55
38,57
38,50
39,89
39,57
40,87
41,76
41,44
42,90
42,43
42,70
43,75
43,61
43,81
44,90
45,68
46,87
46,77
46,51
47,51
48,55
49,86
49,68
49,83
50,58
51,78
51,67
52,75
53,74
53,78
53,69
54,71
54,74
55,72
56,88
56,65
56,57
57,69
57,78
57,88
57,83
59,70
60,62
61,70
61,67
62,88
63,76
63,78
63,84
64,68
64,75
65,82
65,75
66,80
68,84
69,82
69,73
70,76
71,83
80,86
80,89
82,86
