0,38
0,44
0,20
0,43
1,29
1,34
1,45
2,59
2,24
2,69
3,55
3,77
3,58
4,35
5,74
5,30
5,45
6,76
6,20
7,45
7,29
7,12
7,32
8,72
8,14
8,75
8,18
9,33
9,13
10,65
10,53
11,75
12,39
12,42
12,26
12,16
14,16
14,54
14,46
15,19
15,28
15,17
15,50
15,36
16,38
16,61
17,76
17,37
17,40
18,44
18,49
18,24
18,54
19,74
20,59
20,57
20,55
21,56
21,49
24,60
25,48
25,58
26,32
26,58
26,48
27,55
27,29
30,43
30,54
30,72
32,58
33,45
34,45
34,40
35,76
36,54
39,41
40,67
40,58
41,57
41,67
42,64
45,48
47,64
47,52
49,59
49,54
50,61
52,76
54,58
56,75
56,57
63,77
70,77
