0,85
0,29
0,1
0,68
1,36
1,29
2,3
2,18
2,8
2,7
3,84
3,62
3,60
4,88
4,53
4,5
4,82
5,33
5,21
6,38
6,39
7,28
7,43
7,75
8,15
9,51
10,76
11,82
11,80
12,28
12,88
12,74
13,46
13,36
13,76
15,88
15,19
15,22
16,37
16,59
16,24
16,82
16,32
17,63
17,48
17,65
18,42
18,54
18,70
18,20
18,33
18,31
20,35
20,39
21,62
21,60
21,70
21,80
21,53
22,26
22,51
23,38
23,74
24,56
24,59
24,28
25,54
25,67
26,54
26,73
26,27
29,71
29,83
30,65
30,58
31,76
31,79
31,77
31,82
31,85
32,48
33,44
35,78
35,52
36,57
36,58
36,40
37,38
38,50
39,84
39,78
39,66
39,61
40,64
41,54
41,61
41,49
41,63
41,80
42,67
42,83
44,77
45,77
47,48
48,71
48,81
49,88
49,70
49,54
50,60
52,60
53,69
54,61
56,77
57,72
57,59
57,87
58,73
58,80
58,88
58,59
59,84
60,83
62,64
62,68
63,82
65,80
66,79
66,77
70,81
73,80
75,86
77,83
77,84
