0,20
0,63
0,46
0,55
1,60
1,40
2,43
2,24
3,50
3,25
4,38
4,49
5,22
5,24
6,23
6,47
7,48
7,19
7,28
7,55
8,43
8,50
8,55
8,61
8,13
8,15
9,65
9,47
10,22
10,52
11,52
11,32
11,28
12,33
12,46
13,66
13,48
13,46
14,56
14,20
14,17
15,61
15,27
16,38
16,41
16,37
16,61
16,57
17,25
18,38
18,19
19,28
20,43
21,56
21,38
23,47
23,30
23,39
23,66
23,40
24,34
24,39
24,35
24,59
25,28
26,28
26,51
27,43
27,56
28,52
28,47
29,32
29,47
29,59
29,48
30,63
31,59
31,32
32,35
32,52
34,64
34,39
38,46
38,44
39,40
40,62
40,66
42,55
42,46
43,63
43,56
44,57
44,47
46,59
46,57
47,48
47,60
48,49
50,58
50,61
52,56
52,55
53,66
55,61
55,65
