0,37
0,48
0,71
0,63
1,22
1,58
1,33
2,67
3,29
3,8
3,22
3,62
3,34
4,22
4,31
4,48
4,45
5,71
5,33
5,9
6,18
6,24
6,10
7,11
7,24
7,10
7,45
7,8
7,9
7,21
7,29
8,42
8,10
8,14
9,30
9,33
9,53
9,23
10,16
10,13
10,54
10,33
10,36
11,59
11,42
11,48
11,66
11,12
12,34
12,37
12,48
13,26
13,67
14,34
15,37
15,38
15,21
15,52
16,68
16,67
18,49
18,68
19,29
19,56
19,62
19,20
19,44
20,46
20,67
20,57
20,69
20,59
21,66
22,46
23,40
23,34
24,70
24,32
24,59
24,48
24,63
25,71
26,52
26,54
27,41
28,29
28,44
29,51
29,64
31,62
32,53
32,51
34,44
34,39
35,51
35,67
35,71
38,70
39,54
39,53
39,65
40,42
40,52
40,62
41,42
42,70
43,57
45,56
46,63
48,54
48,61
49,66
51,63
51,68
52,67
53,60
54,65
55,60
55,65
55,61
58,69
62,70
66,67
