0,44
1,74
1,16
1,37
2,32
2,73
2,12
2,45
2,85
2,35
3,64
4,76
4,31
5,71
5,83
6,9
6,37
6,65
7,67
7,79
7,13
7,37
9,85
9,17
9,36
9,34
9,57
9,72
10,80
11,54
11,52
12,54
12,83
13,74
13,56
13,75
13,57
13,71
14,82
14,21
14,37
14,25
15,35
15,74
16,73
16,74
16,84
17,38
17,25
17,61
17,43
17,20
18,65
18,39
18,66
18,80
18,44
19,37
19,44
19,48
19,72
19,84
20,41
20,49
20,51
20,79
20,30
21,81
21,70
21,47
22,30
22,70
22,84
23,25
23,66
23,80
23,57
24,28
24,33
25,54
26,47
27,32
27,70
27,58
27,75
28,80
28,81
29,30
29,56
29,73
30,51
31,33
31,66
32,60
32,72
32,58
33,51
33,69
33,80
34,81
34,82
34,77
36,79
37,69
38,41
38,40
39,40
40,70
41,68
42,54
43,54
44,66
45,47
46,55
47,73
50,77
50,53
51,52
52,58
54,68
54,63
55,64
56,85
57,58
57,80
58,66
58,76
58,65
60,66
60,83
62,68
63,71
64,71
64,68
66,68
68,85
70,79
70,85
71,76
75,82
75,85
76,77
76,83
79,83
