0,3
0,39
1,18
1,71
1,12
1,63
1,46
1,24
2,56
2,20
3,58
3,36
3,54
3,12
4,49
4,60
4,58
5,23
5,48
6,21
6,23
6,65
6,66
7,32
7,19
7,76
7,33
7,54
8,19
8,37
9,75
9,28
10,16
10,75
10,58
10,44
10,77
11,17
11,12
11,75
11,62
11,24
13,71
13,37
13,32
13,24
13,26
13,48
13,74
14,73
14,74
14,49
14,22
15,58
15,48
16,72
16,42
16,47
17,36
17,76
18,40
18,22
18,26
19,77
19,65
19,31
19,66
19,26
21,59
22,53
22,65
22,32
23,42
26,49
27,66
27,28
28,78
28,60
29,38
30,58
31,74
31,52
32,34
33,78
33,75
33,41
34,65
35,62
35,41
35,72
36,76
38,65
39,64
39,77
40,53
41,60
41,71
43,56
43,55
43,46
44,49
44,73
44,62
46,67
47,78
47,69
48,78
49,54
54,58
56,66
56,62
59,74
60,66
65,74
65,66
68,69
71,78
74,76
76,77
