0,14
0,74
0,23
0,31
0,4
0,71
0,7
2,60
2,49
2,80
3,62
3,63
4,72
5,63
5,23
5,53
6,77
6,64
6,67
6,30
6,58
7,9
8,53
8,62
8,75
9,13
9,56
10,13
10,26
10,58
11,83
11,74
11,12
12,57
13,79
14,67
14,15
14,28
14,55
14,23
15,65
15,69
15,46
15,75
15,60
17,76
18,63
18,53
19,36
19,87
20,57
21,78
21,34
22,67
22,34
22,77
23,38
23,63
23,26
24,58
24,50
24,62
25,40
25,76
25,74
25,79
25,49
26,51
26,42
28,42
28,84
28,32
28,66
28,29
29,70
30,41
31,81
31,50
31,55
32,35
32,54
33,87
34,67
34,60
35,39
38,41
39,80
39,74
39,78
39,77
41,71
41,73
41,63
41,60
42,69
42,72
43,48
43,67
43,74
44,60
45,87
45,76
45,61
46,88
46,49
47,82
47,61
48,66
49,61
50,65
52,74
53,82
54,64
55,87
55,83
56,88
56,57
58,75
58,60
60,82
60,75
61,63
62,88
63,83
64,73
69,72
69,76
70,87
79,84
80,86
80,83
85,87
