0,2
0,39
0,37
0,34
0,23
0,75
1,18
1,22
1,9
1,75
1,16
2,15
2,17
3,20
3,34
3,55
4,56
5,13
5,38
5,45
5,72
6,7
7,76
7,67
7,45
8,49
9,36
9,34
10,17
10,28
10,45
10,75
11,70
11,32
12,35
12,19
13,56
13,45
13,79
15,22
15,24
15,28
16,31
16,45
16,30
17,56
17,49
18,31
18,22
18,77
19,52
19,21
20,81
20,70
21,64
21,79
21,63
22,32
22,36
22,43
22,41
22,66
23,76
23,67
23,29
24,44
24,38
24,53
24,35
25,48
25,33
25,32
26,36
26,35
26,41
26,72
27,30
28,73
28,35
28,76
28,53
29,60
30,50
31,36
32,42
32,73
33,55
34,62
34,76
35,43
36,73
36,48
36,50
36,72
36,52
37,64
38,51
38,56
38,75
38,65
38,66
40,56
40,42
40,45
41,50
41,47
41,77
44,70
44,65
44,58
44,81
46,70
47,55
47,79
47,49
48,66
48,67
48,60
49,67
49,66
50,60
50,51
51,76
51,58
52,57
52,75
53,58
54,69
56,64
57,67
59,66
64,70
64,75
65,73
67,81
68,69
68,80
78,79
