0,53
0,13
1,59
1,53
1,69
2,8
3,55
3,21
3,14
3,19
4,49
5,20
5,48
6,64
6,57
7,37
7,48
7,31
8,60
8,58
9,30
9,32
9,55
10,55
10,50
11,29
11,75
11,72
11,35
12,25
12,31
12,29
12,37
12,18
12,45
13,61
13,74
14,32
14,18
15,41
15,70
15,22
15,68
15,67
15,24
16,49
16,60
17,51
17,60
18,19
18,72
19,22
20,46
21,43
21,58
23,37
23,50
24,41
25,34
26,33
26,37
26,53
26,40
27,44
28,64
28,56
29,60
29,70
30,68
30,70
31,48
31,58
32,61
32,73
32,33
32,38
33,63
33,56
34,73
34,42
35,51
36,70
36,63
36,64
36,39
37,49
39,63
44,61
44,59
46,51
46,66
47,61
48,70
51,65
53,69
53,71
55,76
56,68
57,60
59,63
62,68
63,74
63,72
63,76
68,75
