0,21
0,9
0,60
0,16
0,25
1,2
1,36
1,27
1,38
2,18
3,40
3,30
4,46
4,50
4,54
4,28
5,7
5,41
5,11
5,9
6,23
6,14
6,39
6,18
6,8
6,61
6,41
6,40
6,21
7,53
7,18
7,13
8,20
8,41
8,61
9,55
9,36
10,26
10,32
10,42
10,41
11,57
11,56
11,51
11,25
12,42
12,26
12,13
12,19
12,54
13,42
14,25
14,40
15,20
15,57
15,49
15,27
16,62
16,22
16,27
16,44
16,31
17,38
17,30
17,19
17,23
18,56
18,46
18,44
18,54
19,47
19,61
20,51
20,29
20,32
20,34
21,34
21,42
21,39
22,41
23,42
23,51
23,54
24,62
25,42
25,37
25,48
26,28
27,48
28,40
28,41
29,53
30,61
31,60
31,52
34,56
34,44
35,45
35,38
37,59
37,42
38,62
40,60
40,61
42,60
42,49
42,50
43,52
45,59
45,57
47,58
47,60
47,54
48,54
49,51
49,57
51,55
52,57
52,62
54,62
