0,89
0,46
0,48
0,94
1,31
1,90
1,57
2,64
3,55
4,80
5,41
6,15
6,33
6,39
6,26
6,34
6,80
7,51
7,73
7,84
8,80
8,93
8,21
8,91
9,66
9,14
9,23
10,51
11,21
11,25
12,27
12,67
13,75
13,63
14,26
14,38
17,64
17,47
17,79
18,20
19,49
19,66
19,89
20,63
22,40
23,94
23,78
23,42
24,45
24,79
24,89
25,66
26,86
26,60
26,41
27,44
28,85
28,59
28,46
29,50
29,69
29,77
31,94
31,62
31,73
31,44
31,36
32,45
32,77
32,87
32,55
33,79
34,62
34,90
34,51
35,44
35,65
36,86
38,75
38,88
38,63
39,85
40,66
41,80
41,95
43,83
45,48
45,60
46,68
47,68
48,65
53,65
55,71
55,92
56,68
56,60
57,83
57,87
58,67
60,90
60,96
61,91
61,78
61,80
62,81
64,71
65,69
67,74
70,78
74,88
76,96
78,85
79,85
80,84
81,92
85,94
93,96
