1,64
1,17
2,66
2,52
2,54
3,21
3,26
4,33
4,43
4,23
4,40
4,14
4,53
4,27
5,67
5,50
5,53
6,61
6,51
6,60
6,50
7,39
7,66
7,37
7,41
7,38
7,17
7,43
7,64
8,11
8,45
9,18
9,42
9,37
9,52
9,26
11,32
11,42
12,24
12,34
12,13
14,41
15,55
15,17
15,35
15,63
15,51
16,25
16,49
16,50
17,19
17,23
17,47
20,68
20,43
21,26
21,34
22,25
22,42
22,51
22,23
23,56
24,56
24,67
24,48
24,61
25,63
25,26
25,48
26,51
26,39
27,31
27,38
27,51
28,68
28,61
28,60
30,69
31,67
31,32
33,34
33,64
33,38
34,46
34,54
34,50
35,38
35,40
36,44
36,42
37,59
39,62
39,49
40,64
41,42
42,62
43,51
43,65
46,48
47,65
48,64
50,68
51,68
51,54
59,71
63,67
65,68
