0,17
1,52
2,21
2,39
2,73
3,12
5,68
5,55
5,17
5,39
5,6
6,38
6,7
6,40
6,28
8,71
8,53
8,48
8,67
9,65
9,33
9,68
12,22
12,65
12,52
13,74
14,43
14,26
14,73
15,20
15,16
15,22
16,27
16,47
18,60
18,67
18,45
19,44
19,74
19,54
19,28
20,66
21,38
22,62
22,65
22,49
23,28
23,68
25,68
26,31
26,50
27,54
28,52
28,30
28,57
29,38
30,43
31,51
32,74
33,52
34,76
34,55
34,43
35,71
36,74
37,72
38,73
38,77
40,53
40,44
40,49
41,61
42,71
43,56
44,45
45,58
45,49
46,48
46,70
47,56
48,76
48,54
49,56
51,64
53,71
53,77
54,64
54,71
57,61
59,64
63,76
