0,44
0,10
0,7
0,56
0,67
1,74
2,45
2,11
3,21
4,38
4,18
4,29
4,56
5,27
6,31
6,77
6,23
6,35
7,37
8,72
8,32
8,13
8,50
9,29
9,78
10,54
10,19
10,21
10,80
11,70
11,31
11,81
11,35
11,20
12,39
12,82
12,24
13,43
14,28
15,31
15,82
15,34
15,33
15,53
16,65
16,71
17,27
18,37
18,47
19,50
20,21
20,24
20,45
20,76
20,35
20,36
21,56
21,48
21,52
21,51
21,31
21,23
22,24
22,65
23,41
23,68
23,79
23,83
25,73
25,67
25,62
26,75
28,34
29,53
30,38
30,82
30,73
31,40
32,54
32,43
32,72
33,71
33,36
33,50
35,66
35,80
36,69
36,37
36,83
37,47
37,59
37,40
38,52
39,48
39,69
39,51
39,58
40,43
41,68
42,79
43,46
43,54
44,49
44,62
46,69
50,65
51,83
52,70
52,60
54,56
54,74
55,56
56,68
57,80
58,63
59,66
59,75
61,77
62,75
63,81
65,69
66,70
67,72
70,75
71,75
73,82
74,76
76,77
