0,34
0,40
0,24
1,4
2,43
2,78
2,3
2,42
3,54
3,77
3,23
4,23
5,48
6,38
6,13
7,69
8,62
8,56
8,72
9,66
10,53
10,29
10,13
11,28
11,12
12,77
12,62
12,17
13,82
14,41
14,25
15,52
15,57
15,24
15,40
16,29
17,61
17,22
17,54
18,48
18,81
18,62
18,66
19,63
20,40
21,84
22,26
23,75
24,58
25,52
25,84
25,49
25,76
26,33
26,43
26,75
27,84
27,43
27,47
27,73
27,51
28,56
28,45
28,58
28,62
29,69
29,59
30,75
30,52
30,78
31,64
32,54
33,52
33,68
33,65
34,84
34,65
34,41
34,56
36,69
37,59
37,63
37,57
37,51
37,43
38,73
38,43
38,76
39,47
40,76
40,69
41,57
43,72
44,68
45,53
45,82
46,76
50,73
50,80
51,55
53,56
54,84
55,75
56,66
56,65
58,82
59,70
59,84
60,66
61,76
62,80
63,64
65,82
66,77
68,78
68,70
71,73
73,78
