0,11
0,16
1,63
1,40
1,70
2,46
2,70
3,26
3,59
4,32
4,8
4,75
5,22
5,48
5,78
5,12
5,65
5,94
7,43
7,39
7,91
7,64
7,31
7,50
8,39
9,80
9,55
9,93
9,33
9,89
10,46
11,17
11,61
11,15
11,73
12,63
12,72
13,91
13,31
13,52
13,94
13,48
14,33
14,86
14,74
15,82
16,29
16,71
16,92
17,32
18,82
18,56
18,75
19,35
19,63
19,33
19,50
20,61
21,36
22,77
22,38
23,89
23,40
23,49
23,84
24,49
25,85
25,27
26,55
27,58
28,91
29,59
29,70
31,37
32,94
33,64
33,55
34,86
34,42
36,45
37,45
38,89
38,78
39,88
39,48
39,83
40,60
40,55
40,89
40,67
41,86
41,50
43,79
43,68
43,75
43,63
44,79
44,83
45,95
45,78
45,87
45,84
47,53
47,51
49,64
50,89
50,51
51,84
51,57
54,66
54,95
56,87
56,62
58,71
58,73
61,76
61,84
61,78
62,95
63,78
64,67
65,80
66,83
69,75
71,93
73,81
73,90
73,83
73,75
74,79
77,93
78,82
81,94
82,94
88,95
92,94
