0,43
0,65
0,52
0,60
1,41
1,51
1,47
2,5
2,9
2,34
3,20
3,46
3,13
3,57
3,23
4,18
4,63
4,23
5,41
5,63
5,21
5,57
6,51
6,49
7,35
7,36
7,46
7,40
9,16
9,24
9,11
9,52
9,59
9,40
10,48
11,40
11,15
11,60
11,57
12,45
12,25
12,24
12,42
13,18
13,20
14,25
14,50
14,24
15,59
15,27
15,34
15,24
16,38
17,63
18,25
18,42
19,27
19,48
19,42
20,47
20,28
20,25
20,44
21,44
21,43
22,39
23,43
24,26
24,28
25,55
25,49
26,58
27,64
27,41
27,37
27,46
27,40
28,63
28,32
28,61
29,59
29,65
29,33
29,57
31,40
31,64
32,34
33,55
33,58
36,38
36,48
37,40
38,60
38,61
39,51
41,54
41,52
41,55
41,51
44,48
44,52
46,59
46,50
47,49
48,53
48,50
49,52
50,62
50,55
51,57
54,64
56,59
56,64
58,63
59,62
