0,57
0,1
1,5
2,63
2,43
2,36
2,23
2,15
3,25
3,33
3,18
4,6
5,51
5,34
5,58
5,48
6,39
6,49
6,11
7,54
7,63
7,57
7,42
7,13
8,45
8,42
8,29
10,43
10,27
10,42
11,22
11,59
11,32
11,34
13,16
13,56
14,42
15,22
15,40
15,17
16,18
16,57
16,27
17,48
17,63
17,26
18,38
19,20
19,60
19,30
19,32
20,51
20,38
20,35
20,63
21,24
21,62
21,50
22,29
22,55
22,50
22,40
23,63
23,58
25,62
26,60
26,42
27,43
27,40
28,55
28,43
29,37
31,60
32,60
33,54
33,41
34,37
34,57
35,41
35,36
36,39
36,37
37,40
37,62
37,38
38,48
39,53
39,40
39,47
40,54
40,56
41,45
41,63
43,58
44,47
44,52
45,53
45,57
46,61
46,60
54,56
58,60
58,61
