0,10
0,34
1,68
1,56
1,25
1,38
1,79
2,25
2,60
2,77
2,66
2,31
3,45
3,8
3,76
3,27
4,12
4,20
5,69
5,20
5,16
5,56
5,47
6,13
6,16
6,15
7,21
7,60
8,45
8,65
9,32
9,33
10,58
10,39
10,81
11,26
11,12
11,79
11,22
12,39
12,13
13,65
13,20
14,81
14,29
14,55
14,75
15,61
15,53
16,50
16,49
16,26
16,20
16,19
17,22
17,19
17,36
17,41
18,40
19,70
19,81
19,21
19,40
20,35
21,57
21,26
21,69
21,67
21,56
21,54
22,73
22,52
22,44
23,52
23,82
23,67
24,52
24,68
24,78
25,52
25,46
25,64
26,45
28,55
28,38
28,74
29,63
29,36
29,56
30,57
30,55
30,48
30,52
31,50
32,61
33,76
34,51
34,78
35,58
36,47
36,76
36,65
36,59
36,48
37,58
38,67
38,49
39,80
39,76
40,46
40,60
41,49
43,70
43,83
43,49
43,55
44,65
45,83
45,59
45,75
46,60
46,47
47,68
48,53
48,80
49,76
49,54
51,52
52,72
53,74
53,70
53,76
55,80
55,81
57,69
58,70
58,68
59,69
59,75
60,76
65,80
69,71
69,72
70,81
71,72
71,79
71,81
73,74
76,78
