0,93
0,37
1,47
2,89
3,11
3,41
3,21
3,81
3,46
3,23
3,86
4,55
4,48
5,30
6,81
7,51
7,59
8,69
8,35
8,42
8,19
9,41
10,93
10,35
11,68
12,15
12,33
13,35
13,25
13,58
13,29
13,32
14,77
14,93
15,60
16,51
16,72
16,55
17,65
17,50
18,56
18,91
19,93
19,42
21,84
21,64
21,42
23,75
23,30
24,42
24,27
25,31
25,56
26,68
27,68
27,57
27,64
27,58
27,94
28,37
29,58
30,50
31,35
33,39
33,89
33,42
33,97
34,87
35,43
35,77
36,92
37,44
37,96
37,42
38,45
38,57
38,97
39,85
39,42
39,47
40,49
40,85
42,57
42,79
42,60
43,76
46,49
46,87
47,71
47,75
48,74
49,52
50,76
51,95
51,64
52,76
53,82
53,78
53,90
53,92
54,56
55,68
55,64
57,84
59,88
59,69
60,62
61,89
61,72
63,79
66,79
66,97
66,80
67,95
68,84
70,84
70,87
70,97
71,90
73,81
75,82
75,91
78,81
78,85
82,86
85,88
88,95
95,96
