0,66
0,67
0,72
0,37
0,20
0,7
1,59
1,22
2,41
3,29
4,46
4,21
4,36
4,55
5,30
5,78
6,33
6,27
6,38
6,25
7,25
8,77
8,80
9,25
9,40
10,20
10,30
11,76
12,76
12,75
12,15
12,34
13,61
13,28
13,15
13,21
14,55
14,74
14,70
17,61
17,59
18,22
18,78
18,41
18,71
18,47
19,73
19,72
19,74
20,62
20,36
20,26
21,77
21,27
21,48
22,50
23,73
23,49
24,70
24,74
24,37
25,57
25,39
26,69
26,67
26,74
27,41
29,36
29,79
29,32
30,60
31,58
31,45
31,71
32,61
32,65
34,42
34,78
34,69
35,65
35,77
37,41
38,57
41,78
42,80
42,62
42,74
43,63
43,74
43,72
43,59
44,62
44,75
45,66
45,46
46,58
46,54
47,48
49,51
49,56
50,56
50,70
51,56
51,78
52,67
52,65
53,56
54,59
56,73
56,79
57,67
58,68
58,78
58,73
59,64
59,71
64,78
66,69
66,78
67,78
68,79
71,76
