1,13
1,71
1,77
1,31
1,38
2,40
2,5
2,68
3,79
3,17
3,55
4,66
4,51
4,74
4,5
5,30
5,43
6,43
7,59
7,78
8,69
9,55
9,35
11,76
12,63
13,60
14,75
14,29
15,46
16,62
16,72
16,48
16,30
16,57
16,33
16,66
17,56
17,57
18,79
18,24
19,41
19,20
20,78
20,49
20,28
20,69
21,30
21,46
21,31
22,25
23,77
23,48
23,72
24,28
24,78
25,58
25,52
26,42
27,77
27,59
28,39
28,45
28,46
28,75
29,60
29,36
29,51
30,77
31,45
31,73
31,50
31,80
32,46
32,51
33,77
34,35
36,71
36,49
38,62
39,48
40,70
40,58
40,54
42,58
45,54
48,69
51,52
51,64
52,67
53,58
54,80
55,72
57,77
57,62
57,66
60,71
64,77
68,76
72,77
