0,46
0,72
0,68
0,75
1,73
2,72
2,76
2,15
3,44
3,54
4,10
4,66
4,46
4,70
4,69
5,11
5,25
5,78
5,76
6,17
6,74
8,45
8,20
8,12
9,28
9,65
10,42
11,80
11,39
11,71
12,56
13,22
13,17
14,46
14,87
16,56
17,34
18,22
18,82
19,51
19,83
19,76
20,65
20,82
20,55
21,80
21,43
22,47
22,83
22,49
22,27
22,88
23,62
23,63
23,61
23,24
24,84
24,89
24,40
24,75
24,26
25,64
25,55
26,64
27,57
28,76
28,84
29,32
29,65
30,71
30,83
30,37
33,34
34,43
34,89
38,76
38,54
38,83
39,59
39,90
40,88
41,53
41,71
41,87
42,87
42,71
42,83
43,55
44,70
45,73
45,47
45,59
45,63
45,76
46,83
48,66
48,56
49,72
49,60
50,61
50,87
55,66
56,86
57,85
57,81
58,71
60,70
62,64
63,82
65,83
65,89
66,72
66,81
67,89
67,84
71,82
72,78
72,85
72,87
75,76
75,90
79,85
83,90
