0,74
0,27
0,26
1,42
1,70
1,30
1,48
2,72
3,50
3,58
4,81
4,64
5,58
5,76
5,28
5,14
5,79
6,26
6,63
7,43
7,57
8,47
8,48
8,32
9,82
9,73
9,18
10,71
10,43
11,74
11,79
12,49
12,22
13,36
13,19
13,43
13,47
14,25
15,53
15,59
15,64
18,76
18,68
18,23
19,48
19,46
19,59
20,41
20,30
21,33
21,22
21,62
22,64
22,59
23,50
23,39
24,56
25,41
25,48
25,29
26,65
27,39
28,29
28,41
28,44
29,80
31,66
31,61
32,46
32,60
33,71
34,38
35,52
36,62
36,76
41,80
41,46
41,47
42,68
44,45
45,79
47,68
47,69
48,65
48,54
48,83
49,74
50,83
53,68
53,80
54,81
54,60
57,68
58,68
58,79
62,69
62,82
62,66
62,75
63,78
68,83
68,75
75,83
75,81
77,78
