0,47
0,45
1,4
1,44
1,36
1,14
1,23
1,41
2,23
2,6
2,13
2,15
2,11
3,17
3,44
3,40
3,4
3,12
3,42
4,5
5,38
5,22
5,16
6,25
6,43
6,23
6,30
6,24
6,46
6,13
7,36
7,48
7,15
7,17
8,36
8,32
9,12
10,46
11,18
11,38
11,13
12,49
12,34
12,36
13,42
13,34
13,30
14,50
16,34
16,20
16,38
17,36
17,49
18,31
18,43
18,32
18,23
19,32
19,46
19,39
19,44
20,49
20,34
21,38
22,37
22,38
22,30
22,44
23,44
24,29
24,28
24,32
24,41
24,40
25,46
25,34
25,40
27,42
27,31
27,30
28,29
30,49
30,35
31,44
31,32
31,35
32,35
32,41
33,49
33,41
33,48
33,34
34,39
35,42
37,45
39,45
40,41
40,49
42,50
42,46
47,48
