0,36
0,15
0,19
0,45
1,85
1,53
1,56
1,59
1,65
1,5
2,5
2,55
2,35
2,45
3,61
4,61
4,37
4,42
4,31
4,10
5,26
6,84
6,14
7,9
7,52
7,18
8,45
9,68
9,66
9,69
9,60
9,21
9,23
10,34
10,32
11,49
11,59
12,89
12,82
13,62
13,19
13,52
14,31
14,54
14,84
14,69
14,39
14,71
15,66
16,89
16,40
16,79
16,50
16,82
16,58
17,46
17,19
17,27
18,76
18,44
18,77
19,78
20,47
20,34
20,65
20,86
21,66
21,28
21,49
21,35
22,60
22,39
23,45
23,68
23,69
24,75
24,82
24,27
24,52
24,43
25,64
25,59
25,63
26,65
26,37
26,28
26,80
27,45
28,74
28,36
28,37
29,60
29,72
29,52
29,64
30,44
30,71
31,67
31,47
32,53
32,61
32,86
32,75
32,44
33,73
33,82
34,72
34,82
34,60
35,83
36,84
36,42
36,62
37,39
37,80
37,61
38,77
38,41
38,67
38,86
39,62
39,70
39,76
39,44
39,40
40,86
40,66
40,82
41,88
41,81
42,53
42,68
42,74
42,80
42,54
43,87
43,72
43,73
44,68
46,64
46,79
47,67
48,67
49,56
49,58
49,63
50,78
50,73
52,75
52,62
53,60
53,80
54,71
54,85
54,58
56,61
56,63
57,60
57,85
58,71
59,80
61,81
63,64
64,65
66,79
66,70
67,77
67,80
69,85
69,71
70,72
70,81
71,75
74,75
75,87
79,80
