0,44
0,7
0,57
0,6
0,80
1,56
1,77
1,74
1,65
1,46
1,60
1,2
1,8
2,8
2,27
2,77
2,72
3,18
3,72
3,16
3,30
3,88
3,61
4,78
4,27
4,35
4,16
5,68
5,81
5,7
5,79
6,41
6,57
6,29
8,25
8,69
8,13
9,71
9,50
10,43
10,28
11,42
11,12
12,18
12,72
13,58
13,88
14,67
14,34
14,73
15,75
16,24
17,65
18,54
18,87
18,57
18,45
18,46
19,48
19,86
20,55
20,43
21,45
21,50
21,80
22,31
22,38
22,62
24,83
24,73
24,80
25,88
26,30
26,69
26,66
26,42
27,74
29,58
29,41
29,79
29,43
30,86
30,62
31,69
31,58
31,34
31,44
31,55
32,74
32,72
32,40
33,69
33,50
33,73
33,58
33,49
34,60
34,41
34,52
35,86
35,84
35,40
36,61
37,85
37,64
38,77
38,54
38,70
38,62
39,83
39,44
40,54
40,64
40,50
40,45
41,72
42,46
42,76
43,50
43,49
44,69
45,66
46,74
47,80
48,78
48,75
49,68
49,61
52,77
53,64
53,71
53,56
54,79
54,85
56,77
56,81
57,79
58,76
59,60
59,83
60,87
60,83
60,76
62,84
63,85
63,64
64,75
64,83
66,68
66,83
67,74
71,77
71,80
71,72
75,80
75,85
77,85
78,83
80,83
81,84
