0,67
0,39
1,22
1,40
1,25
1,33
1,27
2,23
2,7
2,18
3,53
3,13
4,39
4,70
4,50
4,23
5,69
5,55
5,68
5,24
5,64
5,35
6,60
6,35
6,24
6,7
7,64
7,43
8,20
8,70
8,42
8,33
9,56
9,42
9,11
10,44
10,34
10,33
10,15
11,26
11,55
11,51
11,33
12,54
12,39
12,62
12,29
12,50
13,57
13,35
14,57
14,22
14,55
15,16
15,59
16,18
16,35
17,69
17,44
17,66
18,53
19,23
19,66
19,56
20,44
21,31
21,50
22,31
22,59
22,48
22,41
23,55
23,44
23,63
24,35
25,40
25,49
25,33
26,64
26,30
27,58
27,49
27,66
27,65
27,33
28,29
28,31
28,44
28,49
29,38
29,71
29,49
29,62
29,63
29,58
30,46
30,67
31,49
31,65
31,46
32,49
32,40
32,52
33,53
33,45
33,38
33,62
35,50
35,57
36,43
36,38
36,45
37,59
37,57
38,47
38,67
39,49
40,60
40,68
41,54
42,58
43,59
45,48
47,70
47,66
50,69
51,63
52,69
55,63
57,65
58,61
58,66
59,60
60,65
62,67
