0,49
0,72
0,57
0,92
1,75
2,19
2,68
2,78
3,21
3,14
3,42
4,55
4,66
7,41
7,10
7,35
8,20
8,21
8,57
9,30
9,79
10,53
10,74
10,14
11,74
11,92
11,82
11,51
12,17
12,91
13,58
13,17
14,80
14,42
15,33
15,29
15,84
15,88
15,57
16,41
16,46
18,20
19,40
19,39
19,24
19,46
19,69
20,56
20,39
21,91
22,69
22,35
23,86
23,75
23,70
23,34
24,50
24,76
24,64
24,43
26,46
26,27
26,68
27,45
27,83
28,50
30,77
30,33
31,67
31,79
31,34
31,82
32,51
32,53
32,57
32,59
33,76
33,69
33,87
34,45
34,55
34,89
35,56
36,67
36,57
37,60
38,59
38,56
38,54
39,40
40,92
40,66
41,66
41,87
42,86
42,44
44,47
44,73
44,58
46,64
47,85
48,56
48,81
49,90
49,72
50,51
50,77
50,81
50,73
50,88
51,64
52,70
52,89
53,56
53,70
54,67
55,84
56,82
57,83
60,84
62,66
64,88
64,67
65,91
66,91
67,76
68,77
72,91
72,83
73,87
75,82
77,81
80,86
81,84
81,88
81,87
82,90
