0,77
0,54
0,31
1,8
1,82
1,80
1,69
2,81
2,14
2,67
2,61
3,56
3,31
3,26
4,10
4,60
4,37
4,67
5,58
5,75
5,40
5,64
5,72
6,44
6,45
6,62
7,43
7,59
8,31
8,64
8,49
8,72
8,52
8,75
9,12
9,43
9,83
10,77
10,20
10,63
10,72
10,14
10,42
11,60
11,78
12,21
13,44
13,74
13,25
16,77
16,78
16,65
17,35
17,69
18,78
18,79
18,76
18,31
18,66
19,50
20,56
20,55
20,66
20,59
21,35
21,32
22,79
23,30
23,53
25,27
26,50
27,78
27,69
27,60
28,52
28,50
28,31
28,61
28,69
29,76
29,41
30,35
31,73
32,69
32,33
33,52
33,36
33,46
35,39
35,40
36,74
36,81
36,55
37,81
37,74
38,75
38,55
39,40
39,55
40,71
40,69
40,82
41,58
43,82
43,59
44,72
44,78
45,63
45,67
45,78
46,66
46,63
47,54
47,60
48,55
49,71
50,59
50,58
51,73
51,81
52,73
52,69
52,56
52,81
54,60
57,62
58,67
59,73
59,61
60,71
60,76
63,79
63,68
64,79
68,83
68,74
71,75
76,78
78,81
83,84
