0,72
1,59
1,39
1,82
1,20
1,19
2,45
2,26
3,43
3,65
3,46
3,36
4,67
4,30
5,31
5,13
5,83
5,14
5,41
6,34
7,19
7,21
7,50
7,66
7,43
8,34
8,22
8,52
9,82
9,61
10,71
10,67
10,79
10,43
11,54
11,77
11,39
11,38
12,20
12,78
13,53
13,62
14,30
14,68
14,19
14,75
14,74
15,64
15,54
15,67
15,52
15,40
16,30
16,59
17,43
17,18
17,23
17,62
17,65
17,66
18,51
18,54
19,70
19,61
20,69
20,73
22,75
22,64
23,80
23,50
24,62
24,29
25,47
25,39
25,68
25,48
25,41
26,52
26,37
26,44
26,39
27,68
27,43
28,83
28,55
28,41
29,57
29,69
29,82
30,64
31,83
31,40
31,34
31,72
31,41
33,44
33,43
33,74
34,70
34,73
34,83
35,67
35,41
36,77
36,37
37,55
37,70
38,73
38,55
39,61
39,47
39,70
40,43
40,67
41,62
41,80
42,67
42,43
43,47
43,63
45,71
45,65
46,64
46,78
48,78
49,81
50,75
50,64
50,61
52,79
54,62
55,68
56,58
56,70
59,62
60,62
60,64
63,79
63,72
63,68
63,76
64,66
66,83
66,75
67,68
67,79
68,76
68,73
70,72
76,83
