1,51
1,75
1,69
2,79
2,67
2,28
3,54
5,50
5,6
5,83
6,28
7,36
7,22
7,91
7,42
8,32
8,12
8,75
8,46
8,39
8,57
9,57
9,75
12,35
12,27
13,69
14,70
14,44
14,89
14,48
15,79
15,54
17,36
17,86
18,58
18,26
18,29
18,56
18,69
19,61
19,43
19,78
20,82
20,86
20,58
20,63
21,35
21,92
21,57
22,53
22,66
22,84
22,59
22,42
23,43
24,42
24,25
24,73
25,33
26,76
26,50
27,66
28,85
29,41
29,84
29,86
30,91
30,50
31,43
31,83
31,66
35,77
36,85
36,86
36,37
36,80
37,80
38,52
38,74
39,41
41,57
41,58
42,89
43,85
45,70
45,74
47,49
47,54
48,86
49,52
50,87
50,64
51,66
51,65
52,77
53,76
53,82
53,68
55,69
56,65
57,83
57,60
59,61
59,81
60,85
64,92
69,71
69,86
71,73
71,86
76,82
76,80
79,88
84,86
