0,27
0,33
0,32
0,26
0,4
0,29
0,23
0,39
1,34
1,48
1,47
1,35
2,15
2,26
2,16
3,7
3,39
3,4
3,28
3,35
4,34
4,6
4,37
4,38
4,26
5,15
5,39
5,41
5,13
5,37
5,49
6,43
6,46
6,34
6,17
6,37
7,16
7,42
8,18
8,49
8,26
8,12
9,26
9,44
9,51
9,31
9,29
10,48
10,22
10,50
10,20
11,23
11,13
11,51
11,19
13,31
13,16
14,18
14,28
14,31
14,41
15,20
15,25
15,16
16,29
16,30
18,23
18,34
18,46
19,50
19,46
19,36
20,40
20,30
20,34
21,47
23,44
23,33
23,25
26,31
26,29
27,45
27,43
28,37
29,41
29,50
29,32
32,39
32,47
33,34
33,48
34,48
35,39
36,37
37,47
38,47
39,46
40,49
41,49
41,47
44,51
44,45
