0,77
1,31
1,68
1,47
2,41
2,36
3,17
3,42
4,77
5,40
5,81
6,11
6,83
6,23
6,52
7,73
7,74
7,79
8,24
8,76
8,48
8,62
8,70
9,63
10,27
11,92
11,82
11,76
11,15
12,87
12,47
13,89
13,85
13,82
13,78
13,60
14,31
15,88
15,22
16,39
18,76
18,62
19,41
19,88
19,51
19,67
19,54
20,82
20,59
21,41
21,87
22,30
22,90
22,77
23,71
24,74
25,94
25,61
26,44
26,30
27,33
28,53
28,80
29,59
29,35
29,55
29,64
30,91
31,42
31,93
32,35
34,61
34,77
35,62
35,48
36,52
38,62
39,83
39,91
39,89
39,78
40,54
40,55
40,91
41,50
42,86
42,54
42,49
43,74
44,55
45,51
47,70
48,71
49,75
50,78
51,70
51,52
53,72
53,91
55,69
59,80
59,81
60,90
60,63
60,72
61,79
61,71
61,73
62,77
62,68
63,69
63,83
67,92
69,82
73,85
74,91
76,79
77,89
78,91
78,87
81,85
84,90
87,90
88,90
