0,26
1,43
1,93
1,13
1,7
1,54
1,6
1,9
2,82
2,54
2,6
2,73
2,62
2,14
2,57
3,39
3,38
4,69
5,73
5,26
5,19
6,20
6,74
6,35
7,90
7,91
7,66
8,59
8,76
8,55
9,92
10,47
10,24
10,87
10,36
11,80
11,40
12,43
12,91
12,79
12,42
12,39
13,33
13,25
13,82
13,60
14,77
14,30
15,60
15,26
15,75
15,16
16,28
16,90
16,91
16,46
16,45
17,68
18,81
18,62
18,58
18,60
19,27
19,29
19,53
20,40
21,90
22,48
22,23
22,42
23,82
23,25
23,37
24,85
25,76
25,44
25,87
25,73
26,55
26,35
26,46
26,77
26,90
26,60
26,81
27,38
27,70
27,85
27,69
28,29
30,71
30,53
31,63
31,57
31,90
32,78
32,81
37,38
37,71
37,88
37,46
38,61
38,89
39,77
40,46
41,62
41,46
43,62
44,97
44,47
44,52
44,92
45,81
45,51
47,96
47,48
48,97
48,61
49,73
50,80
50,97
50,78
50,91
50,56
51,96
51,90
51,64
52,74
52,71
53,69
53,71
54,68
54,88
54,63
54,55
55,84
55,92
55,93
56,74
56,66
56,88
57,97
58,92
60,75
61,73
62,69
63,75
64,90
64,82
65,69
67,93
67,77
68,70
70,96
71,88
73,80
74,83
75,80
79,81
95,96
