0,36
0,6
0,3
0,17
0,2
0,9
1,43
1,2
1,17
1,22
2,29
2,36
2,30
3,23
3,47
3,52
4,43
4,37
5,8
6,27
7,10
7,35
7,27
7,48
7,26
8,39
9,36
9,17
10,16
10,49
10,41
10,18
10,48
10,28
11,22
11,31
11,33
12,30
12,23
12,17
13,15
13,33
13,35
13,36
15,30
16,39
17,37
17,31
18,31
18,35
19,47
19,49
20,28
21,51
21,45
21,26
21,36
21,49
22,27
23,32
25,27
26,49
28,44
28,46
28,40
29,52
29,46
30,47
31,33
31,52
31,47
32,52
32,43
32,51
33,47
34,35
34,42
34,36
35,49
36,48
36,38
38,46
38,40
39,42
39,50
42,43
42,52
43,50
46,47
