0,62
0,32
0,13
0,41
0,82
0,15
1,57
1,5
2,79
2,65
3,19
3,73
4,43
4,47
4,21
5,32
5,53
5,26
6,55
6,19
7,26
7,65
8,74
8,14
8,17
9,81
9,16
9,80
9,27
10,37
10,18
10,29
10,75
12,59
12,28
12,50
13,33
13,44
13,51
14,73
14,35
15,23
17,80
17,65
18,57
19,47
19,26
19,62
20,36
22,25
22,60
22,28
23,47
23,30
24,52
24,71
24,83
24,48
25,41
25,77
26,67
27,68
27,83
27,79
29,72
29,38
29,59
29,66
31,41
31,56
32,47
32,45
34,44
35,70
38,40
38,76
38,42
38,47
38,52
39,54
40,61
40,70
41,52
42,66
42,77
42,72
42,57
43,67
43,81
43,46
45,64
45,79
46,64
46,84
46,52
47,68
47,84
47,67
47,82
48,49
50,56
50,57
53,74
57,69
61,70
64,79
65,78
66,82
66,79
68,77
68,79
74,82
75,81
75,80
