0,14
0,29
1,40
1,19
3,60
4,56
4,29
5,64
5,56
5,24
5,46
6,18
7,50
7,16
7,19
8,29
9,72
9,63
10,60
11,27
12,16
13,34
13,26
13,18
14,50
14,65
14,61
14,59
15,33
15,64
16,71
16,29
16,40
17,53
17,65
19,45
19,74
19,23
19,35
20,32
21,59
21,31
21,34
21,46
21,30
21,37
22,33
22,70
22,41
22,58
22,66
23,74
23,42
24,72
24,43
25,41
25,48
26,68
26,60
27,74
28,51
29,52
29,61
29,53
29,58
32,43
32,35
33,49
33,54
36,42
36,46
37,53
38,44
38,55
39,73
39,69
40,49
41,42
42,62
43,71
44,52
44,56
44,71
45,49
45,68
46,66
46,54
46,74
46,62
46,65
48,49
48,59
49,60
50,62
51,74
51,57
52,69
54,72
54,60
55,72
57,59
57,72
60,65
61,62
62,66
64,74
69,74
