0,17
0,50
0,26
0,32
0,20
1,23
1,9
1,38
2,25
3,8
3,26
4,35
4,27
4,8
4,10
5,17
5,19
5,23
6,44
6,30
7,17
7,36
7,28
7,47
7,49
8,21
8,12
9,46
9,20
9,28
10,15
10,36
10,42
10,38
10,41
10,39
11,24
11,25
11,38
12,23
12,51
12,40
12,36
13,16
13,28
13,44
13,21
14,51
14,21
15,36
15,28
15,18
16,45
16,34
17,50
17,21
18,23
18,22
18,30
19,50
19,29
20,32
20,33
21,26
21,30
22,26
23,41
23,30
23,31
23,46
24,31
25,31
25,29
26,47
27,39
27,33
28,40
29,35
29,34
29,51
30,40
31,47
32,42
32,51
32,34
33,48
34,36
34,43
35,38
36,44
37,48
38,49
38,46
40,47
41,46
41,45
