0,74
1,59
1,84
1,78
2,44
2,17
3,56
3,14
4,72
4,57
4,27
4,44
4,60
5,57
5,27
5,62
5,49
5,61
6,9
6,37
6,41
6,13
7,82
8,56
8,37
9,36
9,42
9,32
9,65
10,30
10,81
10,35
11,49
11,33
11,85
12,30
12,83
12,49
12,77
13,88
13,87
14,28
15,20
15,39
15,41
16,67
17,43
17,55
17,83
17,33
17,80
18,70
19,77
19,47
20,55
21,37
22,65
22,36
23,24
23,46
24,88
24,89
25,46
25,50
25,85
26,58
27,29
27,32
27,54
28,37
28,77
28,42
29,68
29,53
29,32
29,54
30,48
30,38
30,40
31,74
33,81
33,61
34,47
35,72
36,57
36,82
36,66
38,80
39,88
39,60
40,70
41,60
41,59
42,59
42,92
42,85
43,84
43,75
45,65
45,46
47,61
47,92
48,60
49,89
49,86
50,51
51,57
51,61
52,73
53,63
53,76
54,73
56,82
57,87
58,69
59,61
60,61
61,77
62,75
63,89
64,88
64,89
65,89
65,73
68,90
69,88
69,74
72,85
73,92
79,81
79,92
81,83
85,86
87,90
