0,36
0,3
0,47
1,34
1,21
1,27
1,28
1,12
1,40
2,7
2,43
2,20
2,45
2,46
2,26
3,13
3,6
3,36
4,5
4,16
5,8
5,12
5,35
6,34
6,36
6,30
6,38
6,37
7,18
8,39
8,34
8,10
8,33
9,14
9,41
9,29
10,37
11,27
11,35
11,23
11,37
12,30
12,34
12,44
13,23
13,21
13,22
14,16
14,41
15,42
15,21
17,21
17,41
17,34
17,46
17,44
18,29
18,46
18,36
18,38
18,25
18,45
19,26
19,30
19,43
20,34
20,40
22,47
22,23
22,30
23,36
23,27
24,45
24,41
25,28
26,44
27,43
27,38
27,29
28,30
29,43
29,41
30,46
30,45
31,44
33,34
34,43
34,46
37,42
38,47
39,42
39,47
43,46
