0,22
0,90
1,9
1,20
2,64
2,35
3,93
3,30
3,41
3,51
4,87
4,22
4,75
5,57
5,39
5,22
5,80
5,88
6,85
7,60
8,82
8,54
8,56
8,66
9,12
9,49
10,44
10,49
10,73
10,83
11,80
12,85
12,15
13,43
14,85
14,92
14,51
14,78
15,94
15,48
15,88
15,63
16,69
16,41
16,28
17,84
17,44
17,27
17,47
17,20
17,87
17,59
18,26
18,86
18,60
18,51
18,41
18,94
18,37
19,59
19,28
19,95
20,71
20,36
20,82
20,67
21,33
21,73
22,74
22,57
22,72
23,26
23,84
23,89
23,36
23,31
24,47
24,27
24,95
25,30
25,94
26,35
26,84
26,62
26,95
27,82
27,29
27,43
28,32
28,79
28,87
28,63
28,42
28,55
29,31
30,95
31,95
33,81
34,78
34,84
34,67
34,53
34,70
35,56
35,60
36,39
36,56
38,86
39,52
39,76
40,93
40,55
42,46
43,49
44,69
44,86
45,55
45,57
46,66
46,71
46,73
46,78
47,81
48,95
48,50
49,61
49,83
49,64
50,87
51,85
51,64
51,52
52,71
52,66
53,73
53,94
53,96
53,56
53,78
53,74
53,69
54,63
55,65
55,81
57,80
58,75
58,65
58,93
59,91
59,89
59,90
60,77
60,89
60,75
60,83
61,67
62,64
62,74
64,96
64,74
66,84
67,83
67,81
67,75
68,87
70,85
71,82
72,90
76,94
76,91
77,87
78,83
79,80
81,92
82,84
83,90
84,89
84,85
93,95
95,96
