0,70
0,29
0,38
0,76
2,73
3,14
3,68
4,65
4,53
4,14
5,55
5,42
5,75
6,15
7,9
7,23
7,43
7,24
8,71
8,21
9,72
10,11
11,63
11,45
12,60
12,66
13,72
14,58
14,46
14,25
14,76
14,37
15,34
15,50
15,64
16,46
16,57
16,76
17,33
17,31
17,28
17,50
18,75
18,51
18,44
19,38
19,56
19,71
19,39
19,44
20,43
21,69
21,22
22,55
22,23
22,50
23,69
24,74
25,60
25,76
26,53
26,31
27,70
27,33
27,62
28,63
28,32
28,58
29,38
30,42
30,35
31,59
31,64
31,76
32,48
32,33
33,38
35,51
35,57
36,70
37,74
38,71
38,53
40,58
40,73
40,48
41,60
41,77
41,55
44,48
44,59
45,75
45,47
45,56
45,62
46,74
46,69
46,73
47,74
48,55
50,70
50,76
51,55
51,54
53,71
53,57
54,59
55,76
59,61
59,60
61,69
62,71
63,75
64,76
65,66
71,74
