0,64
0,1
1,60
1,20
2,74
2,51
2,29
3,82
3,32
4,12
4,17
4,91
4,6
5,69
5,86
5,91
5,35
5,79
5,67
5,23
6,20
6,59
7,45
7,54
7,59
7,88
7,22
7,92
9,56
9,73
10,32
10,60
11,48
11,24
11,91
11,98
12,78
12,97
12,23
12,82
12,91
13,63
13,80
13,26
13,40
13,20
13,50
14,80
14,93
14,71
15,90
15,22
15,68
15,60
15,69
15,57
16,24
16,61
16,39
17,97
17,42
18,39
18,60
18,33
19,93
19,56
19,21
20,73
20,95
21,83
22,65
23,36
23,38
23,43
23,41
24,27
24,68
24,28
24,32
25,50
25,94
25,47
25,71
26,94
26,29
26,48
26,46
27,64
27,68
28,84
28,96
29,44
29,43
30,33
31,86
31,37
31,94
31,68
31,34
32,53
32,91
32,92
33,89
33,74
33,60
33,37
34,68
34,42
34,71
34,84
34,35
35,77
35,83
35,87
35,92
36,56
36,47
36,82
37,48
38,72
39,94
39,71
40,91
40,84
40,46
41,67
41,52
42,73
42,87
43,81
43,89
43,67
43,74
44,64
44,87
44,49
44,91
46,71
46,70
47,64
47,70
47,67
48,67
48,61
49,91
49,50
51,56
52,79
52,98
52,75
52,86
52,73
53,94
53,90
53,72
53,87
54,71
54,97
55,57
56,73
56,95
57,60
57,76
58,89
58,95
59,96
61,75
61,88
61,62
61,72
61,73
62,74
63,75
63,65
63,77
63,85
64,76
64,81
64,84
64,74
64,97
67,68
67,72
70,77
70,86
70,88
72,81
72,85
74,76
76,78
77,84
82,87
86,98
92,96
93,98
