0,97
0,82
0,26
2,52
2,30
2,35
2,82
2,63
3,49
3,98
3,29
4,60
4,61
4,89
4,40
5,33
5,7
5,38
5,97
6,48
6,73
7,96
8,85
8,32
8,74
8,73
8,88
9,54
9,78
9,20
10,70
11,79
11,72
12,60
13,51
13,18
13,38
13,53
13,63
14,29
15,19
15,32
15,90
16,38
16,77
16,41
16,33
16,29
17,86
18,61
18,75
19,80
19,96
19,51
20,67
20,83
20,98
21,73
22,33
22,93
22,66
23,83
23,76
23,98
24,85
24,63
24,53
24,44
24,65
25,52
26,78
26,63
27,43
27,62
28,84
28,43
28,35
28,90
29,92
29,69
30,36
30,70
30,81
31,41
31,57
31,43
32,99
32,46
32,35
32,54
34,64
35,86
35,75
36,38
37,69
38,78
38,60
39,72
39,81
39,59
40,97
40,61
41,49
41,98
41,43
41,97
42,63
42,61
43,51
43,85
43,60
44,79
45,86
45,72
46,60
47,84
48,59
48,65
48,92
48,87
49,74
49,96
50,87
51,54
52,78
53,83
53,76
54,72
54,83
55,69
55,65
55,79
55,84
56,96
56,66
57,87
57,86
57,81
58,71
58,86
59,81
60,83
60,90
60,96
61,73
63,74
64,96
68,96
69,88
70,84
70,78
70,82
72,93
72,88
72,87
72,90
74,77
74,82
74,95
78,93
78,96
78,98
80,85
80,88
80,89
81,82
83,84
84,93
88,93
