0,30
0,67
0,49
0,10
0,45
0,55
0,11
0,24
1,45
1,20
2,9
2,27
2,61
2,41
2,38
3,71
4,56
4,63
5,10
5,61
6,20
6,8
6,11
7,28
7,68
7,10
8,30
8,53
8,42
8,45
9,70
9,71
9,32
9,17
10,69
10,74
10,46
11,44
11,63
12,49
13,69
13,29
14,15
14,63
15,28
15,19
15,41
16,36
17,73
18,58
18,74
18,40
18,49
18,55
18,24
19,39
19,55
19,22
19,44
20,69
20,74
20,32
20,60
20,38
21,34
21,35
21,71
22,59
23,53
23,70
24,32
24,72
24,44
25,30
26,66
26,70
26,43
27,59
27,33
27,53
27,45
27,51
29,71
29,46
30,32
30,31
31,69
31,36
31,37
32,50
32,64
32,70
32,54
32,75
33,58
34,60
34,59
34,39
35,75
36,46
37,68
37,74
39,44
39,60
39,67
40,65
40,68
42,46
42,48
43,55
43,47
46,62
47,62
49,56
49,65
52,67
52,61
54,69
55,64
55,68
55,63
56,62
57,66
59,64
60,67
61,62
62,72
65,73
68,69
