0,34
0,22
0,66
1,66
1,48
1,28
1,3
2,81
2,12
2,69
3,75
3,25
3,78
4,25
4,45
4,23
5,39
5,49
5,45
6,62
6,72
6,27
6,60
6,57
7,17
7,39
7,65
7,22
7,44
8,57
8,54
8,64
9,51
9,27
9,16
9,35
10,58
10,73
10,14
11,71
11,43
12,41
12,48
12,58
12,34
12,76
12,74
13,78
13,58
13,49
13,61
13,62
14,62
15,48
15,73
15,33
17,72
17,20
18,22
19,59
19,38
20,34
20,40
20,37
20,82
20,47
20,81
20,32
20,22
21,43
22,69
22,58
22,34
22,80
22,45
23,37
23,65
23,30
24,45
25,56
25,31
25,39
26,34
26,66
26,46
26,81
27,45
27,76
27,60
29,66
29,75
30,39
31,75
31,44
31,41
31,48
32,58
32,71
34,53
34,72
34,56
36,43
36,47
36,49
37,60
37,42
39,66
39,67
39,73
39,49
39,54
39,51
40,77
40,59
40,62
40,60
41,58
41,57
41,73
41,81
42,59
43,63
43,48
43,57
44,45
44,66
45,76
45,66
46,79
46,70
49,54
49,55
50,51
50,61
52,77
54,70
54,57
56,67
56,62
57,64
61,79
65,82
65,71
66,73
67,82
70,77
72,75
73,75
75,78
