0,43
0,33
0,34
1,38
1,43
1,36
1,50
1,77
2,65
3,48
3,46
3,83
3,79
4,84
4,15
4,24
5,51
5,45
5,79
6,77
6,25
6,34
6,72
6,68
6,7
7,50
7,62
7,59
7,56
8,25
9,76
9,62
9,44
9,23
10,45
10,66
10,63
11,15
11,46
12,36
12,32
12,16
13,33
13,36
13,32
14,59
14,25
14,84
15,51
15,66
15,17
17,22
17,68
18,41
18,33
18,55
18,49
19,61
20,31
20,22
21,25
22,66
22,62
22,77
24,85
24,41
24,45
24,70
25,72
26,31
27,68
27,83
27,56
29,41
29,53
30,32
31,71
31,46
31,66
31,58
32,79
32,61
32,81
34,47
34,76
35,42
36,61
36,56
37,69
38,80
39,55
39,80
40,61
40,56
41,83
42,54
45,74
45,77
46,48
46,82
47,85
48,51
48,61
49,85
51,73
51,54
53,66
54,65
55,84
58,59
58,84
58,62
59,72
63,73
63,79
64,74
64,77
65,76
65,82
68,77
73,84
73,83
78,80
81,82
