0,34
0,18
0,84
0,37
1,26
1,83
1,32
1,43
1,18
1,87
1,64
2,19
2,65
2,8
3,20
3,85
3,78
3,44
3,38
4,35
4,37
4,33
4,12
4,5
4,24
5,66
5,15
5,62
5,69
5,32
5,70
5,73
5,95
5,63
5,27
6,16
6,49
7,28
7,65
7,23
7,31
7,52
8,89
9,48
9,53
9,29
9,56
10,78
10,23
10,54
10,70
10,92
10,49
11,97
11,38
11,47
11,92
11,70
12,69
13,57
13,25
13,89
14,27
14,40
15,49
15,29
15,30
15,19
16,52
16,38
17,66
17,30
17,40
17,26
18,93
18,58
19,81
19,65
20,24
20,60
20,23
20,45
21,23
21,32
21,36
21,52
22,26
23,51
23,86
23,40
24,90
24,44
24,64
25,75
25,80
26,85
26,27
28,94
29,71
30,66
30,94
30,93
31,41
31,37
31,69
32,33
32,79
33,93
33,81
34,58
34,77
34,81
35,63
35,62
36,84
36,54
36,42
37,87
37,73
37,49
38,39
39,80
39,64
39,73
40,83
40,53
41,80
41,84
41,44
41,77
42,61
42,76
43,94
43,90
44,72
44,66
45,81
45,70
46,51
46,80
46,68
46,72
46,62
47,77
48,60
50,68
50,67
50,71
52,89
52,96
54,61
54,62
54,68
57,82
57,87
57,80
58,96
58,63
59,76
59,80
59,71
61,80
61,81
62,72
62,70
62,84
64,77
65,86
66,76
67,97
67,80
67,81
67,94
68,85
70,89
71,78
73,90
73,78
74,80
74,97
76,96
78,91
86,91
87,94
91,97
92,97
93,97
