0,65
0,47
0,33
0,21
1,37
1,65
2,44
2,67
2,59
2,69
2,28
3,30
3,14
3,68
3,36
3,21
3,32
3,43
3,31
4,28
4,53
4,46
5,42
5,31
5,37
6,33
6,20
6,50
6,7
7,27
7,11
7,28
8,63
8,69
9,32
9,27
10,29
10,65
10,62
11,52
11,47
11,16
13,46
13,45
13,69
14,73
14,74
14,19
14,71
14,43
14,47
15,19
16,43
16,62
17,30
17,49
17,57
17,50
17,27
18,36
18,25
19,41
19,74
19,24
20,66
20,27
20,49
20,33
20,41
21,51
21,67
22,47
22,39
23,25
23,32
23,33
23,51
23,58
24,51
24,55
24,74
24,30
25,42
25,49
26,67
26,38
26,72
27,62
27,42
27,51
28,41
28,45
29,71
29,35
30,56
30,58
30,35
31,57
32,43
32,70
32,34
32,51
32,36
33,63
33,53
33,66
34,44
35,64
35,37
37,40
37,39
37,49
38,54
39,48
39,68
39,59
39,60
39,51
39,40
40,56
41,44
42,61
42,44
43,51
43,57
44,49
44,69
45,66
46,52
47,52
47,48
47,56
48,72
49,56
50,73
53,55
53,71
54,65
55,63
55,71
56,69
56,65
58,70
61,62
61,64
66,68
67,72
70,71
