0,30
0,64
0,68
0,35
1,62
2,40
2,57
2,66
2,65
2,43
3,14
3,18
3,62
3,55
4,24
4,74
4,38
4,81
4,77
5,13
5,72
5,43
6,77
7,34
7,75
7,23
7,60
8,29
8,61
8,78
8,56
9,39
9,24
9,38
10,63
10,35
10,72
10,31
10,54
12,52
12,41
13,66
14,30
14,43
14,59
15,59
15,58
15,39
15,27
16,35
16,71
16,26
16,41
17,19
17,28
17,50
17,26
18,56
18,46
19,73
19,32
19,20
20,55
20,61
20,39
21,44
22,25
22,41
22,81
23,76
23,56
23,26
23,35
23,82
23,75
23,36
24,68
24,27
24,28
24,45
25,50
25,62
26,68
28,63
29,54
29,35
30,45
30,41
30,62
30,40
31,63
31,37
31,33
32,59
32,50
32,47
32,66
33,67
34,44
34,56
34,35
34,58
35,52
35,56
35,39
36,67
36,46
36,48
37,67
37,57
37,64
37,59
38,59
38,63
39,66
40,44
40,59
40,79
41,44
41,69
43,52
43,61
44,58
44,78
47,79
48,82
48,54
49,70
49,65
50,73
52,77
53,80
53,59
54,74
55,66
55,62
56,62
57,70
61,62
62,79
62,70
63,74
64,80
65,77
66,80
67,74
68,73
70,81
70,73
71,82
71,72
76,82
