0,75
0,85
0,13
0,66
0,17
0,29
0,27
0,18
0,41
1,43
1,52
1,29
1,78
1,18
1,57
2,18
2,70
2,76
2,51
3,83
3,60
4,5
5,64
5,75
6,75
6,53
6,69
6,74
6,26
7,14
7,49
7,61
7,82
7,73
8,53
9,45
10,22
10,46
10,48
11,22
11,59
11,47
11,63
12,19
12,58
12,65
12,51
12,73
12,50
13,56
13,35
13,21
13,14
13,68
14,26
14,56
14,77
15,67
15,75
16,22
16,26
16,31
17,69
17,52
17,44
17,57
17,56
18,78
18,56
18,84
18,22
19,43
19,68
19,26
19,67
20,53
21,72
23,57
24,58
25,27
25,66
26,39
26,62
26,72
26,59
27,69
27,31
29,54
29,68
29,71
29,76
29,59
30,58
30,37
31,83
31,63
31,35
31,54
31,69
32,44
33,58
33,35
34,47
34,69
34,64
35,55
36,71
36,43
37,52
38,44
38,78
39,65
39,62
39,57
39,63
40,83
40,42
41,57
41,78
42,83
43,51
43,49
44,51
45,69
46,64
46,81
47,80
47,60
47,87
48,83
48,81
48,85
49,72
50,55
52,87
52,85
53,74
53,62
54,56
55,79
56,70
57,71
57,78
58,65
58,84
61,86
62,83
62,85
64,70
65,72
65,77
66,68
67,77
69,72
72,75
72,77
72,81
73,81
81,86
