0,58
0,22
0,55
1,68
3,10
3,77
3,48
3,20
4,22
4,19
5,77
5,24
5,21
6,17
6,90
7,34
7,46
8,12
8,11
8,90
8,89
9,66
10,80
10,20
10,84
10,40
12,91
12,32
14,75
15,69
16,23
17,71
17,27
17,47
18,50
18,59
18,57
18,23
19,45
19,20
20,57
20,83
24,80
26,40
26,28
28,75
28,66
28,36
29,71
29,94
29,37
30,82
32,55
32,34
32,84
32,33
32,41
33,84
35,81
35,39
35,42
35,53
36,64
36,72
36,78
36,74
37,67
38,44
38,60
38,61
39,58
39,62
41,65
41,60
43,72
44,94
46,75
48,78
49,68
50,56
51,56
52,63
53,62
57,93
59,75
63,77
64,94
64,67
65,72
66,93
68,85
73,93
74,85
82,87
83,87
83,89
