0,28
0,2
0,20
1,54
1,64
2,38
2,28
2,7
2,41
3,11
3,50
3,5
3,22
3,65
3,48
3,37
3,51
3,31
3,15
4,61
4,50
4,40
4,23
4,5
5,51
5,42
5,22
5,46
6,39
6,40
6,67
6,16
7,20
7,56
7,60
7,58
8,14
8,29
8,18
8,37
9,65
9,19
9,47
9,48
9,42
10,51
10,65
10,48
10,63
11,42
12,42
12,51
12,31
12,56
13,20
13,19
14,17
14,67
14,18
15,18
15,49
15,22
15,65
16,55
16,64
16,49
17,61
17,56
17,30
19,33
19,38
20,41
21,39
21,36
21,63
21,35
21,60
22,41
22,46
23,36
24,47
24,60
24,33
24,62
24,39
24,48
25,36
25,63
25,30
25,38
25,37
27,33
27,61
27,48
28,44
28,64
28,40
28,51
29,39
30,55
31,38
31,46
31,36
32,47
32,48
32,35
33,50
33,59
34,53
35,47
39,50
39,49
39,61
40,64
40,48
40,56
41,56
41,50
41,53
41,47
43,65
43,47
44,69
44,53
47,57
48,64
49,53
50,69
53,58
54,65
54,64
54,66
55,57
55,59
61,66
63,66
65,69
