0,35
0,26
0,8
1,4
1,9
1,44
1,26
1,43
1,3
1,15
2,9
2,41
3,10
3,41
3,9
3,8
4,10
5,25
5,17
6,46
6,29
6,17
6,45
6,21
7,42
7,22
7,18
7,37
8,17
8,18
9,35
9,45
9,19
9,41
9,39
9,24
9,44
10,48
10,22
11,47
11,34
11,23
11,16
11,33
11,21
11,14
12,38
13,37
14,26
14,33
15,17
15,42
16,36
17,34
17,47
17,35
17,27
18,36
19,40
20,37
20,35
20,45
20,38
21,40
21,46
22,28
23,36
23,41
25,34
26,28
27,45
28,48
28,29
29,39
29,31
29,34
29,38
30,42
30,31
30,38
30,39
31,48
32,48
33,46
33,47
33,37
34,37
34,46
36,43
41,47
42,47
43,48
44,47
