1,68
1,44
1,63
2,69
2,45
2,3
2,6
2,54
2,90
2,93
3,87
3,82
3,56
3,81
3,86
4,79
4,87
4,28
5,92
5,83
6,66
6,35
6,64
6,89
6,29
6,67
7,42
7,14
7,66
7,36
7,11
7,54
7,76
8,73
8,82
8,62
8,34
9,77
9,88
10,29
10,83
10,44
11,50
11,79
12,69
12,73
14,57
14,29
14,16
16,28
17,80
18,54
18,44
18,50
18,23
18,55
18,38
19,78
20,86
22,72
22,77
23,72
23,26
24,30
24,63
24,41
24,42
25,34
25,75
25,59
26,90
26,53
26,30
27,50
27,61
27,51
27,73
27,47
27,83
28,75
28,40
28,41
28,36
28,77
28,80
29,31
29,94
29,79
29,42
29,62
29,68
29,91
30,61
30,33
31,60
31,57
32,39
33,71
33,57
33,46
33,50
34,81
35,53
35,37
37,61
38,60
38,48
38,61
44,83
45,65
45,86
45,71
46,86
46,91
47,90
47,94
48,87
52,76
54,86
55,83
58,71
59,88
60,84
60,82
62,73
62,67
64,89
69,87
71,76
73,76
76,82
76,77
76,91
79,89
86,87
87,90
90,94
