0,68
0,6
1,57
1,80
1,13
1,77
2,77
2,54
2,14
2,31
3,64
3,62
3,51
4,38
4,69
4,48
4,16
4,59
5,6
5,50
5,26
5,16
6,56
6,46
6,16
7,69
7,57
7,33
7,20
7,40
8,79
8,81
8,51
8,74
9,59
10,48
10,80
10,17
10,61
10,13
11,44
12,41
13,63
14,39
14,63
14,19
14,73
15,38
15,56
15,76
16,74
16,44
16,85
16,49
16,53
17,86
18,48
18,85
18,46
18,75
18,43
19,25
19,45
19,23
20,52
20,56
20,69
21,55
21,44
22,44
22,63
22,61
23,24
23,32
23,36
24,43
24,61
27,34
27,77
28,68
28,51
29,53
29,39
30,46
30,86
31,52
32,42
32,56
32,50
32,84
32,86
33,35
33,82
33,57
34,56
34,58
35,59
35,40
36,72
36,69
37,75
37,88
37,62
37,38
38,72
40,62
41,50
41,68
42,70
42,75
42,79
43,73
44,55
46,80
46,74
48,61
48,87
49,70
50,82
50,59
51,61
52,61
53,86
54,76
54,80
55,63
56,58
56,85
57,76
57,70
58,69
59,72
61,84
61,82
64,76
64,73
65,67
66,82
66,75
67,84
69,77
69,73
70,88
70,71
71,87
72,78
73,82
77,81
83,88
