0,69
0,66
0,46
0,47
0,23
2,60
3,14
3,22
3,59
3,53
4,9
4,13
4,37
4,24
4,26
5,15
5,53
5,14
6,46
6,55
7,18
7,52
7,67
8,36
8,52
8,28
8,11
9,34
9,57
10,31
10,22
10,34
10,17
11,37
11,47
11,13
11,57
11,68
11,23
12,39
12,26
12,18
12,37
13,72
13,22
13,48
13,73
14,71
14,30
15,63
15,20
16,68
16,59
16,37
17,20
17,42
17,69
17,44
18,65
18,25
18,63
19,39
20,60
20,50
20,28
20,29
21,61
21,52
22,58
22,53
22,41
22,44
23,67
24,40
24,28
24,42
24,70
24,43
25,55
25,56
26,67
26,45
27,61
27,43
28,64
30,41
30,73
30,44
30,60
31,74
33,43
33,61
34,60
34,57
34,39
35,44
35,61
35,55
36,50
36,62
37,43
37,59
37,42
37,57
38,66
38,42
38,72
40,57
40,44
40,62
42,51
43,58
44,55
46,74
47,64
47,49
48,68
48,67
50,52
51,60
52,71
52,65
53,65
53,73
53,57
56,73
57,73
57,58
58,64
58,74
59,63
60,63
63,74
65,70
68,70
72,74
