0,30
0,14
1,68
1,44
1,52
1,35
1,79
2,71
2,34
3,14
3,61
4,77
4,37
5,85
5,75
5,34
6,38
6,73
6,78
7,46
7,53
7,31
7,26
8,55
8,41
9,66
9,77
9,52
10,34
10,20
10,61
11,38
11,31
12,49
12,38
12,15
14,76
14,80
14,18
15,68
15,62
15,82
15,88
15,27
16,37
16,39
16,35
17,36
17,68
18,57
19,61
20,37
21,29
21,53
23,51
24,37
24,48
25,84
26,54
27,49
27,45
28,68
28,54
30,79
31,35
31,71
33,59
33,49
33,38
34,76
35,79
35,44
35,60
36,47
38,76
38,83
39,76
41,42
41,52
42,86
43,55
43,65
46,80
46,78
47,86
48,60
48,68
48,76
49,51
50,75
50,88
51,81
52,77
53,84
55,69
55,86
56,77
58,72
58,81
58,62
59,75
63,79
64,79
64,82
65,73
66,85
67,86
67,82
70,80
70,85
72,74
74,83
75,88
79,80
80,85
81,86
82,86
