0,89
0,79
0,50
0,60
0,74
1,2
1,71
1,6
2,24
2,55
2,12
3,75
3,13
3,83
4,57
4,30
5,57
5,27
5,20
5,46
5,68
5,70
5,30
6,86
6,26
6,74
6,88
6,48
6,49
7,34
7,41
7,50
7,57
8,47
8,25
8,81
9,26
10,37
10,26
10,47
11,34
11,12
11,20
12,35
12,68
13,40
13,73
13,42
13,68
14,34
14,81
14,24
14,47
15,78
16,59
16,86
16,67
16,82
16,26
16,87
17,27
18,22
19,48
19,46
19,55
19,72
20,79
20,80
20,31
20,22
21,62
21,71
21,86
21,42
22,35
22,23
22,45
22,40
23,85
23,68
23,29
23,50
24,89
25,64
25,76
25,57
26,67
26,51
26,34
27,65
28,42
29,87
29,74
29,55
29,37
29,78
30,39
30,76
30,48
30,52
31,76
31,43
32,46
32,53
32,33
33,57
33,82
33,44
34,79
34,41
34,62
36,58
36,60
36,86
36,70
36,71
37,82
38,79
39,59
39,60
40,44
40,55
41,59
43,89
44,87
45,84
45,67
45,73
46,56
46,69
46,86
47,88
47,73
47,74
49,69
50,83
50,87
51,58
51,55
53,59
53,73
54,60
55,76
55,62
55,79
55,57
56,59
56,78
56,57
56,68
56,58
58,70
59,72
60,68
61,87
61,65
64,70
66,73
66,67
67,74
67,79
67,68
68,80
69,73
69,72
70,85
71,88
72,87
72,86
78,86
79,82
