0,52
0,25
0,16
0,21
0,58
0,39
0,10
0,72
0,27
0,24
1,38
1,25
1,58
1,4
1,22
1,18
1,61
1,73
2,11
3,19
3,26
3,42
4,70
4,21
5,35
6,29
6,35
7,73
7,69
7,40
8,50
8,42
8,65
8,28
8,30
9,48
9,54
10,20
10,11
10,60
10,19
11,18
11,65
11,27
11,31
12,41
12,63
13,43
13,57
13,72
13,45
13,52
14,57
14,56
14,41
14,25
15,47
16,69
16,34
16,64
16,29
17,73
17,39
17,36
17,29
17,25
18,55
18,35
18,56
18,67
19,34
19,44
20,39
20,45
21,34
21,43
22,43
22,39
23,72
23,46
23,73
24,63
25,26
25,57
25,71
25,46
26,73
27,49
27,41
27,42
27,56
27,43
28,65
28,40
29,52
29,69
29,41
32,35
32,69
33,54
33,62
34,40
34,70
34,48
35,41
36,54
36,69
36,61
38,50
39,63
39,53
40,49
42,54
42,67
42,46
42,69
43,57
45,63
46,49
46,60
46,64
47,65
47,69
48,57
48,55
49,56
49,72
49,51
49,53
50,56
51,61
52,59
52,72
53,59
54,55
56,65
56,70
57,63
57,61
58,59
59,71
60,72
64,73
70,71
