0,8
0,2
0,5
0,15
1,29
1,45
1,39
1,17
2,49
2,19
3,24
3,7
3,30
3,52
3,45
3,5
4,46
4,45
4,43
4,52
5,67
5,26
5,59
5,39
5,63
5,45
6,19
6,38
6,34
6,18
6,45
7,18
7,67
7,48
8,20
8,65
8,48
8,25
8,31
9,62
9,12
9,49
9,16
10,14
10,16
11,55
11,62
11,40
11,20
12,43
12,25
12,66
12,26
13,20
14,30
14,43
15,32
15,46
15,38
16,64
16,31
16,42
16,67
16,24
17,56
18,63
18,57
19,55
19,41
19,57
20,63
20,49
20,28
21,34
21,38
22,40
22,50
22,33
23,53
24,49
24,28
25,31
25,28
25,67
26,34
26,66
27,58
27,59
27,33
28,29
29,41
30,40
30,52
33,67
33,65
34,42
34,65
34,57
36,61
37,55
37,42
37,58
37,41
38,54
39,48
39,53
40,62
41,66
41,54
41,43
43,47
44,60
47,51
48,63
48,51
48,53
49,59
49,52
51,52
51,60
52,62
54,67
56,66
