0,69
0,17
2,4
2,63
3,39
3,28
4,45
4,10
5,38
5,57
5,10
5,22
5,14
6,62
6,36
7,28
7,39
7,50
8,48
8,13
8,35
8,61
10,60
10,13
10,65
10,11
11,15
11,57
11,50
11,51
12,30
12,70
14,61
14,16
14,17
14,32
14,24
16,62
17,58
17,45
17,49
19,59
19,55
20,71
20,33
21,29
22,70
22,41
23,55
23,38
23,65
23,58
24,46
25,42
25,49
25,27
25,60
26,43
27,42
27,62
28,32
28,71
29,43
30,53
30,58
32,34
33,35
34,41
34,47
34,62
35,65
35,58
35,50
35,62
37,38
38,66
41,52
41,56
43,44
43,63
44,48
44,50
45,46
46,55
47,68
49,63
49,54
49,51
50,60
50,58
51,58
51,71
54,57
55,63
56,69
58,62
58,72
59,71
59,70
60,63
61,72
62,72
62,68
64,68
70,72
