0,79
0,27
0,48
0,77
1,10
1,36
2,43
2,89
2,92
2,79
3,68
3,82
3,64
3,18
3,77
4,22
4,5
5,61
5,10
6,54
6,9
7,51
8,15
8,49
9,20
9,21
10,27
10,93
12,91
13,55
13,27
13,32
13,88
14,18
14,39
14,70
14,55
15,81
15,18
15,28
15,72
17,64
17,35
17,66
18,43
18,71
19,81
19,27
19,86
20,59
20,35
20,64
21,90
21,77
22,38
22,62
22,67
23,60
24,73
24,62
24,85
26,90
26,60
26,69
26,74
27,57
28,38
29,51
29,65
29,39
31,82
31,35
31,69
31,32
32,70
33,57
33,50
35,37
35,57
36,40
37,58
37,50
39,80
39,55
40,44
41,48
42,79
43,83
43,49
44,80
44,79
46,81
47,83
49,50
51,54
52,77
52,71
52,85
53,86
55,78
57,67
57,72
59,79
62,79
63,89
64,79
64,90
64,85
65,81
66,82
66,83
67,87
69,70
71,77
71,80
72,80
73,78
73,86
85,86
86,90
