0,79
0,12
1,32
1,3
1,14
2,29
2,27
2,77
3,28
4,15
4,7
5,18
5,24
5,15
5,46
6,35
6,72
6,44
6,15
6,24
7,66
7,67
7,15
7,69
7,10
7,73
8,57
9,68
9,16
9,26
9,69
11,20
11,74
12,24
12,30
13,58
14,66
14,25
14,38
14,51
14,34
15,40
15,48
15,43
15,30
15,63
15,36
16,64
16,21
16,71
16,70
16,30
17,48
17,65
18,77
18,58
18,39
19,43
19,80
19,28
19,25
19,47
20,56
20,69
22,38
22,41
22,27
23,26
24,48
24,36
25,30
26,66
26,28
26,57
26,30
27,58
28,59
29,37
31,36
31,80
31,73
31,55
31,72
31,67
32,41
32,50
32,58
33,80
33,63
34,49
34,57
37,39
38,54
38,76
38,60
39,67
39,45
41,55
41,42
41,75
43,49
44,68
45,74
47,56
48,76
49,74
50,61
51,75
53,78
54,75
54,57
54,67
54,79
54,55
55,79
55,65
56,60
57,72
57,77
58,71
60,76
62,70
62,75
66,80
73,75
76,77
