0,33
1,50
1,45
1,62
1,60
2,9
2,18
3,18
3,58
4,15
4,6
5,41
5,15
5,56
5,76
5,82
6,47
6,58
6,21
6,8
7,59
7,9
7,68
8,27
8,24
9,40
9,27
9,47
9,13
10,41
10,46
10,34
11,77
12,13
12,73
12,70
12,19
12,82
13,65
13,14
13,37
13,15
14,47
15,74
15,34
15,32
15,29
15,20
16,75
16,37
17,76
17,20
17,28
17,57
18,75
18,21
18,32
19,71
19,21
19,79
21,72
21,38
21,61
22,49
23,40
24,58
25,57
25,53
28,57
29,69
29,49
29,72
30,51
30,72
30,71
30,42
30,46
31,73
32,51
33,74
34,48
35,48
36,58
36,42
37,79
38,57
39,43
41,44
42,48
42,44
43,75
44,54
44,56
46,77
49,72
51,81
51,60
54,63
57,77
58,71
58,78
59,76
59,74
61,70
63,73
63,72
63,69
64,72
65,82
68,69
70,75
71,75
75,82
