0,79
1,46
1,9
1,32
1,90
2,68
2,30
2,90
3,5
3,84
3,60
4,95
4,36
4,19
5,95
5,81
5,89
5,72
6,27
6,12
7,21
7,61
8,40
8,91
8,58
9,39
9,78
9,18
9,23
9,98
10,13
10,86
10,79
10,30
10,26
11,41
11,86
12,22
12,54
13,75
13,77
14,52
14,60
15,41
15,49
15,43
15,34
16,84
16,44
17,46
17,19
17,76
18,69
19,43
19,22
20,54
20,93
21,22
22,58
22,53
22,89
23,83
24,71
24,68
24,37
25,72
26,33
26,79
26,83
27,50
27,43
28,83
28,46
29,45
29,34
30,83
30,75
31,82
32,35
32,74
34,88
34,47
35,54
35,65
35,52
36,54
36,48
37,38
37,76
37,48
38,51
38,53
38,98
39,61
40,41
41,67
41,70
41,74
42,57
42,56
42,97
42,48
43,62
45,69
45,72
46,96
46,65
46,89
48,63
50,68
51,65
52,90
55,57
56,87
57,58
57,84
58,77
59,95
59,62
60,68
60,94
63,87
64,87
65,91
65,67
65,79
66,70
66,80
66,82
67,69
67,92
73,97
74,87
75,82
76,84
85,87
86,98
87,93
88,93
89,95
89,97
