0,64
1,42
1,48
2,69
2,18
2,12
2,77
2,14
2,30
4,58
4,15
4,66
4,77
4,57
5,41
5,10
5,83
5,11
6,33
7,79
8,71
8,67
9,27
9,54
10,52
11,85
11,70
12,53
13,33
14,30
15,58
15,71
17,64
19,64
19,59
20,30
20,27
20,39
20,22
20,66
21,60
21,29
22,46
23,37
23,38
24,71
25,44
25,60
26,79
26,58
27,85
27,37
27,52
27,46
28,38
28,56
29,33
29,54
30,56
30,76
31,65
32,34
33,51
34,41
36,51
36,83
37,78
38,66
39,59
40,56
41,53
41,44
41,58
42,85
43,48
44,73
44,50
46,65
47,84
48,80
50,68
53,55
55,73
56,82
56,81
57,78
58,83
58,63
61,68
61,73
63,75
66,79
72,82
72,80
78,85
