0,72
0,24
0,59
0,68
1,7
1,68
1,3
2,22
3,28
4,11
4,17
4,61
4,65
4,14
6,37
6,41
6,47
6,63
6,39
7,73
7,42
8,36
8,62
9,54
9,34
9,72
10,27
10,51
10,54
11,14
11,71
12,17
12,48
12,41
13,58
13,21
14,72
14,22
15,49
15,55
16,34
16,43
17,38
17,58
18,48
18,38
18,42
18,26
18,64
19,68
19,22
20,21
20,69
21,35
21,61
21,26
22,54
24,49
25,32
28,52
28,33
29,52
29,43
32,54
32,48
33,54
35,63
35,53
37,43
38,57
38,42
39,57
40,66
42,45
42,58
43,65
44,73
45,52
46,55
46,48
47,72
49,71
49,73
50,63
51,62
51,64
51,61
52,56
55,69
56,73
56,71
61,67
