0,39
0,80
0,21
0,85
1,10
1,74
1,50
1,26
2,74
2,46
2,75
2,7
2,35
3,18
3,49
3,29
4,31
4,18
5,37
5,72
5,87
5,35
5,18
5,45
6,83
6,88
6,18
6,48
7,57
7,78
7,80
9,30
9,90
9,62
9,25
10,36
10,34
10,62
10,70
10,97
11,62
11,19
11,22
12,88
12,20
12,75
13,44
13,84
13,34
14,81
15,60
15,47
15,91
15,44
16,61
17,87
17,34
18,61
18,77
19,29
19,91
20,49
21,25
22,44
22,47
22,25
23,92
23,95
24,29
24,96
24,28
24,50
25,94
26,67
26,83
27,44
27,41
27,72
27,74
29,69
29,62
30,92
31,96
31,77
32,86
32,93
32,80
33,75
33,79
34,93
35,41
35,66
36,74
36,53
37,54
38,81
38,94
39,77
39,88
39,80
39,54
40,90
40,96
41,54
43,91
43,94
44,87
44,58
45,62
45,86
45,80
46,64
46,91
47,61
47,91
48,59
48,49
49,60
49,56
49,63
50,69
50,59
52,79
53,70
53,80
54,90
56,86
56,90
59,97
60,86
60,63
61,76
62,81
62,75
63,64
65,67
65,66
66,69
67,87
71,92
73,84
73,83
74,94
74,82
75,81
75,87
76,88
76,78
77,79
85,96
86,97
87,93
88,96
