0,61
1,34
1,28
1,52
1,29
1,46
2,32
2,6
2,52
2,59
2,20
2,65
2,35
2,12
2,30
2,78
3,43
3,13
3,29
3,79
3,26
3,4
4,17
4,47
5,55
5,53
6,31
6,68
7,48
7,69
7,79
7,8
7,40
7,52
8,28
8,18
8,75
9,66
9,14
10,45
10,67
11,75
11,51
11,54
12,32
12,59
12,51
12,47
12,35
13,70
13,30
13,85
13,62
13,36
13,76
14,74
14,37
15,69
15,75
15,42
16,65
16,20
17,30
17,40
17,75
17,85
17,57
18,87
18,23
18,35
19,41
19,88
19,77
20,75
20,42
21,23
21,85
21,65
22,28
22,34
24,57
24,50
25,42
26,88
26,79
26,84
26,55
26,31
27,38
27,74
27,34
27,29
28,62
29,71
30,56
30,78
30,61
30,72
30,39
31,85
32,62
32,44
32,61
33,61
33,37
33,47
34,65
34,63
35,51
35,56
35,38
35,72
36,75
36,60
36,52
36,40
37,42
37,56
37,72
37,46
38,73
38,84
39,45
39,54
39,77
39,53
39,72
39,51
39,81
40,68
41,45
41,48
41,54
42,81
42,70
42,72
43,61
45,80
45,77
46,63
46,66
48,71
49,61
49,72
51,59
56,63
58,62
59,62
60,80
60,75
61,79
61,78
61,84
61,82
62,69
62,72
63,82
64,88
66,72
66,83
67,77
67,71
73,86
74,87
76,79
81,82
86,87
