0,5
0,22
0,58
0,52
0,12
0,30
0,55
1,42
1,13
1,9
1,50
2,59
2,56
2,16
3,13
3,10
4,34
5,26
5,7
5,53
6,40
6,52
6,42
6,7
7,19
7,38
7,35
7,21
8,50
8,17
8,36
9,10
9,57
9,27
9,33
10,12
10,18
10,41
11,48
11,29
12,30
12,14
12,24
13,60
13,40
13,56
13,28
14,35
14,40
14,49
14,48
14,54
15,42
15,19
15,18
15,51
16,50
17,19
17,55
18,34
18,38
18,33
18,37
20,45
20,47
21,50
22,41
22,34
22,49
22,32
23,57
23,39
24,27
24,32
24,59
24,53
25,36
25,60
26,51
26,33
26,32
26,39
28,36
29,54
30,34
30,50
30,39
32,44
33,39
34,42
34,40
35,58
35,51
35,39
36,40
37,51
38,48
40,43
41,45
41,54
41,55
41,51
43,52
44,52
46,56
46,48
49,55
