0,41
0,22
1,5
1,50
1,40
2,31
2,15
3,12
3,13
3,49
4,62
4,32
4,20
4,6
5,65
5,39
5,16
5,29
6,28
6,54
7,54
7,58
7,15
7,43
8,19
9,49
9,48
9,16
9,46
9,66
9,13
10,43
11,15
11,59
11,30
11,45
12,61
12,16
12,49
13,59
13,19
14,54
14,47
14,53
15,54
15,60
16,44
16,58
16,42
17,66
17,58
17,31
18,26
18,44
18,61
19,41
19,56
19,59
21,59
21,43
22,40
22,36
22,58
24,55
24,45
25,64
25,61
25,44
26,63
26,29
26,33
27,43
27,48
27,55
28,58
28,63
28,40
29,33
30,43
30,52
31,57
32,60
32,36
32,63
33,51
34,66
34,60
34,44
35,59
36,42
36,58
36,45
38,59
39,50
40,62
40,63
40,54
41,54
42,52
43,57
43,60
44,60
44,66
45,65
45,56
46,56
47,55
50,53
50,64
52,55
54,64
55,57
55,63
60,62
62,64
