0,20
0,7
0,16
1,44
1,22
1,65
2,4
2,35
2,26
3,62
3,44
3,28
3,33
3,54
4,54
4,48
5,72
5,17
5,26
6,69
6,68
8,12
9,42
9,32
9,31
10,19
11,58
12,37
12,45
12,16
13,69
13,29
13,42
13,72
13,55
14,35
14,15
15,19
16,24
17,44
17,60
17,51
18,64
18,24
20,43
21,28
21,51
21,67
21,58
21,39
22,38
23,40
23,37
24,27
24,42
25,37
25,58
25,52
26,75
26,67
28,56
28,36
28,64
29,72
30,33
31,63
31,44
31,68
33,40
33,59
34,70
35,59
36,50
37,51
38,39
38,71
39,56
40,51
42,43
43,74
44,64
45,54
45,74
45,75
46,59
46,61
46,69
47,60
47,64
48,59
50,55
52,69
54,60
54,62
55,67
55,63
56,57
60,69
64,71
66,72
