0,78
0,5
0,38
0,13
0,65
1,70
1,50
1,24
1,26
1,55
3,81
3,66
4,14
4,84
4,32
5,19
5,66
5,38
5,12
6,18
6,12
6,44
6,46
6,39
6,29
7,62
7,34
7,40
7,83
7,22
7,30
8,44
8,63
9,56
9,28
9,17
9,85
10,15
10,43
10,74
10,72
11,45
11,31
11,37
11,73
11,80
12,38
12,26
12,29
13,53
13,22
13,20
13,46
13,38
13,41
13,49
14,52
14,54
14,65
15,73
15,79
15,44
16,20
16,83
17,30
18,63
19,64
19,23
20,74
21,67
22,78
22,42
22,37
22,25
23,45
23,50
24,76
24,51
24,74
24,58
25,72
25,48
25,43
25,60
25,51
26,43
26,29
26,70
26,66
27,76
27,48
28,32
29,77
30,63
30,52
30,33
31,61
31,45
32,60
34,60
36,61
37,74
37,46
38,48
38,44
39,72
39,69
39,73
40,52
40,46
42,83
43,85
43,53
43,44
44,53
44,54
45,71
45,74
45,65
45,79
45,70
46,57
46,59
47,52
47,70
47,65
48,71
49,72
50,70
50,66
51,57
51,56
54,78
54,65
54,73
55,63
56,66
56,61
59,66
59,61
60,65
62,71
63,74
63,79
65,71
67,84
68,78
68,83
69,73
69,76
72,77
73,78
73,85
74,83
74,85
75,82
76,85
77,79
77,81
82,84
