0,25
0,7
0,73
0,34
0,57
1,16
1,52
1,43
1,85
1,35
2,35
3,26
3,16
3,31
4,58
4,67
4,8
4,13
4,72
5,20
5,32
5,6
6,14
6,11
6,37
6,73
7,61
7,81
8,46
8,89
8,85
8,33
8,64
9,79
9,64
9,10
10,19
10,42
10,49
11,61
11,82
12,89
12,70
12,23
13,88
13,71
13,26
13,50
14,46
14,43
14,86
14,52
15,44
15,85
15,55
15,81
15,71
15,83
16,55
17,87
17,38
18,64
19,85
20,58
20,60
20,56
21,58
21,47
21,85
22,43
22,32
23,81
23,86
23,59
24,88
26,78
26,28
26,75
27,60
28,75
28,68
30,71
30,58
31,35
31,60
31,87
31,73
32,56
32,66
33,76
33,42
34,65
34,62
34,75
34,50
35,76
36,80
36,69
37,52
37,43
37,57
38,68
38,77
38,87
39,76
40,62
40,48
40,82
40,72
42,62
43,57
45,62
46,48
47,76
47,52
48,51
48,66
49,68
49,89
51,73
52,59
52,85
52,83
54,82
54,55
54,58
55,67
55,82
55,71
56,58
56,76
57,71
58,61
59,71
60,78
60,74
60,68
61,80
61,64
61,72
63,72
66,80
67,86
67,87
68,76
69,79
69,83
71,85
73,86
77,82
78,86
78,85
79,86
86,88
