0,60
0,63
0,20
0,8
0,10
1,7
1,76
2,61
2,4
2,34
2,42
3,39
3,23
3,31
3,55
4,15
4,71
4,12
4,56
5,46
6,35
6,43
6,22
8,51
8,58
8,37
8,62
8,24
8,70
8,9
9,68
9,22
10,16
11,14
11,31
11,63
11,35
12,65
12,73
12,43
12,35
12,81
13,20
13,62
13,40
13,19
13,16
14,46
14,43
14,71
14,76
14,24
15,35
15,19
15,51
15,86
15,73
15,63
16,34
16,43
16,39
16,57
17,63
17,25
18,85
18,63
18,30
18,31
19,86
19,80
19,50
19,35
20,53
20,71
21,39
21,58
21,48
22,37
22,55
22,52
23,37
23,26
24,45
24,42
25,47
25,68
25,52
26,31
27,53
29,69
29,38
29,55
29,41
30,45
30,83
30,48
31,49
32,54
32,73
32,69
33,39
33,70
33,44
33,72
34,44
34,67
34,39
34,60
34,63
35,58
35,73
36,81
36,75
37,72
37,64
37,55
37,80
39,43
39,60
39,73
40,58
40,77
41,57
41,66
41,58
41,59
42,56
43,81
43,71
43,66
44,66
44,53
44,72
44,81
45,86
45,65
46,65
47,51
48,71
49,76
49,78
49,79
49,83
50,86
50,67
50,71
51,75
51,57
52,86
52,68
52,67
52,71
52,57
53,84
56,63
56,79
57,83
57,80
58,85
58,67
61,71
61,78
62,65
64,79
69,86
69,79
71,73
76,83
76,86
81,83
83,85
