1,63
1,53
1,13
1,9
3,64
4,69
4,34
4,47
4,42
4,55
5,14
5,59
5,45
5,52
5,24
5,12
6,66
6,48
6,52
6,38
7,69
8,45
8,50
8,25
8,19
8,59
9,18
9,15
10,28
10,62
10,53
11,33
12,66
12,33
13,17
13,62
13,65
13,28
14,44
17,46
17,48
17,33
18,29
18,44
19,49
19,21
19,38
20,34
22,38
23,34
23,42
24,65
25,26
25,30
26,40
26,29
26,71
27,40
29,71
29,43
29,49
29,40
29,46
30,42
30,31
30,50
30,37
31,65
31,38
32,69
33,35
33,62
33,50
34,65
34,63
34,39
34,43
34,38
34,53
35,68
35,40
35,38
37,71
38,69
39,67
40,48
41,69
41,54
44,71
44,49
45,54
48,62
49,71
49,52
49,64
49,53
54,59
55,66
55,63
59,66
64,70
