0,37
0,15
0,63
1,4
1,32
2,31
2,37
2,68
2,43
2,16
3,67
3,61
3,29
4,19
4,70
5,13
5,51
6,45
7,56
7,64
7,8
7,37
7,14
7,65
7,43
8,35
9,70
10,41
10,53
10,61
10,40
10,47
11,68
12,47
12,62
13,41
13,42
13,57
14,45
14,16
14,32
14,55
15,57
15,34
17,64
17,51
17,23
17,45
17,56
19,49
19,37
19,64
20,51
20,40
20,22
20,37
21,32
21,43
22,57
23,54
23,66
23,61
24,47
25,28
25,27
26,71
26,64
27,52
27,57
28,29
28,49
29,64
29,71
30,45
31,32
31,58
31,51
31,59
31,38
31,68
32,54
32,51
32,67
34,50
34,60
34,56
35,55
36,37
36,68
37,42
37,59
38,52
38,67
39,53
40,41
41,49
41,59
42,58
42,63
43,46
45,53
47,55
48,70
49,67
50,72
50,59
51,52
51,63
53,60
55,62
56,58
57,61
59,62
59,72
61,66
61,63
63,65
67,70
