0,61
1,60
1,42
2,17
3,48
3,40
5,16
5,47
6,60
6,52
7,55
7,74
7,42
8,30
9,17
9,24
10,63
10,19
11,32
12,47
12,43
13,67
14,26
15,33
15,66
15,62
15,74
16,30
16,59
17,44
17,42
18,57
19,64
19,56
20,23
20,50
22,52
22,37
22,38
22,62
23,28
23,24
24,73
24,36
25,48
26,68
26,28
27,50
27,56
27,73
27,71
28,68
29,40
30,44
31,70
31,74
31,36
31,38
32,57
33,69
33,64
33,46
33,39
34,68
34,63
36,44
37,42
37,65
38,52
38,62
38,60
39,68
40,50
45,74
45,60
45,61
46,74
47,60
50,68
51,56
52,53
53,61
54,64
55,65
59,72
59,65
64,65
69,71
