0,50
0,55
0,10
0,11
0,56
0,40
1,39
1,51
1,11
1,66
1,30
1,43
2,54
2,46
2,36
2,47
3,36
3,8
3,15
3,57
4,26
4,25
4,36
4,59
4,63
4,51
5,14
5,41
5,23
5,31
5,58
6,60
6,17
6,30
7,62
7,44
7,48
8,44
8,59
8,17
8,24
9,53
9,37
10,55
10,63
11,35
11,36
11,19
12,37
12,45
12,40
13,28
13,45
14,40
14,18
15,48
15,36
15,33
15,35
16,18
17,20
18,21
18,52
19,54
20,53
20,35
20,54
21,46
21,38
21,30
21,26
22,61
22,43
22,25
23,60
23,30
23,38
23,55
23,57
23,63
24,32
24,57
24,34
24,25
24,53
24,54
25,44
26,36
27,52
28,66
28,34
28,49
28,56
28,59
28,30
29,34
29,42
30,31
30,38
31,32
31,60
31,39
32,64
32,48
32,52
32,59
33,51
33,59
34,57
34,45
35,65
36,64
37,65
38,42
38,52
38,64
39,65
40,49
40,57
40,62
40,46
40,66
42,44
46,60
47,55
50,60
51,54
58,64
58,60
58,65
58,59
62,65
63,66
