0,11
0,27
1,10
1,2
1,20
1,19
1,26
3,4
3,15
3,47
3,33
3,42
4,40
4,7
4,37
5,29
5,6
5,31
5,21
5,49
6,35
6,8
7,28
7,14
8,32
8,11
8,23
8,25
9,14
10,13
10,29
10,24
10,45
11,46
11,32
12,39
12,27
12,36
13,25
13,34
13,29
14,46
14,44
14,45
15,29
15,49
15,40
15,19
16,24
17,21
17,22
17,49
17,46
17,23
18,39
19,41
19,39
20,39
20,24
21,38
21,35
22,34
22,29
23,28
23,44
23,43
24,45
24,40
25,37
26,33
26,30
26,47
27,37
27,35
27,29
28,33
28,48
30,39
31,46
32,46
33,49
33,45
37,38
38,39
39,46
40,43
40,44
42,44
43,45
47,48
