0,15
0,62
0,27
1,50
1,21
1,53
2,67
2,70
3,19
3,49
4,37
4,77
5,70
5,17
6,40
7,41
7,54
8,49
8,16
9,49
9,25
9,57
9,30
9,22
10,56
10,68
10,16
10,38
11,41
12,70
13,16
14,75
14,19
14,52
14,70
15,28
15,71
16,57
16,78
17,59
18,40
18,23
18,45
19,69
20,50
20,52
21,26
21,32
22,46
24,42
24,41
24,25
25,44
25,49
26,49
26,48
27,40
27,43
27,73
28,75
29,73
29,36
34,66
34,37
36,63
39,72
40,75
40,62
40,45
41,63
42,50
44,47
44,57
47,60
48,62
48,75
49,78
49,60
49,67
50,62
50,63
52,54
53,78
53,71
54,78
54,62
54,73
55,56
56,59
57,69
57,60
58,75
66,73
71,79
74,78
