0,1
0,54
0,19
0,31
0,50
1,4
1,62
2,47
2,54
2,23
3,44
3,34
3,12
4,15
4,34
4,57
4,33
4,40
5,18
5,10
5,55
6,67
6,34
6,39
7,18
7,14
7,13
8,17
8,10
9,25
9,66
9,14
9,15
9,43
10,41
11,50
11,53
11,55
13,67
13,16
13,25
14,16
14,51
14,59
15,68
15,17
15,34
15,51
15,31
16,61
16,60
16,50
16,55
17,66
18,28
19,59
19,45
19,54
19,68
19,32
20,53
20,27
20,33
20,31
21,48
21,31
22,30
22,58
23,36
24,32
24,36
24,56
24,53
25,44
25,43
25,38
25,31
27,61
29,39
29,63
29,60
30,55
30,59
30,40
31,64
31,67
32,68
32,49
33,57
35,64
36,46
38,56
38,44
39,63
40,64
41,67
41,57
43,66
45,59
47,59
48,53
48,54
49,62
50,66
50,68
51,61
53,60
53,68
54,65
54,60
54,56
54,57
56,61
56,63
58,67
60,66
62,68
