0,22
0,14
0,36
0,18
1,18
1,74
1,2
2,37
2,81
2,84
3,9
4,40
4,74
4,60
6,55
6,64
6,70
6,27
7,43
7,74
8,35
8,42
8,65
9,84
9,80
9,43
9,44
10,73
11,82
11,66
11,33
13,65
13,50
13,63
13,84
13,23
13,25
14,31
15,61
15,80
15,78
15,50
15,34
17,43
17,78
17,41
17,22
20,79
20,45
20,28
21,80
21,52
22,51
22,48
22,41
23,44
23,35
24,87
24,67
24,29
24,48
25,57
25,27
25,85
25,39
25,55
26,42
26,83
26,36
27,82
27,59
28,48
31,71
32,44
33,71
34,58
34,54
34,86
35,73
35,42
35,72
36,87
36,51
37,53
37,72
38,63
38,71
38,69
38,79
39,53
39,61
39,45
39,48
39,68
41,67
42,56
42,66
43,82
45,75
45,85
46,74
46,52
47,62
48,60
49,51
50,82
51,85
51,75
52,86
52,76
53,55
53,58
54,87
55,59
56,59
57,65
58,76
59,61
60,83
61,85
62,70
63,72
63,71
64,70
64,78
64,75
66,78
72,85
74,77
75,83
