0,65
0,37
0,54
0,44
1,31
1,46
1,7
1,13
2,43
2,46
3,53
3,60
3,36
3,67
4,9
4,77
4,30
4,69
4,37
4,18
4,10
5,20
5,71
5,35
5,50
5,36
6,50
6,73
6,65
6,28
6,25
7,66
7,45
7,59
7,51
7,47
7,50
8,32
8,42
8,70
8,33
9,30
9,60
9,72
10,67
10,46
10,25
10,75
10,74
10,50
10,73
11,44
11,74
12,56
13,29
14,62
14,17
14,36
14,71
15,75
15,26
15,74
15,59
17,45
17,19
18,36
19,59
20,37
20,64
20,46
21,26
21,44
21,46
21,30
21,49
22,72
22,50
22,66
23,59
23,39
23,43
24,57
24,67
25,39
25,53
25,43
26,72
26,75
27,31
28,62
28,64
28,46
30,61
31,49
31,77
33,51
34,47
34,67
34,66
34,71
34,52
34,46
34,48
35,61
35,60
35,50
35,75
35,74
37,56
37,54
37,46
38,58
40,56
40,42
41,73
41,75
42,57
42,54
43,62
44,65
45,53
46,56
48,72
48,52
49,69
49,73
50,61
50,52
51,78
52,73
53,76
53,60
55,59
56,72
57,58
57,66
57,72
60,64
61,75
61,77
63,76
63,75
67,73
70,73
72,74
