0,92
0,95
1,77
2,81
2,69
2,56
3,65
3,39
3,80
3,5
3,26
4,93
4,43
4,31
4,32
4,79
4,74
5,22
5,65
5,88
6,23
6,42
6,7
6,73
7,72
7,19
7,78
8,59
8,91
8,22
9,91
9,67
10,75
11,29
11,54
12,21
12,56
13,37
13,56
13,28
13,73
13,91
13,94
14,87
14,58
14,47
14,53
14,57
15,80
15,76
15,49
16,26
16,44
16,29
17,76
17,77
17,54
17,21
18,36
18,25
18,46
18,41
19,60
19,49
19,33
20,89
20,94
21,36
21,68
21,83
22,95
22,47
23,87
23,95
24,28
24,73
24,86
24,52
25,55
25,95
25,44
25,43
25,91
26,57
26,45
27,90
27,73
28,50
28,31
28,69
28,53
29,89
29,36
29,55
30,57
30,39
32,82
33,34
34,54
34,64
35,64
36,85
36,40
36,37
37,81
37,54
37,61
37,55
37,59
39,44
39,86
40,79
40,43
41,63
41,84
41,81
42,66
42,57
43,47
43,92
44,71
45,94
45,82
45,76
47,75
47,60
47,83
47,82
48,64
49,86
50,65
50,86
50,70
51,66
53,85
54,95
55,85
56,95
57,83
58,92
58,81
58,61
60,74
61,82
62,74
63,92
63,78
63,70
64,65
67,69
67,72
67,82
68,74
68,73
68,72
69,93
75,85
75,90
75,76
76,96
79,88
81,94
82,93
82,92
82,88
83,90
89,93
