0,21
0,61
1,42
1,10
1,8
1,4
1,53
1,43
1,26
2,26
2,32
2,39
2,61
3,20
3,11
3,58
3,5
4,19
5,46
5,31
5,10
6,9
6,49
6,34
6,26
7,40
7,10
7,50
7,56
7,18
7,65
8,11
8,42
8,64
8,38
9,50
9,52
9,43
9,64
9,40
10,39
10,36
11,12
11,59
11,39
12,43
13,50
13,54
13,34
13,30
14,44
14,46
14,35
14,56
14,70
15,67
15,65
16,37
16,58
16,40
16,49
16,50
16,54
17,41
17,62
17,43
17,32
18,39
18,57
18,66
18,20
19,68
19,24
19,70
21,32
22,40
22,45
23,55
23,58
24,36
24,53
24,67
26,64
26,69
27,33
27,47
27,58
28,37
28,48
29,43
30,65
30,66
30,48
30,56
31,51
32,70
33,51
33,62
34,40
34,37
35,38
37,58
37,64
37,43
39,45
44,46
44,52
45,50
46,62
47,61
47,49
49,68
53,62
53,67
54,67
55,71
56,57
58,66
59,67
60,71
63,66
66,69
