0,19
0,13
0,27
0,60
1,17
1,15
1,9
2,4
2,10
2,50
3,18
3,49
3,5
3,51
3,25
4,54
4,9
5,36
5,11
5,37
5,31
6,13
6,17
6,30
6,28
7,31
7,53
7,15
7,33
7,11
8,36
8,23
8,40
9,13
9,32
9,40
9,28
10,48
10,50
11,33
11,46
11,40
12,21
12,13
12,14
13,60
13,20
13,34
13,55
13,24
14,37
14,38
15,33
15,44
15,57
15,49
16,22
16,17
16,25
17,32
17,28
17,20
17,22
17,47
18,41
19,57
19,37
19,27
19,56
20,44
20,53
20,47
21,31
21,26
21,36
21,58
22,43
22,34
23,47
24,58
24,53
24,48
24,49
25,50
26,35
27,42
27,49
28,57
29,34
30,60
30,36
30,43
32,36
32,39
33,54
33,46
33,40
34,56
35,57
38,46
40,49
41,60
42,46
43,53
45,58
46,57
47,52
47,59
47,53
48,60
49,52
49,55
49,59
51,58
51,55
55,59
56,58
58,59
