0,46
0,8
0,11
0,31
0,29
1,42
1,14
1,10
2,14
2,47
2,3
3,9
3,24
3,5
4,22
4,27
4,11
4,41
5,44
5,23
5,9
6,44
7,33
7,28
7,36
7,42
8,25
8,30
9,44
9,17
10,29
10,41
11,27
11,46
11,36
12,22
12,33
12,42
12,19
13,15
13,30
13,40
14,40
14,38
14,37
15,29
16,32
16,17
16,30
16,26
17,44
17,39
17,19
17,27
18,24
19,47
19,33
19,31
19,42
20,22
20,26
20,35
21,33
21,23
21,28
22,31
22,34
22,44
23,46
23,43
23,29
24,29
24,33
25,28
25,47
26,42
27,48
27,32
28,37
28,30
28,47
29,32
29,35
29,41
30,37
30,45
31,34
33,41
33,42
33,45
34,48
34,38
35,38
35,43
36,40
38,44
44,46
48,49
