0,3
0,45
1,62
1,17
2,32
2,45
2,23
2,35
3,6
3,63
3,74
3,7
3,57
3,50
3,59
3,75
4,13
4,57
6,8
6,73
7,38
8,62
8,30
8,12
8,32
8,34
10,51
10,46
11,20
12,21
13,74
13,58
14,62
15,74
15,65
16,22
16,54
17,42
18,73
18,66
19,64
19,26
19,72
20,34
21,75
22,63
22,32
23,55
23,27
23,45
24,46
24,52
25,72
26,39
27,58
27,48
27,75
28,60
29,57
30,55
30,41
30,47
32,68
33,64
33,54
34,75
34,65
34,60
35,68
35,65
36,68
36,76
37,71
37,41
38,74
38,42
39,59
39,72
39,75
39,76
39,74
40,42
41,65
42,73
42,50
43,71
43,52
47,75
48,72
48,70
48,76
48,63
50,70
51,74
52,67
53,54
54,55
54,73
54,76
55,75
55,74
56,65
57,59
66,67
