0,29
0,25
1,46
1,31
1,37
1,21
1,11
2,31
2,39
2,15
3,28
3,30
3,37
3,42
3,46
4,15
4,25
5,18
5,9
5,51
5,48
5,19
6,19
7,24
7,11
8,12
8,29
8,20
9,34
9,52
9,41
10,26
10,53
10,12
10,17
11,36
11,45
12,19
12,26
13,34
13,47
14,42
14,36
14,25
14,16
15,28
15,49
15,39
16,18
17,38
17,30
17,54
17,48
17,20
18,23
18,28
18,20
18,42
19,30
20,38
21,35
21,39
21,30
21,37
22,34
22,28
23,25
23,47
24,28
24,33
25,39
26,46
26,44
27,41
28,35
28,31
29,33
31,54
31,53
31,43
31,45
32,53
34,51
35,48
36,39
36,49
37,54
37,53
38,51
38,46
38,47
39,52
42,46
43,49
45,53
45,49
48,50
