0,30
0,51
0,33
0,76
0,81
1,6
1,54
1,47
1,11
1,69
1,70
1,58
2,11
2,86
2,17
2,25
3,57
3,84
3,18
3,36
3,32
3,74
3,70
3,40
4,51
5,7
5,29
6,36
6,63
7,22
7,60
7,18
7,61
7,52
7,44
7,47
8,13
8,57
8,23
8,77
9,80
9,63
9,72
10,47
10,64
10,50
10,45
10,35
11,12
11,15
12,57
12,49
12,41
12,30
12,24
13,42
13,67
14,49
14,74
15,84
15,75
16,70
17,46
17,22
17,31
18,27
18,43
18,81
18,26
18,52
18,78
18,19
18,36
19,63
19,22
19,35
19,43
19,60
20,80
20,49
21,63
21,28
21,26
21,39
22,26
22,37
22,39
22,54
22,79
23,79
24,60
24,59
24,71
25,33
25,38
25,70
26,47
26,77
26,64
27,58
27,72
28,85
29,76
29,35
29,77
30,74
30,58
30,54
31,83
31,37
32,36
32,82
33,73
33,48
33,64
33,76
34,78
34,59
34,44
35,86
36,38
37,80
37,66
39,80
39,73
42,50
42,56
44,55
45,57
46,85
47,84
47,64
47,58
48,69
48,66
49,72
49,66
50,65
50,70
50,60
51,80
51,55
51,56
52,57
52,53
53,54
54,86
54,84
55,58
55,84
56,83
57,61
57,77
58,79
59,80
59,72
59,71
61,80
63,65
65,74
65,77
66,69
66,68
67,82
69,72
71,75
72,75
73,80
75,82
76,81
78,84
79,85
80,85
