0,61
0,41
1,65
1,32
1,56
2,29
2,18
2,58
3,48
3,4
3,63
5,36
5,65
5,55
6,29
6,40
7,56
7,13
8,26
8,65
9,39
9,18
9,13
10,29
10,15
11,16
11,26
11,31
12,59
12,26
12,49
13,62
13,54
14,67
15,51
16,44
16,45
17,63
17,49
17,45
17,23
18,21
18,42
18,59
19,23
19,47
19,44
19,57
20,38
20,67
20,50
20,60
20,57
21,62
22,49
23,40
24,33
24,31
24,65
25,32
25,44
26,48
26,46
26,62
27,64
27,34
27,56
29,31
29,30
29,38
29,39
30,48
30,38
30,68
30,54
31,45
32,56
33,58
36,50
37,63
37,48
38,60
38,66
39,41
40,41
40,68
40,46
41,67
43,61
44,65
44,61
47,50
48,62
49,66
50,58
51,56
52,63
56,64
57,66
61,62
61,66
