0,32
0,49
0,39
0,40
1,8
1,13
1,32
1,36
2,55
2,13
2,24
2,52
3,26
3,44
3,29
3,4
3,42
3,48
4,23
4,14
5,39
6,25
6,18
6,34
6,17
7,19
7,15
7,25
7,53
7,42
8,41
8,14
8,44
8,34
10,52
10,38
11,18
11,19
11,22
11,38
12,49
12,44
12,54
13,23
13,18
14,37
14,39
14,36
14,30
15,50
15,42
15,49
15,44
16,55
18,30
18,45
18,20
18,37
19,33
19,41
19,25
20,24
20,34
21,56
21,45
21,36
22,26
23,37
23,29
23,28
23,47
24,27
24,55
24,53
25,39
27,54
27,49
28,31
30,55
32,55
33,49
33,41
34,52
34,45
35,38
37,47
37,51
39,50
43,53
43,54
44,54
44,53
45,56
46,56
47,49
47,48
48,52
53,56
