0,51
0,3
0,39
0,1
0,37
0,14
1,26
1,36
2,56
2,5
2,37
3,20
3,27
3,51
3,41
3,23
3,69
3,67
4,37
4,39
4,40
4,38
4,20
5,13
5,59
6,26
6,66
6,63
6,52
6,43
7,12
7,57
8,26
8,16
8,70
8,69
8,60
9,64
9,30
9,40
9,37
9,34
10,21
10,31
10,57
11,50
11,38
12,34
12,20
13,31
13,30
15,59
15,68
15,47
15,70
16,39
17,29
18,66
18,35
18,25
18,34
19,58
19,35
19,55
20,48
20,45
20,56
21,37
22,61
23,36
23,54
23,63
23,44
23,35
23,24
23,69
24,25
25,72
25,54
26,36
27,54
27,50
28,51
28,48
29,64
30,70
30,60
31,51
31,60
32,63
32,48
32,58
32,37
33,50
34,49
34,57
36,48
38,58
38,41
39,50
39,41
40,57
40,52
40,53
41,44
42,57
42,52
43,71
43,57
44,53
45,50
45,46
45,71
46,66
46,72
49,54
50,60
52,60
52,67
55,61
57,61
