0,21
0,26
0,22
1,53
1,58
2,36
2,44
2,53
2,32
3,32
3,27
3,11
3,16
3,52
4,22
4,56
4,26
5,19
5,53
5,54
5,36
5,13
6,14
6,30
6,43
6,56
7,44
7,21
7,8
7,35
8,43
8,54
8,35
8,23
8,18
8,29
8,27
8,12
8,10
9,23
9,49
9,37
9,54
10,48
10,54
10,53
11,16
11,34
12,45
12,47
13,36
13,25
14,43
14,22
14,16
14,18
14,36
14,33
14,20
14,32
15,33
15,28
15,57
16,20
16,33
16,56
16,40
16,42
17,42
17,32
17,28
17,45
18,46
18,36
19,47
21,50
21,28
21,37
22,57
22,48
22,55
24,27
24,57
28,37
28,39
28,41
29,38
30,53
31,48
31,56
31,55
31,58
32,48
32,42
33,46
33,43
34,56
35,57
35,48
36,40
38,40
38,53
39,57
39,43
40,41
41,46
41,52
41,45
42,56
43,50
43,49
47,56
48,57
53,56
