0,71
0,25
0,67
1,76
1,60
2,32
2,41
3,81
3,78
3,74
4,77
4,47
4,53
4,31
5,48
6,87
6,45
6,17
7,14
7,12
8,46
8,37
8,17
9,37
9,63
9,45
11,19
12,30
12,57
13,84
13,22
13,29
15,31
17,78
17,57
17,33
18,49
18,25
19,45
19,60
19,61
20,70
20,63
21,22
21,57
22,76
22,69
23,61
23,42
23,80
25,73
26,47
27,64
27,39
27,53
28,32
30,62
30,52
30,61
31,49
31,39
32,36
32,63
33,44
35,78
35,66
38,51
39,47
40,63
41,45
43,48
43,66
44,87
44,46
44,48
44,68
45,64
46,68
47,77
48,61
53,63
53,56
54,76
54,58
55,66
57,63
63,71
67,85
69,80
71,88
74,80
76,79
78,81
84,88
86,87
