0,74
0,5
0,31
0,9
0,46
1,45
2,32
2,26
2,48
2,75
3,36
3,63
3,34
3,35
4,22
4,24
4,16
5,63
5,81
6,80
6,54
6,83
6,7
6,26
6,67
6,31
7,78
7,14
8,58
8,70
8,19
8,32
8,72
9,65
10,25
10,51
12,88
13,15
13,75
13,44
14,64
14,38
14,49
15,21
15,63
16,93
16,53
16,73
16,87
17,39
17,28
17,20
18,52
19,77
20,68
21,35
21,89
21,26
21,60
22,78
23,77
24,86
24,54
24,52
24,61
25,65
25,66
26,90
26,83
26,84
27,54
27,88
27,92
28,67
31,64
31,33
33,37
34,45
36,41
37,67
37,46
39,53
39,91
40,44
40,58
41,49
42,90
42,75
44,90
44,91
45,59
45,68
46,55
47,62
47,52
47,91
48,71
48,49
48,85
49,51
49,86
50,51
51,62
53,73
53,84
54,89
55,63
55,76
56,57
57,74
57,68
57,82
58,61
58,75
60,75
61,85
62,70
62,92
64,79
64,80
66,70
66,81
67,90
68,83
68,82
68,78
69,82
71,80
71,77
72,87
74,89
78,80
81,87
81,83
82,84
85,87
