0,13
0,50
1,19
1,40
2,40
2,45
2,42
2,9
3,39
3,23
3,26
4,39
4,33
4,41
5,52
5,30
5,28
5,15
5,6
5,19
6,23
6,48
6,28
6,40
7,26
7,41
7,31
7,32
8,28
8,30
8,17
8,46
8,56
9,17
10,33
10,51
10,50
10,34
10,17
11,27
11,35
11,17
12,28
12,58
12,17
13,23
13,33
13,31
13,30
14,24
14,48
14,30
15,18
15,43
15,31
15,28
15,29
15,56
16,47
16,46
16,48
16,34
16,24
17,23
17,33
17,50
18,46
18,34
18,22
19,28
19,43
19,60
20,31
20,35
20,27
21,55
22,29
23,55
23,33
24,41
25,40
26,32
26,39
26,36
27,47
27,51
27,54
28,54
28,37
29,49
30,55
30,40
31,57
32,59
33,35
34,58
34,60
34,46
35,57
35,56
36,57
36,56
36,45
37,40
37,56
39,51
39,56
40,52
40,59
40,57
42,58
42,46
43,56
44,49
49,53
52,53
52,57
52,54
53,57
57,58
