0,30
0,46
0,26
0,31
1,7
1,23
1,59
1,52
1,2
1,53
2,44
2,10
2,56
2,57
2,39
4,25
4,12
4,19
4,6
5,46
5,11
5,34
5,22
6,38
6,48
7,33
7,56
7,8
7,31
8,14
8,53
8,11
8,35
9,14
9,45
9,59
9,49
9,44
9,35
10,49
10,34
10,59
11,56
11,49
12,48
13,17
13,39
13,53
13,41
14,59
14,39
15,59
16,24
16,50
16,49
17,47
17,39
17,45
18,29
18,21
18,36
18,50
19,44
20,38
20,59
20,32
22,28
22,51
23,32
23,57
23,49
23,27
23,52
24,53
24,55
25,56
25,51
27,52
27,46
28,35
28,55
30,43
30,39
30,51
30,33
31,48
32,57
32,56
33,50
33,39
34,50
34,55
35,41
35,50
35,58
36,57
37,41
37,58
38,52
39,45
40,46
41,55
41,49
44,56
45,59
46,51
47,51
49,58
50,55
51,55
53,55
