0,95
0,37
1,74
1,76
1,37
1,4
2,66
2,52
3,24
3,56
3,39
3,59
4,64
4,92
4,77
4,82
4,5
4,91
5,93
5,51
5,82
6,71
6,36
7,85
7,16
7,84
8,67
8,72
10,82
10,45
10,62
11,25
12,34
12,61
12,32
12,99
13,94
14,67
14,52
14,80
15,86
15,84
16,43
16,51
16,95
17,61
17,95
17,55
19,76
19,40
20,31
20,48
20,23
20,74
21,68
21,53
21,22
21,72
25,72
25,92
26,68
26,58
27,31
27,73
27,84
28,29
28,90
28,97
28,51
29,63
29,61
30,91
31,69
31,72
31,50
32,75
32,40
32,51
33,37
34,55
34,88
35,37
35,46
35,47
36,49
37,41
37,53
37,82
38,49
39,83
39,80
40,91
40,84
41,80
41,67
42,80
42,99
43,57
43,79
44,85
44,86
45,70
46,94
47,71
48,50
50,86
50,96
51,58
51,89
53,87
57,64
61,79
62,74
63,81
64,79
65,92
65,89
66,89
67,70
68,89
68,92
72,96
77,84
78,80
80,97
81,91
86,89
89,91
90,92
93,99
94,98
