0,53
0,61
0,54
1,85
1,69
1,66
2,32
2,54
2,4
2,12
3,39
3,78
3,38
3,65
3,35
3,61
4,53
4,51
4,6
4,75
4,88
4,69
4,57
5,55
5,86
5,66
6,72
6,73
6,70
6,59
6,14
6,24
7,13
7,17
7,35
7,78
7,88
7,57
8,11
9,70
9,21
9,56
10,69
10,60
11,52
11,36
11,25
12,69
12,56
12,62
13,61
13,77
14,19
14,86
14,56
14,72
15,16
15,76
15,85
16,20
16,34
16,67
16,54
16,61
18,23
18,37
18,42
18,68
19,53
19,22
19,68
19,47
19,48
20,54
20,73
21,78
21,53
21,34
21,71
21,33
21,68
22,73
23,30
23,25
23,32
23,81
25,64
25,78
26,32
27,34
27,75
27,47
27,60
27,59
28,79
28,31
28,86
28,63
28,70
28,53
29,33
29,35
30,54
30,37
31,88
32,46
32,79
34,43
35,88
36,59
36,80
36,74
36,62
37,45
38,52
38,42
39,65
39,50
39,83
39,75
40,53
40,48
41,73
42,73
43,63
44,48
44,84
46,70
49,53
49,60
51,70
51,66
52,71
52,73
53,62
54,63
55,88
55,63
57,62
58,81
60,78
60,87
61,65
61,68
63,77
63,72
66,69
69,86
72,82
72,80
73,88
76,87
76,82
77,78
77,85
79,84
