0,14
0,53
0,30
1,3
1,53
2,5
2,73
2,46
2,16
2,29
2,48
3,34
3,16
3,43
4,38
5,73
5,13
5,75
6,40
6,42
6,58
6,73
7,53
7,46
7,45
7,73
8,43
8,54
8,42
8,69
9,66
10,13
10,66
11,20
11,27
11,31
12,58
13,32
13,43
13,22
13,15
13,27
14,64
14,30
14,63
15,17
15,24
15,62
16,75
16,55
16,51
17,25
18,75
19,20
19,52
20,40
21,73
21,61
21,24
22,24
22,37
22,63
25,44
26,45
26,54
26,37
26,73
26,59
27,30
27,28
27,39
27,57
28,50
28,61
28,45
29,47
31,74
32,54
33,72
33,68
37,69
38,56
40,47
42,72
43,71
44,69
45,48
47,67
48,50
49,54
49,58
50,70
50,68
54,74
60,73
62,63
69,75
69,71
