0,34
0,32
0,53
0,36
0,9
1,62
1,20
1,4
1,13
2,17
2,21
2,32
2,20
3,56
3,21
3,45
3,18
4,5
5,12
5,10
5,53
5,40
5,45
5,17
6,16
6,58
6,47
7,61
7,20
8,44
8,30
9,23
9,45
9,11
10,27
10,29
10,64
10,38
11,25
11,54
11,60
12,49
12,40
12,65
12,38
13,30
13,46
14,49
14,35
15,33
15,55
15,30
15,62
16,43
16,19
16,26
16,54
16,31
17,31
17,19
17,52
17,43
18,26
18,53
18,28
19,61
19,50
20,46
21,29
21,63
22,58
22,48
23,33
23,57
24,32
25,26
25,44
25,56
25,61
25,64
25,57
26,55
26,39
27,41
27,57
27,38
27,35
27,36
29,53
30,46
31,52
31,43
32,35
32,60
33,35
34,63
34,50
34,54
35,54
36,65
37,47
38,53
38,46
38,43
38,44
38,57
39,64
39,59
39,47
39,54
41,58
41,59
45,46
47,56
47,55
49,53
49,61
50,64
51,61
53,58
53,55
54,60
55,64
57,64
61,64
