0,78
0,88
0,29
1,19
1,4
2,90
2,54
3,69
3,74
3,84
3,22
3,52
4,87
4,10
5,93
5,81
5,23
5,82
5,74
5,64
5,72
6,74
6,88
6,54
6,19
7,76
7,16
7,61
7,91
8,48
8,12
8,62
9,40
9,23
10,55
10,64
11,27
11,37
11,47
11,67
11,87
13,51
13,87
13,26
13,22
13,21
14,56
14,49
14,60
14,34
14,92
15,93
15,49
16,54
16,29
16,45
17,39
17,58
17,60
17,43
17,18
18,65
18,64
19,24
19,74
19,45
20,86
20,50
20,93
21,86
21,39
22,65
22,55
23,70
23,38
23,34
23,55
24,43
25,72
25,89
26,83
27,51
27,58
27,54
27,92
27,76
28,35
28,95
28,31
29,38
29,34
30,54
30,91
30,55
31,42
31,43
31,60
31,93
31,62
33,70
33,86
33,48
35,59
36,49
36,85
37,65
37,88
37,58
38,94
38,54
38,58
39,47
39,77
40,66
40,94
41,42
41,66
42,60
43,53
44,64
44,76
44,78
45,64
45,75
45,46
46,60
47,79
47,61
48,62
48,59
49,55
49,59
49,53
50,64
50,71
50,74
50,65
50,81
52,88
52,84
53,71
53,61
53,74
54,77
54,73
54,90
55,63
55,76
55,87
56,71
57,84
58,85
59,76
59,96
61,89
62,77
63,95
64,87
64,69
65,76
65,95
65,75
69,93
69,89
69,96
70,92
70,91
70,96
72,95
72,92
72,76
73,94
73,96
74,77
75,79
79,82
82,92
84,92
84,95
86,90
88,89
94,96
