1,13
1,65
2,19
2,26
3,79
3,60
3,16
3,17
4,24
4,13
4,51
4,59
5,75
5,6
5,35
5,58
6,33
6,56
6,17
8,64
9,70
9,29
9,69
10,45
10,22
10,46
11,55
11,41
11,65
11,28
11,44
12,65
12,61
12,77
12,34
12,40
12,80
12,60
12,64
13,14
13,54
14,38
15,64
15,73
15,32
15,60
17,70
17,73
17,57
17,28
18,49
18,54
18,27
18,73
18,39
19,75
19,47
19,82
20,60
20,50
20,81
20,68
21,75
21,53
21,48
22,63
22,74
22,42
23,57
24,74
24,25
24,61
24,66
25,59
25,29
26,71
26,55
28,36
28,44
29,65
29,67
30,61
30,56
31,77
31,33
31,85
31,59
32,43
33,56
33,67
33,76
33,68
33,77
33,53
34,40
34,80
34,59
35,66
35,85
35,55
36,80
36,43
36,72
37,56
38,78
38,69
38,73
38,65
40,70
40,54
41,62
42,82
42,70
43,49
43,76
43,58
44,69
44,73
45,70
48,73
49,73
50,64
50,77
50,52
51,76
52,84
52,66
52,63
52,76
52,70
53,84
54,67
56,66
57,72
58,81
58,60
61,77
61,75
61,81
62,74
65,78
65,74
68,80
70,75
70,82
72,83
72,74
74,76
75,84
76,77
78,80
