0,46
0,67
0,24
0,17
0,16
0,53
0,33
1,3
1,86
2,39
4,83
4,5
4,68
4,24
5,33
5,15
5,31
6,51
6,32
6,54
6,63
6,69
7,38
7,29
7,87
8,79
9,47
9,58
9,36
9,32
10,18
10,37
10,67
10,21
11,73
13,20
13,30
13,54
13,78
13,48
13,32
14,63
14,66
14,40
15,16
15,82
15,72
15,47
15,52
15,80
15,43
15,62
15,44
15,58
16,55
16,20
16,75
16,54
16,48
16,17
18,66
18,42
18,60
18,59
19,61
19,66
19,87
19,77
19,54
19,85
19,43
20,84
21,66
21,67
21,36
21,23
21,86
21,62
22,74
23,35
24,57
24,60
24,42
25,32
26,64
26,40
26,31
26,28
27,43
27,65
28,42
29,83
29,57
29,56
30,73
30,57
31,83
31,53
31,78
32,46
33,52
34,70
34,68
35,59
35,44
35,82
35,75
36,46
37,56
37,39
37,67
38,51
38,73
38,66
38,80
38,86
39,55
41,82
41,61
41,42
42,66
42,54
43,46
43,53
43,63
44,46
45,48
46,48
47,70
47,80
47,49
48,52
48,87
48,81
48,85
48,74
49,84
49,71
51,58
51,86
51,83
57,75
57,79
57,83
58,81
60,64
60,71
60,67
61,70
63,72
64,74
67,72
67,85
69,82
71,85
72,74
76,84
84,87
