0,52
0,45
0,36
1,19
1,43
1,46
1,24
1,37
2,13
3,36
3,37
3,9
3,49
3,8
3,6
4,32
4,12
4,11
5,9
6,10
7,40
7,25
8,34
8,40
8,49
8,44
9,37
11,37
11,18
12,27
13,50
13,24
13,36
13,26
13,35
14,30
14,18
14,31
14,19
14,17
15,44
15,40
15,49
16,30
16,35
17,18
17,30
17,25
17,21
18,48
18,42
18,19
19,51
19,46
19,42
20,40
20,34
21,43
22,36
23,42
23,25
23,41
24,39
24,51
25,42
26,27
26,34
26,40
26,30
27,36
27,52
27,33
27,28
28,50
30,41
30,42
31,42
31,48
32,33
32,48
33,51
33,43
34,49
34,37
34,41
35,37
36,40
36,39
38,52
38,47
40,46
40,48
43,46
43,52
44,51
44,50
45,50
48,52
49,51
50,51
