0,59
0,12
1,68
2,80
2,60
2,71
2,74
2,48
3,9
3,31
3,40
4,84
4,71
4,42
4,15
5,32
5,38
5,21
5,45
5,79
6,42
6,70
6,55
7,41
7,34
8,42
8,65
9,50
10,21
10,87
11,75
11,65
11,52
11,40
11,72
12,42
12,85
13,83
14,57
14,38
15,62
15,72
15,65
15,36
17,61
17,49
18,51
20,54
20,30
20,75
20,28
20,74
20,52
20,88
21,61
21,56
21,79
22,82
24,67
24,55
25,68
25,46
25,45
26,77
26,44
26,28
27,79
27,30
27,60
27,36
27,55
27,35
27,74
28,46
28,32
28,55
28,74
30,65
31,78
31,71
32,66
32,81
33,38
33,88
33,52
34,63
34,65
34,38
35,45
36,80
36,73
37,40
37,53
38,78
38,79
38,55
38,49
38,83
38,50
39,59
40,79
41,85
41,60
42,80
43,83
44,67
45,77
50,57
51,71
53,56
53,84
53,71
53,61
54,68
54,64
55,82
55,61
58,80
62,85
63,80
65,86
67,71
67,69
68,85
68,77
69,84
72,84
75,87
75,81
