0,23
0,21
0,20
1,30
1,26
1,75
1,21
1,13
1,17
1,34
2,17
3,12
3,20
3,13
3,33
3,7
4,43
4,37
4,27
5,91
5,62
6,29
6,54
7,84
7,30
8,15
8,10
8,63
8,79
8,47
9,41
9,38
9,64
10,51
11,61
11,52
12,40
13,55
13,76
14,80
14,57
14,92
14,79
14,88
14,78
15,75
16,71
16,36
17,68
17,65
17,33
18,45
18,66
19,28
20,81
20,61
22,28
23,88
23,35
24,90
24,86
24,82
24,29
24,93
25,62
26,61
26,65
26,67
26,92
27,82
27,88
27,76
27,56
27,67
27,89
28,54
28,37
28,67
29,56
31,72
32,65
33,54
33,86
33,89
33,35
33,72
33,45
33,73
34,91
35,43
36,90
36,49
37,69
38,60
38,74
38,65
38,52
38,40
38,42
38,44
38,64
39,69
39,62
39,68
40,83
41,54
43,91
44,65
44,89
46,78
46,84
46,87
46,89
47,49
47,87
48,72
49,85
49,62
49,65
50,55
50,69
50,60
50,83
50,63
51,87
51,80
52,79
52,57
52,89
52,91
53,80
53,82
53,66
54,89
56,85
56,72
57,58
57,70
58,64
61,67
61,84
61,86
61,74
62,90
63,88
65,73
65,69
66,69
66,88
67,83
67,92
68,93
71,76
72,76
78,92
82,88
83,89
84,86
84,85
89,90
