0,12
0,2
0,21
0,5
2,43
2,32
2,59
3,13
3,28
3,19
3,42
3,6
4,14
4,25
4,9
5,35
5,45
5,20
5,9
6,49
6,36
7,59
7,42
7,45
8,36
8,42
8,56
8,34
8,35
9,61
9,10
9,56
10,35
10,14
10,11
10,28
10,29
10,39
10,44
10,34
11,14
11,37
12,18
12,50
12,42
13,17
13,22
13,42
14,15
15,26
16,45
16,51
16,55
17,57
17,54
17,23
17,48
18,61
18,34
19,22
19,27
20,39
21,52
21,54
21,43
22,61
22,57
22,55
23,46
23,24
23,31
23,37
25,58
25,45
26,32
26,61
27,55
28,41
28,40
28,58
29,50
30,39
32,56
33,53
33,42
34,47
36,55
36,48
36,60
36,51
37,48
39,44
43,48
43,60
46,59
47,49
50,54
51,60
53,59
56,57
