0,38
0,56
0,16
0,63
1,16
1,27
1,54
1,65
1,63
2,12
2,43
2,5
2,11
2,10
3,70
3,80
3,54
3,30
4,88
4,67
4,30
4,7
4,71
4,79
4,32
4,73
4,52
4,70
5,26
5,41
6,56
7,35
7,26
8,46
8,54
10,85
10,70
11,19
11,73
11,18
11,25
11,16
12,87
12,64
12,42
12,60
13,57
15,86
15,37
17,23
17,63
18,49
18,43
18,33
19,35
19,64
20,82
21,85
21,56
25,51
25,52
25,75
26,76
26,29
26,83
26,55
27,36
27,84
27,71
27,89
28,64
28,34
28,85
28,44
29,74
29,73
29,61
29,50
30,76
31,80
31,79
31,89
31,70
32,64
32,53
32,57
34,40
35,39
35,59
36,87
36,64
36,62
36,46
37,89
38,63
38,52
38,64
38,55
39,63
40,48
40,85
40,86
40,54
41,42
41,79
41,67
42,62
43,60
43,68
44,54
44,57
46,88
47,77
47,71
48,57
48,66
49,68
50,76
51,88
51,53
52,68
52,87
52,62
53,76
53,72
56,82
56,68
57,74
57,84
57,65
58,77
59,65
60,61
62,63
62,73
63,68
64,85
65,79
65,69
65,86
68,86
68,79
68,76
70,83
77,87
80,84
81,87
82,86
