0,49
0,18
0,42
0,34
0,12
0,9
1,28
1,31
2,36
2,34
2,3
2,53
2,56
3,57
4,9
4,43
4,33
4,56
4,36
4,16
5,33
5,47
6,53
6,41
7,43
7,30
7,59
7,8
8,9
8,57
8,35
9,46
9,57
10,35
10,39
10,33
11,47
11,22
11,44
11,32
12,59
12,30
12,41
12,57
14,41
14,40
14,24
15,29
15,49
15,33
15,40
16,51
16,29
16,27
18,25
18,46
18,24
18,47
19,44
19,29
19,32
19,43
19,59
19,34
20,27
20,23
21,22
21,51
21,29
21,24
22,39
22,46
22,47
24,54
24,33
24,51
24,27
26,54
26,35
26,40
27,39
28,47
28,41
29,37
29,59
30,40
30,49
30,39
30,34
32,35
32,43
33,43
33,52
34,55
35,36
36,53
36,56
38,45
38,46
39,44
39,43
40,42
44,57
44,48
46,52
47,55
47,54
48,54
48,51
50,53
53,57
55,58
55,59
57,58
