0,16
1,90
1,63
2,58
2,19
2,53
2,16
3,73
4,29
4,63
5,62
5,94
5,66
6,24
7,92
8,54
8,28
10,60
10,28
11,39
11,72
11,93
11,32
12,44
12,29
12,33
13,74
13,91
13,27
13,60
14,46
14,81
14,29
15,18
15,25
16,61
16,84
16,33
17,49
17,25
18,86
18,57
18,21
18,33
19,58
19,65
19,55
19,69
20,69
20,83
20,56
21,59
22,50
22,66
22,24
22,85
22,42
23,83
23,67
23,66
23,58
24,57
24,58
24,49
25,60
25,52
25,82
25,32
26,38
26,55
27,71
27,66
27,72
27,67
28,69
28,79
30,63
30,69
30,94
30,81
32,37
33,58
33,74
34,52
34,49
34,46
34,87
35,70
35,76
35,57
36,38
36,72
36,60
36,45
39,54
39,56
40,89
41,75
42,75
42,84
42,58
42,54
43,92
43,91
43,72
44,50
45,68
45,69
46,85
47,61
48,74
48,60
49,66
49,86
51,91
52,73
52,90
52,82
55,73
56,59
58,77
59,83
59,93
59,73
60,64
60,85
60,89
60,87
61,66
62,92
62,63
62,64
62,87
65,68
65,89
66,87
68,75
69,81
70,92
71,77
71,75
74,83
75,94
75,84
75,86
77,81
78,88
79,83
80,86
82,83
82,94
87,93
