0,39
0,35
0,29
0,37
0,8
0,21
1,53
1,31
1,33
2,42
2,49
2,40
3,6
3,5
3,51
4,41
4,11
4,14
4,5
4,15
4,53
5,50
5,49
5,30
6,42
6,18
6,34
6,26
8,42
8,48
8,49
8,45
9,26
9,30
9,18
9,32
10,38
10,46
10,17
11,49
11,31
11,34
12,45
12,31
12,51
13,44
14,30
14,18
14,33
15,37
16,41
16,30
17,42
17,26
19,39
19,27
19,37
20,39
21,30
21,28
21,23
21,52
21,35
22,37
22,29
22,23
23,53
24,40
25,52
25,37
26,53
26,29
26,30
28,41
29,39
29,32
31,50
31,45
32,39
32,53
33,44
34,53
35,48
37,43
37,45
38,40
38,46
39,50
40,43
41,46
41,53
42,52
45,48
46,53
47,48
50,52
