1,49
1,70
1,72
2,70
2,24
3,38
3,66
4,46
5,40
6,49
7,72
7,68
7,43
7,34
8,54
9,64
9,12
10,17
10,30
10,25
10,11
11,48
11,62
11,22
12,37
13,23
14,66
15,48
15,16
16,41
17,47
18,66
18,49
18,50
19,49
19,54
20,27
20,60
21,47
21,49
23,52
23,51
23,40
24,43
24,57
25,57
25,67
25,37
26,37
26,47
27,40
27,70
28,40
28,34
28,44
29,33
30,60
30,47
30,34
31,44
32,45
33,63
34,40
34,39
35,71
36,50
37,50
38,49
38,70
38,68
40,71
41,59
42,68
43,47
44,45
46,52
46,57
46,60
47,59
47,49
47,61
48,65
49,67
51,64
52,58
55,67
55,68
55,69
56,59
57,59
62,67
