0,37
0,35
0,90
1,57
2,48
2,64
2,63
2,28
2,51
2,71
3,58
3,78
3,29
3,45
4,65
4,63
5,49
6,72
6,92
6,22
6,87
6,24
6,62
7,88
8,82
8,32
8,84
8,55
8,39
9,40
9,19
9,16
9,80
10,50
10,79
10,19
12,62
12,39
12,86
12,77
12,23
12,14
12,48
12,45
13,45
13,33
13,57
13,73
14,22
15,74
15,71
15,59
15,65
16,47
16,70
16,93
16,90
17,43
17,72
18,82
18,92
18,63
18,19
19,88
20,94
20,58
21,39
22,27
22,31
22,59
22,77
23,41
24,68
24,50
24,38
25,68
25,53
25,50
25,79
26,43
26,90
26,80
26,81
26,72
26,53
27,33
27,52
27,35
28,47
28,66
29,39
29,81
30,60
30,48
31,65
31,94
32,82
33,45
33,95
33,86
33,53
34,48
34,75
35,49
35,52
35,51
36,94
36,52
36,93
37,88
39,48
39,80
40,68
41,49
42,94
44,69
45,70
45,78
46,94
48,73
48,65
48,95
49,84
50,60
50,75
51,61
51,68
52,79
52,83
52,78
53,71
53,78
54,93
54,62
55,79
55,62
56,91
56,71
56,68
57,68
59,76
59,84
59,66
60,79
60,71
61,89
62,63
62,83
64,87
65,91
65,94
65,72
66,86
67,76
68,71
70,79
71,91
72,93
72,79
73,81
76,91
77,95
81,91
90,94
91,94
