0,8
0,39
0,56
0,54
0,9
1,7
2,47
2,56
2,18
2,6
2,42
2,22
3,27
3,40
4,20
5,29
5,60
6,61
6,56
6,14
7,34
7,58
7,41
7,19
8,57
9,17
9,47
10,40
10,58
10,36
10,29
10,51
11,29
11,22
11,61
11,56
11,51
12,19
13,25
13,43
14,32
14,48
14,46
14,45
14,47
14,16
15,40
15,22
15,27
15,45
15,39
15,34
15,46
16,43
17,23
17,32
17,51
17,29
17,19
17,50
20,42
20,62
20,22
21,49
21,22
22,59
23,37
24,34
24,58
24,27
25,59
25,56
26,44
26,27
26,47
26,41
28,48
28,56
28,43
29,44
29,39
30,59
30,61
31,54
32,33
32,47
32,39
33,36
33,40
33,35
34,59
35,51
35,42
36,37
37,58
37,39
38,61
39,50
41,45
41,60
42,53
43,44
43,59
44,53
45,47
47,59
47,49
50,55
51,56
53,57
