0,6
0,53
0,36
0,13
0,25
0,2
1,64
1,88
1,89
1,14
2,59
2,77
2,60
3,52
3,78
4,83
4,8
4,34
5,13
5,7
5,96
6,51
6,29
6,87
6,95
7,85
7,11
7,36
8,24
9,35
9,15
9,42
9,78
9,46
9,69
10,89
10,15
10,83
10,60
11,23
11,63
11,53
11,79
11,97
12,32
13,30
13,14
13,15
14,17
14,91
14,20
16,28
17,55
17,69
17,76
18,20
19,49
19,38
19,93
20,22
21,44
21,91
22,31
22,82
23,63
23,52
23,41
23,76
24,83
25,61
25,75
25,29
25,52
25,30
26,84
26,82
26,33
26,78
26,48
27,29
28,46
28,39
28,93
29,80
29,72
29,48
29,90
29,74
29,88
29,53
29,35
29,89
30,35
30,46
30,83
30,66
31,81
31,84
32,67
33,55
33,85
33,43
34,70
34,46
35,78
35,90
35,47
35,37
35,43
36,69
36,54
36,48
37,43
37,79
37,90
38,62
38,89
38,65
38,56
38,68
38,69
39,74
39,58
39,89
39,49
39,91
41,50
41,54
41,46
42,86
42,93
43,96
43,54
43,83
44,61
45,64
45,96
46,76
46,80
47,76
49,91
50,84
50,76
51,59
53,82
54,70
54,58
54,77
54,62
55,82
57,60
57,74
60,71
60,69
60,97
64,69
65,68
65,97
65,90
68,93
68,79
71,88
72,73
72,78
73,91
73,90
73,92
74,95
81,94
81,91
83,85
85,87
87,89
88,94
