0,4
1,36
1,41
2,29
2,50
2,8
3,42
3,11
3,13
3,51
4,22
4,57
4,18
4,27
5,45
5,49
5,38
6,11
6,35
7,43
7,59
8,60
8,46
9,16
9,17
9,43
9,27
10,31
10,28
10,58
11,47
11,14
11,53
12,20
12,32
12,37
13,45
13,51
13,49
14,53
14,39
14,33
14,35
16,25
17,53
17,31
18,21
18,22
19,50
19,44
20,36
21,26
22,41
22,49
23,35
25,50
25,30
25,56
26,48
26,59
26,58
27,53
27,58
28,53
28,59
28,37
29,53
30,39
31,47
31,54
31,51
32,35
32,55
32,36
33,56
33,47
33,36
34,57
34,48
35,50
35,42
38,57
39,57
39,47
40,57
41,43
41,52
43,44
44,45
45,46
47,51
50,54
50,52
56,60
57,58
