0,57
1,73
2,47
2,32
3,58
3,33
3,16
5,30
5,43
5,6
6,52
6,18
7,46
7,67
7,62
8,29
8,65
8,61
9,59
9,60
9,49
10,55
12,18
13,39
13,28
13,21
13,44
13,71
14,18
14,70
14,57
15,60
15,56
16,27
16,18
17,18
18,20
18,47
18,21
20,71
21,61
21,23
22,45
22,44
22,35
22,42
23,37
24,33
24,74
25,55
26,32
26,52
26,65
26,62
27,64
27,71
29,58
30,54
30,71
31,49
31,38
31,46
32,55
35,57
35,46
36,63
36,59
37,38
37,73
38,47
38,65
38,42
40,46
40,70
41,65
42,61
43,49
43,64
43,48
44,70
46,55
47,59
50,53
50,70
51,70
55,70
55,58
58,72
58,69
60,67
62,64
63,66
65,68
67,70
