0,41
0,4
0,28
1,54
2,51
2,9
3,31
3,36
3,44
3,24
4,52
4,54
4,46
4,50
4,36
5,12
5,25
5,8
5,18
6,28
6,22
6,37
6,51
6,55
6,34
7,22
7,27
8,36
8,29
8,21
8,31
9,39
9,41
9,46
9,15
9,13
10,47
10,48
10,27
10,13
11,41
11,12
12,40
12,46
12,50
12,13
13,36
14,38
15,42
15,22
15,25
15,45
16,19
16,23
17,27
17,36
17,47
18,24
19,35
19,37
20,40
20,47
21,33
22,28
23,26
23,45
23,40
24,46
24,30
24,27
24,43
24,31
24,26
25,51
25,27
25,54
25,32
25,30
26,50
26,43
26,30
27,46
27,51
27,29
28,33
29,46
29,51
30,55
31,32
32,53
33,39
34,51
34,44
35,52
37,45
37,46
39,44
39,48
41,55
44,52
45,47
45,48
47,53
