0,51
0,42
0,38
0,43
1,47
1,6
1,51
1,38
1,45
2,6
3,24
4,41
4,18
4,17
4,8
5,50
6,50
6,19
6,28
6,8
7,36
7,13
7,45
7,19
8,17
8,11
8,47
8,51
8,10
8,48
8,27
9,46
9,17
9,14
9,36
10,41
10,24
10,45
12,45
12,33
13,25
14,22
14,47
14,32
15,45
16,38
17,19
17,48
17,39
18,48
18,29
18,44
18,35
19,28
19,50
20,25
20,41
20,26
20,22
20,39
21,50
21,39
21,29
22,24
22,23
23,33
23,36
23,39
24,35
25,40
25,46
26,29
27,36
27,47
28,50
28,44
28,33
29,50
30,36
30,35
31,48
33,45
35,45
35,36
36,50
36,38
37,42
37,46
38,43
39,45
39,49
44,48
