0,68
0,7
0,65
1,15
1,61
2,33
2,65
2,31
2,32
2,55
3,10
3,24
3,30
3,73
4,49
5,57
5,66
5,85
5,39
7,65
7,32
7,85
7,53
7,84
8,10
8,62
9,31
10,92
10,30
10,90
11,90
11,63
12,72
12,15
13,78
15,45
15,40
15,39
15,23
16,74
16,49
17,20
17,69
17,22
17,53
18,46
20,59
20,42
21,84
22,65
22,63
22,80
23,81
25,62
25,51
26,57
26,55
28,37
28,84
29,72
31,36
31,67
32,33
33,55
33,38
34,40
35,64
35,86
35,38
35,83
36,55
36,56
36,61
38,80
39,78
40,53
40,81
40,76
40,58
41,53
42,52
44,75
45,79
46,50
47,62
48,58
49,81
49,76
49,67
49,75
49,91
50,92
51,55
51,88
51,91
52,61
52,54
53,65
53,66
55,86
57,71
60,76
60,91
61,79
61,69
63,84
64,77
64,65
64,84
65,68
65,86
65,72
66,73
66,89
68,77
69,77
69,79
70,90
70,84
72,80
73,82
74,81
76,91
78,89
78,79
81,83
