0,16
0,5
0,45
1,11
1,33
1,70
1,64
1,19
2,72
2,19
2,58
3,36
3,70
3,31
4,57
4,49
5,31
6,19
6,40
7,30
7,28
7,55
8,43
9,19
9,37
9,34
10,56
10,15
11,13
12,38
12,66
13,27
13,16
14,49
14,52
14,66
14,39
14,26
16,56
16,37
16,42
17,53
19,65
19,27
19,30
20,51
20,36
21,46
21,35
21,59
22,54
23,29
23,30
24,46
25,36
25,31
26,53
27,53
28,38
29,56
29,50
30,54
31,59
32,66
32,72
33,65
33,47
34,58
34,38
34,49
35,65
36,65
37,47
37,68
39,69
39,72
40,51
41,50
43,65
44,56
44,50
45,55
45,49
47,61
47,59
48,72
49,72
52,67
52,68
54,73
56,59
57,63
63,69
67,70
70,73
