0,39
0,8
0,19
1,33
1,51
1,18
2,41
2,37
2,7
2,22
3,33
3,19
4,47
4,28
4,24
5,35
5,42
5,23
5,55
5,53
5,48
5,54
5,28
6,21
6,32
6,24
7,40
8,12
8,19
8,31
9,33
9,52
9,28
9,56
9,39
9,31
10,35
10,12
10,46
11,35
12,57
12,14
13,53
13,24
14,40
15,32
16,36
16,57
17,38
17,57
18,55
18,35
18,31
19,25
19,54
19,55
19,45
19,51
20,33
21,44
21,50
21,25
21,28
21,39
22,42
22,53
23,38
23,28
24,49
25,43
25,49
25,39
26,38
26,50
27,33
27,34
27,42
30,44
30,49
33,41
33,53
35,36
36,42
36,45
38,40
39,40
39,55
41,49
41,56
41,51
41,53
42,44
44,48
48,53
48,50
48,51
