0,30
0,55
0,8
0,19
1,92
1,19
1,38
1,16
2,55
2,94
2,63
3,19
3,78
3,37
3,94
3,44
3,60
3,31
4,63
4,56
4,33
5,40
6,22
6,15
7,91
7,58
7,76
7,28
8,35
8,10
9,28
9,43
9,76
9,53
9,77
11,67
11,53
11,36
12,25
12,57
12,22
14,75
14,47
14,83
15,24
15,55
17,56
17,83
18,52
18,89
18,87
18,25
19,45
19,78
20,24
20,51
22,56
22,39
22,63
23,84
23,39
23,30
24,51
24,70
25,67
26,57
27,55
27,72
28,58
31,48
31,89
32,35
33,44
33,46
33,65
33,64
34,94
34,47
36,55
36,93
36,47
36,74
40,71
40,46
40,94
41,77
41,72
41,44
41,89
42,94
43,54
43,69
44,64
45,48
45,62
47,91
48,85
49,91
50,86
51,59
51,61
51,89
52,61
52,53
53,67
53,84
54,56
56,66
56,82
57,58
57,89
59,69
59,86
60,87
60,67
60,69
60,79
60,66
61,65
61,94
63,74
63,72
64,90
64,71
64,78
67,84
68,79
72,91
73,81
77,85
78,85
84,90
85,87
88,90
