0,44
0,27
0,19
2,25
2,35
2,17
3,46
3,43
3,40
3,56
4,33
4,42
4,24
4,37
4,41
5,43
5,54
5,52
6,20
6,52
7,25
7,24
7,52
7,38
8,20
9,12
9,42
9,18
9,23
9,45
9,46
10,54
10,52
10,16
11,32
11,29
11,19
12,46
12,48
12,57
12,38
13,15
13,17
13,42
15,49
15,38
15,18
15,41
15,35
15,32
16,28
16,53
16,26
17,48
17,56
18,52
18,44
18,33
19,28
19,38
19,25
19,49
20,26
20,38
20,36
20,25
21,26
21,54
22,32
22,24
23,32
24,45
25,29
26,57
26,54
27,49
27,32
27,45
29,32
29,39
29,44
31,37
32,35
32,37
32,42
32,43
32,46
33,42
33,36
34,56
35,50
35,57
36,37
36,43
37,41
38,45
39,45
39,41
40,46
41,55
41,46
42,47
43,50
43,57
43,52
45,47
45,56
54,56
