0,37
0,33
0,69
0,49
1,22
1,45
2,58
2,43
3,28
3,25
3,26
3,45
4,9
6,33
6,44
7,23
7,34
8,33
8,32
8,40
10,65
10,29
11,13
11,49
12,82
12,40
12,48
13,46
13,20
14,56
14,48
15,24
16,36
17,69
17,31
18,24
18,67
18,20
19,53
20,64
20,32
21,54
21,81
22,61
22,36
23,53
24,78
24,48
24,70
25,74
25,71
25,44
29,32
30,71
30,39
30,78
30,58
31,76
33,69
33,49
34,54
35,68
36,43
37,67
37,51
38,74
39,70
42,82
42,62
43,58
44,62
45,75
45,63
47,79
48,52
48,77
49,78
50,57
50,56
51,54
51,58
53,65
54,69
56,57
56,70
64,69
64,66
64,73
65,70
67,82
68,74
72,74
