0,54
0,79
0,87
0,40
0,39
1,9
1,86
1,19
2,56
2,13
3,34
3,49
4,87
4,36
4,29
4,95
5,10
5,40
5,21
5,66
5,17
6,76
6,62
6,35
7,66
7,69
7,24
7,94
8,23
8,90
8,41
10,35
10,55
11,23
11,74
12,14
13,29
13,15
14,39
14,21
14,73
14,88
15,52
16,19
16,34
16,62
17,57
17,59
18,82
18,71
20,70
20,78
20,92
20,38
21,48
22,91
23,34
23,33
25,69
26,73
27,82
27,31
27,55
27,70
28,90
30,85
31,33
31,62
32,69
33,87
34,78
39,44
39,75
40,80
40,57
42,85
42,86
43,59
44,60
44,55
45,49
48,56
49,50
50,80
50,71
51,59
53,86
53,63
53,69
55,91
55,93
55,85
56,76
67,78
68,74
74,90
79,85
82,83
82,85
83,86
86,93
