0,22
0,58
0,24
1,11
1,26
1,20
1,60
2,22
2,66
3,41
3,38
3,9
3,4
3,63
4,9
4,50
4,60
4,14
4,28
5,22
6,24
6,42
6,38
6,17
6,32
6,21
6,26
6,64
6,65
7,19
7,52
7,22
7,23
7,57
7,8
8,43
9,40
9,45
9,11
10,49
10,35
10,54
10,15
10,39
11,26
11,57
11,41
11,16
11,47
11,22
11,66
13,15
13,17
13,65
14,24
14,21
14,65
15,17
15,34
15,54
15,46
16,47
16,30
16,22
16,58
16,46
17,52
18,63
18,20
18,47
19,62
19,25
20,53
20,42
21,42
21,62
23,30
24,58
24,53
24,32
24,40
25,39
25,38
25,61
25,36
26,64
26,51
27,47
27,48
28,32
28,46
28,63
29,41
29,54
30,32
30,39
30,57
30,56
30,51
31,51
32,62
33,63
33,42
34,51
36,60
37,58
37,61
38,47
38,54
39,60
39,46
40,45
41,46
42,43
44,45
45,63
45,48
46,52
46,48
46,53
47,64
48,65
52,54
53,66
54,58
55,61
56,66
57,59
57,58
61,63
64,65
