0,76
1,46
1,47
1,11
1,61
2,55
2,62
2,76
3,67
3,14
4,42
4,16
4,39
6,29
8,17
9,40
9,21
9,12
10,23
11,15
12,59
13,88
13,80
14,50
14,93
14,45
15,82
15,77
15,69
16,52
16,42
16,94
17,29
17,68
17,42
17,43
19,64
19,94
19,28
19,55
20,56
20,34
20,41
20,60
21,38
22,80
22,39
22,63
22,52
22,66
23,35
23,27
24,70
26,50
27,34
28,45
28,93
28,68
29,62
29,71
29,94
30,96
30,74
31,72
31,44
31,68
31,69
31,66
31,80
32,61
33,67
33,35
34,77
35,41
35,46
35,75
37,90
37,75
38,65
39,83
40,70
40,92
40,52
41,71
41,66
42,50
42,84
42,81
43,63
43,52
44,68
45,61
47,71
47,82
47,69
47,51
48,53
48,83
48,54
48,85
49,90
49,92
50,57
55,77
57,62
57,86
58,65
58,86
58,91
59,68
61,69
63,88
63,71
64,92
65,82
65,89
65,73
67,91
68,72
69,83
70,72
70,74
70,83
70,87
70,89
70,98
71,93
73,76
74,76
82,88
83,98
86,88
86,95
87,98
