0,11
0,57
0,19
0,64
0,75
1,6
1,91
1,2
1,54
1,19
1,24
2,13
2,68
3,5
3,21
3,94
3,16
3,76
3,48
4,18
5,45
5,19
5,46
5,40
5,22
6,59
6,19
6,11
6,67
6,55
7,82
7,89
8,75
8,65
8,31
8,66
9,78
9,28
9,38
9,30
9,76
10,23
10,92
10,22
11,21
11,32
11,67
12,33
13,53
13,18
13,66
13,62
14,44
14,84
16,27
16,88
17,25
17,38
18,81
18,60
18,29
19,22
19,21
19,32
19,53
20,94
20,77
21,64
21,61
21,87
22,48
22,54
23,70
24,75
24,50
25,43
25,74
26,56
27,41
28,45
28,34
28,48
28,53
28,89
30,58
31,73
31,44
31,53
32,64
32,91
34,66
34,93
34,88
34,63
34,95
34,43
34,68
34,83
36,50
36,61
38,73
38,48
39,40
41,42
41,95
41,71
42,76
42,95
42,54
43,52
46,58
46,88
47,80
47,82
47,64
48,73
48,54
50,85
50,81
51,81
53,95
55,71
55,91
56,74
56,63
57,73
57,91
58,89
60,81
60,89
61,72
62,92
63,79
63,78
65,73
68,76
68,82
68,87
68,75
70,85
74,90
77,78
81,92
81,88
83,94
85,93
86,94
86,93
88,94
91,95
