0,55
0,95
0,35
0,9
0,22
1,94
1,86
1,91
1,58
1,8
2,56
2,84
2,67
2,36
3,37
3,39
4,45
5,16
5,8
6,67
6,75
6,18
6,24
7,77
7,92
7,82
7,90
8,59
8,89
8,48
8,73
9,78
9,49
9,54
9,80
10,30
11,73
11,83
12,85
12,22
12,88
12,17
13,56
13,70
13,89
13,48
14,84
15,87
15,90
16,77
17,73
17,29
17,55
18,92
18,71
19,67
21,35
22,29
22,80
22,39
23,75
23,32
23,68
24,42
25,65
25,49
25,82
25,41
26,79
27,50
27,49
27,31
28,70
29,43
29,81
30,67
31,70
31,76
31,85
32,61
32,42
32,55
33,91
33,56
33,87
33,60
34,82
35,45
35,50
35,54
35,41
36,89
36,78
37,82
37,65
38,54
38,60
38,88
38,39
39,41
39,70
40,43
40,85
42,59
42,55
43,58
43,82
44,94
44,71
44,92
46,80
46,65
46,83
47,66
48,74
48,61
48,66
49,56
49,64
50,51
50,72
50,91
51,93
51,68
51,84
52,82
52,58
53,88
55,69
56,88
56,59
57,71
57,80
57,69
57,85
58,80
58,68
58,78
59,69
59,64
60,74
60,65
60,80
61,72
61,88
63,89
64,71
65,67
65,73
66,88
67,82
67,85
68,69
69,72
69,73
69,95
70,94
73,78
75,91
75,92
78,90
79,91
87,92
87,91
