0,33
0,24
0,6
0,8
0,54
0,48
0,42
0,44
0,23
1,25
1,6
1,47
1,11
3,16
3,55
3,4
4,51
4,24
4,38
4,16
5,10
5,53
5,36
6,36
6,42
7,21
7,54
7,45
7,11
8,28
9,55
9,43
9,17
9,14
9,36
9,25
10,17
11,41
13,44
13,31
14,38
14,15
14,23
14,39
14,54
14,44
16,20
16,25
16,44
16,45
16,37
18,38
18,51
18,26
19,22
20,22
20,43
21,44
21,25
21,27
23,33
23,48
23,55
24,53
24,50
25,37
25,38
25,41
25,29
25,26
26,51
27,36
27,35
28,36
29,43
30,39
31,54
32,39
32,42
32,48
32,33
33,50
33,42
34,36
34,45
35,43
35,56
36,54
36,53
36,46
39,46
39,50
41,55
41,43
41,47
42,55
43,44
43,50
45,48
45,52
45,51
49,56
50,53
51,52
51,53
