0,33
0,40
0,34
0,48
1,47
1,25
1,18
1,22
1,35
1,24
1,20
1,21
2,13
2,43
3,16
3,31
3,27
4,34
4,51
4,38
4,20
4,35
5,25
5,47
5,9
5,54
5,51
5,35
6,37
6,43
6,45
6,26
6,50
6,9
7,40
7,20
8,45
8,12
9,16
10,21
10,50
10,53
10,45
11,53
11,13
11,28
11,27
12,51
12,33
13,47
14,30
15,20
15,30
15,51
16,20
16,24
17,18
18,23
18,40
18,45
18,49
20,41
20,25
20,49
21,31
21,34
21,52
24,48
25,49
25,33
25,51
25,29
25,42
26,54
26,49
26,38
26,42
27,41
27,31
28,29
28,48
28,51
30,54
30,36
31,33
32,54
34,52
34,51
35,39
37,38
39,47
40,50
43,52
43,47
44,56
45,47
47,49
48,49
49,53
53,55
55,56
