0,36
0,49
0,80
0,1
0,34
1,64
2,22
2,65
3,21
4,22
4,79
4,59
4,60
5,36
5,79
5,50
6,72
6,42
6,70
6,61
7,42
8,63
8,28
8,33
9,79
9,22
9,50
9,80
10,37
10,79
11,21
11,72
12,84
12,36
12,18
13,47
14,36
14,18
15,82
15,16
15,81
16,36
16,44
16,19
16,63
17,76
18,68
18,74
19,32
20,57
20,54
20,24
20,61
22,70
22,41
22,89
22,38
23,62
23,31
23,40
24,60
24,65
24,32
25,47
25,74
26,49
26,37
27,29
27,59
27,70
28,83
29,49
29,39
30,65
31,44
31,88
31,47
31,57
32,83
32,74
32,64
34,53
36,39
36,63
39,69
40,41
40,56
40,84
42,75
42,54
43,47
43,52
46,87
46,84
46,64
47,54
47,84
48,58
48,62
49,55
49,83
49,64
50,52
51,81
53,75
54,86
56,87
57,72
59,88
60,70
60,66
60,74
60,88
61,78
64,74
65,87
65,88
65,66
67,79
68,79
68,75
70,86
74,80
75,76
75,89
76,89
76,87
77,89
78,81
86,88
