0,59
0,39
0,17
0,13
0,57
1,14
1,24
2,17
2,49
2,48
2,33
2,32
2,9
4,53
4,15
5,27
5,6
5,13
5,12
6,55
6,12
7,20
8,31
8,58
8,48
8,23
8,34
8,49
8,59
8,25
9,56
10,32
10,28
12,43
12,54
13,53
13,47
14,19
14,57
14,18
14,41
15,46
16,50
16,33
17,24
17,41
17,45
17,60
18,52
18,24
18,34
19,54
19,44
19,53
20,46
20,48
21,38
22,33
22,61
23,45
24,34
25,47
25,42
26,56
26,27
26,35
26,49
26,52
26,40
27,56
27,50
27,30
28,38
28,49
29,43
29,36
30,46
30,36
30,37
31,51
31,39
32,52
33,42
33,57
35,47
35,52
35,54
35,57
36,53
37,55
38,52
40,44
41,48
41,50
41,45
42,44
44,54
45,62
46,57
47,54
49,54
52,60
52,58
53,62
