0,25
0,39
0,47
0,60
0,26
1,15
1,39
1,13
2,37
2,43
2,15
3,55
3,51
3,63
3,57
4,40
4,47
5,8
5,25
5,6
6,20
6,28
6,63
6,46
6,22
7,13
7,8
7,64
7,40
8,35
8,41
9,56
9,58
10,32
10,19
11,66
12,27
12,43
12,21
12,44
12,38
14,35
14,48
14,64
15,40
15,54
15,64
16,34
16,28
17,59
17,48
17,25
17,58
17,35
17,57
18,35
19,20
20,50
20,58
20,43
21,64
21,59
21,63
22,56
23,31
23,65
23,50
24,58
24,44
24,65
26,64
26,54
27,40
29,56
31,43
31,41
32,38
32,36
33,56
33,41
34,62
35,49
37,53
39,42
39,66
39,61
43,45
45,59
46,57
47,63
48,49
50,57
51,54
52,55
56,63
62,65
