0,60
0,12
0,29
0,34
0,75
0,20
1,36
1,56
1,79
2,73
2,11
2,91
2,58
2,38
2,68
2,20
2,32
3,72
3,70
3,83
4,51
4,92
5,21
5,18
5,90
6,39
6,20
6,74
7,56
7,28
7,55
8,64
8,21
8,12
9,12
9,87
9,91
9,74
10,86
10,59
11,45
11,61
12,45
12,78
13,45
13,28
13,19
14,59
14,73
14,76
15,69
15,87
15,83
15,60
16,60
17,82
18,43
19,69
19,91
19,33
20,79
20,31
20,56
21,51
21,69
21,81
22,81
23,71
23,29
24,88
24,54
24,42
24,26
25,73
25,76
25,65
27,36
27,76
27,39
27,33
28,62
28,83
28,42
28,87
29,45
29,31
30,67
30,71
30,63
30,82
31,69
31,53
32,85
32,70
32,72
32,35
33,34
34,38
34,63
34,71
35,55
35,54
36,86
36,55
37,87
37,78
37,72
37,84
37,74
37,67
38,44
38,89
39,53
39,71
39,55
39,90
40,71
40,43
41,66
41,89
42,62
42,91
42,75
42,44
42,71
42,72
42,68
43,59
43,89
44,50
44,63
44,83
45,76
45,89
46,90
46,52
46,86
47,78
48,49
48,66
50,68
50,77
51,77
51,53
51,88
52,57
53,54
53,90
53,85
54,60
55,59
55,60
56,86
56,63
56,82
57,73
59,79
60,73
60,86
62,86
63,68
63,75
64,79
65,81
66,69
66,67
66,90
66,87
67,80
67,85
68,91
69,75
69,77
69,80
72,85
75,76
76,91
76,90
77,83
80,91
82,91
