0,84
0,81
1,92
1,78
2,3
2,66
2,63
3,85
4,59
4,90
4,40
5,72
6,9
6,58
6,32
6,63
6,44
7,32
8,18
9,59
10,64
10,48
10,16
11,20
12,91
12,18
12,82
13,36
13,18
14,89
14,85
14,86
15,51
15,88
16,81
16,70
17,59
18,19
18,22
18,25
18,90
19,41
19,69
19,66
19,76
22,95
22,77
22,68
23,94
23,62
24,78
24,54
24,45
24,95
25,28
25,59
26,29
26,34
27,87
29,84
29,42
30,36
30,51
30,76
31,51
32,70
33,59
34,93
34,59
34,42
35,68
36,71
36,81
36,76
36,73
37,42
37,64
38,60
38,48
39,92
41,80
42,55
43,76
43,52
43,55
45,47
45,49
45,79
46,66
47,81
48,52
52,83
54,88
55,77
56,68
57,76
58,66
59,73
62,76
64,70
66,86
66,82
68,75
69,84
70,75
74,84
75,81
76,83
78,91
79,80
85,93
92,94
