0,4
0,11
0,44
1,30
1,45
1,96
1,93
2,59
2,91
2,9
2,60
2,17
2,30
2,44
3,40
3,25
3,32
4,78
4,20
4,28
4,19
4,69
4,25
4,32
5,55
5,73
5,32
6,96
6,83
7,24
8,50
8,92
8,71
8,45
8,23
9,41
9,30
9,81
10,53
10,72
10,30
10,29
10,34
11,65
11,62
11,78
11,13
11,70
12,13
12,18
12,76
12,43
13,69
13,68
13,67
13,31
13,57
14,43
14,92
14,33
14,64
14,76
15,25
15,59
15,33
16,18
16,93
16,31
16,73
16,44
17,88
17,62
18,23
18,64
18,79
18,84
18,50
19,75
19,28
20,43
21,92
21,90
21,61
22,45
22,35
22,82
23,53
23,62
23,73
23,30
25,58
25,30
26,41
26,46
26,82
26,55
26,90
27,34
27,73
27,35
27,89
28,41
28,93
28,84
29,71
29,66
29,74
30,75
30,35
31,49
31,52
31,75
32,94
32,78
33,66
34,39
34,79
34,92
35,66
35,81
35,68
36,65
36,41
37,47
37,48
37,64
37,58
38,67
38,94
39,62
40,59
40,72
40,51
40,89
41,56
41,59
41,71
41,77
41,81
42,50
42,67
42,43
42,54
43,64
43,59
43,89
44,93
44,58
44,47
44,96
45,90
45,96
45,86
45,49
45,75
46,84
46,49
47,79
47,72
48,87
48,51
49,60
49,67
49,61
50,84
50,61
50,95
51,53
51,60
51,81
52,61
54,89
56,73
60,72
60,86
61,92
61,77
63,68
65,94
68,74
68,96
68,79
69,71
70,84
70,79
71,86
76,79
80,85
85,91
85,87
86,93
93,95
