0,31
0,2
0,53
0,59
0,38
0,67
0,84
1,44
1,55
2,52
2,67
3,16
3,54
3,38
4,77
4,74
4,13
5,66
6,56
6,48
7,68
7,73
7,45
8,38
9,22
9,20
9,83
9,54
9,50
10,65
11,87
11,45
11,81
11,46
11,33
12,49
12,43
13,84
14,31
14,17
15,74
15,24
15,50
17,72
17,22
18,46
18,65
19,55
19,79
20,67
20,53
21,67
22,87
22,65
23,79
24,37
24,53
26,40
26,67
26,82
26,70
27,57
28,31
29,48
29,79
30,82
31,74
32,71
32,43
32,68
33,62
33,64
33,40
33,50
36,87
37,63
37,67
37,55
37,79
38,49
38,83
38,82
42,67
42,44
42,60
42,55
43,55
43,56
43,72
45,85
46,64
48,49
48,74
48,75
49,59
49,77
50,60
52,83
53,66
53,73
54,72
55,75
56,66
56,70
57,67
58,79
60,68
60,65
61,86
63,78
64,71
65,66
66,69
67,71
70,75
71,78
74,79
77,82
77,78
79,80
79,82
79,83
