0,34
1,34
1,72
1,40
2,24
3,72
3,82
3,71
4,79
4,69
5,81
5,37
5,42
5,47
6,78
7,78
7,14
8,81
8,32
9,62
9,53
9,37
10,71
12,64
13,65
13,39
15,49
15,27
15,34
15,74
16,19
16,66
16,40
17,65
17,32
17,55
18,65
19,83
19,50
20,58
21,79
22,54
22,49
25,26
25,61
25,76
25,42
26,28
28,43
28,59
29,69
30,44
30,56
32,48
32,34
33,50
33,43
34,36
35,46
36,43
36,42
36,44
36,77
38,67
38,61
39,62
39,65
40,62
40,53
41,52
42,57
42,82
43,72
43,67
43,63
43,50
44,69
45,77
46,70
48,82
50,55
52,76
52,68
53,83
54,72
57,73
58,74
58,68
59,83
65,81
71,83
75,78
76,78
