0,69
0,23
0,54
1,34
1,12
1,48
2,83
2,74
4,7
5,16
5,94
5,26
5,35
5,56
6,58
6,17
6,33
7,45
7,68
8,64
8,74
8,83
9,73
9,67
9,71
9,56
9,16
10,65
11,82
11,74
11,86
11,13
12,77
12,47
12,27
13,50
13,26
13,61
13,39
14,50
14,65
14,52
15,60
15,95
17,38
17,44
17,82
18,89
19,44
19,51
20,85
20,61
20,45
20,73
20,69
20,68
20,78
20,64
21,34
21,52
21,25
21,89
22,48
22,90
23,73
23,35
24,38
24,94
24,44
24,55
24,47
24,41
25,33
25,42
25,72
25,90
25,76
25,41
26,65
26,40
26,87
26,39
27,54
27,52
27,80
27,88
27,61
28,61
28,66
28,70
29,61
29,89
29,42
29,75
29,60
29,70
30,70
30,41
32,51
32,93
33,77
34,86
34,59
35,38
35,63
35,54
35,75
36,63
36,91
37,67
37,80
38,77
38,40
39,80
39,62
40,89
41,43
41,72
42,89
42,46
42,79
44,91
44,58
44,77
44,50
45,88
45,75
45,63
45,53
46,66
46,52
46,91
47,91
47,62
47,67
48,82
48,88
48,51
48,75
49,95
50,84
50,63
50,93
51,69
52,94
52,56
53,89
55,70
55,84
56,75
58,77
58,83
58,71
58,64
58,72
59,91
59,60
60,79
61,75
61,80
61,64
62,75
62,67
63,90
64,95
64,74
64,84
67,75
68,71
70,80
71,95
71,92
71,90
73,95
75,88
77,82
78,80
81,85
84,91
