0,49
0,57
0,4
0,71
1,27
1,77
1,15
1,63
1,35
1,67
1,18
2,53
2,23
2,22
2,45
2,69
3,71
3,34
3,41
3,67
3,76
4,76
4,54
5,30
5,71
5,63
6,75
6,63
7,62
7,64
7,54
7,35
7,19
8,51
8,34
8,57
8,65
8,22
8,80
9,52
9,80
10,58
10,30
10,76
10,11
11,41
11,34
11,51
11,68
12,49
12,58
12,79
12,69
13,22
13,30
13,32
13,39
14,64
14,51
14,27
14,48
15,75
15,39
16,28
16,73
16,22
16,52
16,17
16,18
17,78
17,52
18,30
19,34
19,68
19,49
20,31
20,64
20,47
22,28
22,48
23,77
23,42
23,50
23,33
24,47
24,68
24,36
24,38
24,80
25,41
25,30
26,49
26,38
26,40
27,47
27,70
28,79
28,54
29,41
30,73
30,34
31,65
31,60
32,69
32,46
32,62
33,54
33,74
33,53
34,35
34,47
35,56
35,55
35,43
36,73
36,44
37,59
38,60
38,68
38,57
38,66
39,76
40,71
40,63
40,78
41,54
42,53
43,52
43,76
44,56
44,75
45,80
46,58
46,70
47,60
47,74
47,59
48,53
48,64
49,76
53,76
54,80
55,66
56,59
58,80
60,64
60,78
62,71
63,71
65,69
68,76
72,78
74,77
75,79
76,79
78,79
