0,6
0,7
0,33
0,69
0,85
1,4
1,72
2,81
2,88
3,20
3,62
3,80
4,14
4,91
4,7
5,54
5,68
6,85
6,69
7,89
8,21
8,66
8,43
8,64
9,36
9,40
10,56
10,94
10,62
11,66
11,70
11,71
12,70
12,22
12,94
13,33
13,43
13,84
14,22
14,71
14,20
16,48
17,61
17,58
18,73
18,84
18,86
19,69
20,92
20,37
20,69
20,74
20,70
21,47
21,31
22,49
22,29
23,73
24,35
24,60
25,71
26,87
27,81
27,64
27,76
28,81
29,74
29,41
29,79
30,70
30,88
30,48
31,79
31,66
32,75
34,90
34,51
35,84
35,78
37,50
38,69
39,61
39,84
40,55
42,84
44,49
44,91
44,74
45,46
45,55
45,83
46,70
46,67
48,80
48,81
48,92
49,64
49,82
50,84
54,56
54,84
56,75
56,58
58,69
61,71
62,82
65,73
67,85
68,93
68,71
69,88
72,91
77,84
77,83
80,83
80,94
81,94
84,93
87,94
