0,60
0,52
0,79
0,75
1,33
1,55
1,60
1,66
1,20
2,21
2,52
2,32
2,3
2,50
2,65
3,9
3,15
3,31
3,26
3,51
4,36
4,25
4,48
4,14
5,21
5,23
5,8
5,70
5,73
5,81
6,71
6,72
6,9
6,10
6,60
7,53
8,23
8,48
8,20
8,83
9,79
9,37
9,52
10,39
10,31
10,14
11,66
11,54
11,39
12,70
12,48
12,79
13,28
13,63
13,21
14,69
14,58
14,49
15,51
15,57
15,78
15,60
16,20
17,83
18,79
19,68
19,70
20,73
20,81
20,68
21,54
21,63
22,40
22,64
22,80
23,73
24,46
24,41
24,27
26,31
26,74
26,69
26,78
27,80
27,53
27,73
27,55
28,64
28,84
30,51
30,67
30,46
31,44
31,64
32,34
32,75
32,85
32,67
32,77
33,37
34,85
34,49
34,61
34,40
34,68
35,61
36,51
36,78
37,85
37,79
38,47
39,46
39,82
39,52
40,72
41,52
42,46
42,83
42,59
43,50
45,64
45,83
45,79
47,54
47,58
48,63
49,52
49,60
50,74
50,78
51,77
52,78
52,58
54,79
55,79
55,80
56,75
56,58
57,72
57,61
58,78
59,67
59,63
62,64
67,74
68,80
68,81
69,80
71,72
72,79
74,85
75,82
78,82
83,85
