0,46
0,52
0,2
0,24
0,10
0,1
1,46
1,17
1,16
1,35
1,34
1,42
2,39
2,8
2,37
2,30
2,29
3,8
3,18
3,17
3,37
3,52
3,33
4,32
4,20
4,48
4,29
5,29
5,47
5,21
5,33
5,37
6,30
6,13
6,35
7,49
7,32
9,32
9,12
9,39
9,10
9,38
9,17
10,50
10,37
10,23
11,16
12,14
12,32
12,49
12,21
13,16
13,39
13,30
13,25
13,47
14,28
14,26
15,49
16,18
16,28
16,40
16,52
16,51
17,50
17,42
20,43
20,29
20,50
21,23
21,38
21,46
21,32
22,40
22,47
22,38
22,25
24,31
25,50
26,52
26,31
26,33
27,46
27,44
27,31
27,43
28,44
29,47
32,42
32,45
32,44
32,40
33,36
33,47
34,49
35,45
35,48
38,41
44,45
