0,54
1,27
1,38
2,78
2,82
3,56
3,7
4,11
5,16
6,38
6,36
6,65
6,57
7,11
7,33
7,44
7,49
9,28
9,70
9,22
10,40
11,14
11,62
12,56
12,68
13,33
13,66
14,71
14,49
14,73
15,30
15,26
15,46
16,83
17,48
17,44
17,36
18,78
18,52
19,21
19,37
20,78
21,48
22,35
22,61
23,67
23,40
23,62
24,61
25,75
25,66
27,32
28,59
28,66
29,77
29,52
30,32
30,38
31,74
32,48
33,46
33,53
33,34
36,58
36,64
37,74
37,58
38,39
39,46
39,43
40,65
41,58
42,63
43,48
44,48
45,74
47,54
52,84
52,77
55,74
55,77
57,73
57,68
58,78
59,76
60,78
63,69
64,82
64,84
66,70
72,75
