0,33
1,68
1,23
1,31
2,85
2,60
2,32
2,48
2,19
2,64
3,57
3,15
3,67
3,62
4,56
5,26
6,42
7,47
7,32
8,40
8,28
8,64
8,29
9,63
9,29
9,85
10,63
10,39
11,24
11,14
11,46
11,23
12,44
12,21
12,46
12,38
15,38
15,19
15,20
16,23
16,57
16,87
17,62
17,30
17,68
17,49
17,18
18,81
18,32
19,33
20,65
20,50
21,28
22,32
22,82
23,27
23,30
23,87
24,75
24,41
24,79
24,72
24,67
25,42
25,71
26,58
26,63
28,40
28,61
29,42
29,61
30,50
30,81
31,55
32,44
33,82
33,51
34,37
34,39
34,84
35,41
36,73
36,60
36,64
40,59
41,81
41,69
42,85
42,76
46,60
47,56
49,81
49,80
49,64
51,59
52,87
53,82
56,81
58,66
62,65
65,86
69,74
69,77
70,76
76,84
77,84
78,82
81,85
