0,36
0,38
1,66
1,37
1,8
1,25
1,24
1,34
1,60
2,50
2,7
2,32
5,39
5,8
5,14
6,20
6,37
6,49
6,48
7,30
7,42
8,66
9,35
9,50
10,48
10,30
10,68
12,49
12,36
13,40
14,27
14,56
14,26
15,17
15,26
16,58
16,45
16,53
17,59
17,64
17,38
18,54
18,37
18,22
18,20
19,57
19,26
19,33
19,67
21,32
21,64
21,68
22,34
22,28
23,53
23,38
24,28
25,30
25,46
25,66
26,66
26,40
27,33
27,47
28,50
29,45
29,38
29,63
29,37
31,35
36,57
36,46
36,55
37,49
38,55
38,60
38,64
39,67
39,62
41,58
44,56
44,55
45,50
45,48
45,62
48,61
50,61
51,66
52,58
56,67
60,62
60,63
60,65
66,67
