0,9
0,39
0,6
1,48
1,95
1,92
1,28
2,6
2,34
2,64
2,38
2,43
2,77
3,48
3,61
4,84
4,9
5,92
5,79
5,25
5,60
5,32
6,36
7,8
7,16
7,53
7,89
7,33
8,46
8,94
8,89
9,95
10,95
10,33
10,70
11,97
11,44
12,29
12,39
13,78
13,79
14,15
14,62
14,41
14,67
15,43
15,71
15,34
15,56
16,38
17,41
17,89
18,40
18,89
18,77
19,76
19,25
19,88
19,36
20,28
21,82
21,46
21,67
22,95
23,30
23,86
23,98
23,72
23,68
25,31
25,71
25,86
25,67
25,96
26,67
26,66
26,33
26,74
26,42
27,63
27,50
28,83
28,76
28,31
28,56
29,65
30,47
30,84
30,43
30,62
30,53
30,79
30,98
31,60
32,56
33,49
33,68
34,39
35,86
35,38
35,66
35,91
36,43
36,69
36,77
37,84
38,83
40,59
40,80
41,64
41,93
42,79
45,53
46,56
46,75
46,51
47,84
47,71
48,57
49,90
50,87
50,97
51,55
52,68
52,86
52,96
53,55
56,97
57,67
58,96
58,98
58,65
60,62
62,95
63,90
64,91
68,88
69,71
70,90
70,82
75,80
76,95
80,85
84,91
84,96
85,90
90,93
91,93
