0,8
0,76
0,57
1,30
1,24
2,49
2,56
2,5
2,32
2,24
2,84
2,23
3,22
3,57
3,40
3,19
5,6
5,78
5,73
5,62
6,21
6,66
6,57
7,19
7,36
7,45
7,11
8,53
9,30
10,63
10,26
10,15
10,58
10,59
10,56
11,30
11,41
12,62
12,82
12,78
13,56
13,51
13,81
13,80
13,66
13,34
15,68
15,52
15,82
16,34
16,68
17,57
17,36
17,64
18,46
18,63
18,64
19,47
20,45
20,33
20,82
20,42
20,46
21,80
21,65
21,27
22,46
22,42
22,58
22,82
23,70
23,56
23,29
23,39
24,56
24,52
24,46
24,71
26,28
26,55
26,49
27,59
27,84
27,53
28,80
28,33
29,47
29,77
29,73
29,74
29,43
30,86
30,61
30,53
31,73
31,41
31,44
32,33
32,75
33,59
33,65
34,55
34,70
34,60
35,41
36,77
36,52
36,45
37,53
37,84
38,69
40,75
40,57
41,80
42,77
42,52
42,60
42,56
43,86
44,49
45,60
45,71
46,63
46,52
46,49
47,76
48,67
49,76
49,81
50,53
53,71
53,60
53,64
54,70
56,68
56,72
57,62
57,86
59,62
59,74
62,75
63,77
64,84
65,81
65,77
69,75
70,81
70,74
70,75
72,76
74,75
76,84
82,85
82,83
82,86
