0,5
1,41
1,16
1,30
2,59
2,5
3,14
4,68
5,59
5,24
5,8
6,30
7,69
8,13
8,11
9,15
9,23
9,41
9,57
10,22
10,47
10,65
10,70
10,12
10,35
10,28
10,32
11,61
11,46
11,60
12,35
12,22
13,42
13,19
13,46
14,35
14,65
15,27
15,54
16,38
17,64
17,50
17,59
17,48
17,68
18,51
19,52
19,27
19,39
20,68
20,55
20,36
21,60
21,53
21,63
22,60
24,35
24,65
24,67
24,48
25,65
25,30
25,64
26,51
26,67
26,52
27,36
27,55
27,38
27,67
28,44
29,57
30,67
30,63
31,65
31,53
32,49
33,67
35,44
36,68
36,39
37,66
37,43
38,64
38,58
39,70
40,43
42,64
44,55
45,49
47,62
48,52
48,67
49,51
51,54
52,69
62,65
62,63
