0,24
1,5
1,58
1,46
1,52
1,40
1,25
2,18
3,78
4,67
4,7
4,11
5,38
5,46
6,10
6,46
6,26
7,12
7,45
8,45
8,51
8,69
9,49
9,13
10,31
11,38
11,19
12,60
12,55
13,43
13,56
13,76
13,62
13,63
14,35
14,59
15,60
15,33
15,56
16,51
16,48
16,66
16,47
17,42
17,52
17,18
17,79
17,59
18,82
18,65
19,51
19,45
19,29
20,81
20,41
20,53
21,60
21,38
21,79
22,66
23,60
23,32
24,55
24,56
25,75
25,85
25,69
25,61
25,77
26,80
26,35
26,60
27,80
28,52
29,33
29,82
29,62
30,73
30,44
31,84
31,53
31,68
31,59
31,85
33,38
33,43
34,51
36,70
37,43
37,50
37,70
37,61
38,77
38,39
38,56
39,54
40,73
41,59
41,84
43,60
44,73
44,68
44,63
46,49
46,83
46,55
47,53
48,70
48,53
50,79
50,59
50,81
50,64
51,68
54,72
54,84
55,80
55,75
55,85
56,83
61,64
62,70
64,68
64,85
64,80
65,77
66,85
67,69
68,75
72,77
78,80
81,85
