0,51
0,35
0,17
1,53
1,41
1,25
2,41
2,13
2,22
3,30
3,28
3,19
4,30
4,33
4,8
5,10
5,43
6,33
6,35
6,27
6,46
6,14
6,41
7,22
7,31
7,18
8,61
8,26
8,24
9,25
9,41
9,17
10,36
11,19
12,27
12,55
12,16
13,16
14,48
14,52
14,33
15,39
16,61
16,40
17,58
17,55
17,36
17,46
18,58
20,49
20,51
21,46
22,48
23,37
24,30
24,63
24,39
24,54
26,37
27,52
27,49
27,47
28,42
28,29
28,48
29,42
29,62
30,58
31,55
32,41
32,56
35,47
35,57
36,51
36,54
36,50
37,56
37,47
38,60
38,40
38,63
38,44
38,47
39,56
40,51
40,48
40,62
40,44
40,61
41,51
42,51
44,57
45,62
47,58
48,53
48,60
50,56
51,56
52,60
54,55
56,60
