0,16
0,9
1,76
1,79
1,18
1,17
2,61
3,59
3,81
4,58
4,21
4,70
4,67
4,84
4,66
4,13
4,27
5,46
5,50
5,17
5,34
5,84
5,10
6,14
6,21
7,80
8,20
8,73
8,65
8,36
8,67
8,61
9,20
9,84
10,77
10,29
10,47
10,38
10,90
10,48
10,62
11,68
11,20
11,14
11,34
12,15
12,84
12,64
12,28
13,35
14,55
14,36
14,34
14,72
14,75
15,65
15,56
16,63
16,55
17,35
17,53
18,86
19,67
19,36
20,42
20,53
20,59
21,30
21,82
21,88
22,66
23,32
23,81
24,44
25,47
25,69
25,35
25,50
26,89
27,43
27,29
27,48
27,73
28,59
28,75
28,46
29,55
29,56
29,90
29,30
29,81
30,36
30,82
30,79
31,88
31,83
31,75
32,80
32,81
33,42
33,54
33,87
33,65
33,73
34,35
34,77
35,70
35,85
36,49
36,46
37,74
37,47
37,43
37,49
37,60
38,48
40,67
40,54
41,63
41,47
42,90
44,54
45,48
45,63
45,52
45,66
46,78
46,80
46,75
48,55
48,57
49,71
49,88
49,70
51,69
52,56
53,65
53,70
54,64
54,78
54,56
55,65
55,81
56,70
57,76
57,75
57,69
58,83
58,72
59,81
60,83
61,71
61,82
62,79
63,77
64,81
65,69
65,90
66,83
66,87
68,74
68,79
70,73
71,81
72,75
72,81
72,82
72,88
73,75
74,80
80,90
81,88
84,90
86,88
