0,35
0,53
0,23
0,7
0,67
0,60
1,3
1,10
1,76
2,19
2,29
2,58
2,39
3,6
3,32
3,38
3,76
3,55
4,29
4,25
4,24
4,19
4,71
4,47
5,41
5,36
5,31
5,10
6,31
7,60
7,63
7,48
8,22
8,52
8,73
9,51
9,32
9,37
9,46
10,42
11,71
11,56
12,26
12,24
12,33
14,54
14,23
14,29
15,35
15,40
15,44
15,39
15,56
16,61
16,76
17,59
17,37
18,77
18,59
18,76
20,35
21,50
21,28
21,40
21,77
22,61
22,25
22,63
24,75
24,76
24,53
26,39
26,58
26,41
26,56
27,59
27,74
27,49
28,70
28,54
28,35
29,53
30,41
30,77
31,32
31,58
31,74
31,70
31,73
32,55
32,64
32,61
32,69
34,35
34,36
36,76
36,48
36,56
36,70
38,77
39,40
39,41
40,49
42,71
42,74
43,46
44,72
46,75
46,62
46,57
46,61
47,60
48,57
49,51
51,55
51,62
52,54
54,60
55,76
55,60
55,68
56,74
57,70
58,63
60,66
64,71
65,73
66,70
67,75
69,73
71,74
