0,36
0,65
0,32
1,39
1,45
1,25
1,6
1,10
2,6
3,23
4,42
4,8
4,26
5,38
5,28
5,51
5,61
5,35
6,56
7,68
7,49
7,23
7,51
8,42
8,46
8,44
8,41
9,66
10,27
10,39
10,22
10,12
11,14
11,21
11,42
12,48
13,23
13,41
13,68
13,64
13,24
14,19
14,39
14,65
14,63
15,46
16,51
16,68
17,63
17,58
17,57
17,40
17,31
18,21
18,34
18,41
18,67
19,37
19,41
20,32
20,64
20,33
21,66
21,65
21,37
22,55
22,50
22,43
23,34
23,54
24,53
24,47
25,30
26,33
26,30
27,55
28,62
28,55
28,37
29,60
30,39
30,34
32,39
32,47
32,50
33,50
35,65
37,44
37,40
39,46
39,63
41,49
41,46
42,63
44,53
45,52
46,53
48,64
49,63
51,68
53,64
53,58
54,60
55,64
56,61
60,63
