0,55
0,8
0,41
0,53
0,12
0,11
0,32
2,6
2,4
3,45
3,30
3,21
3,18
4,26
4,15
4,59
5,43
5,11
5,64
5,47
6,63
6,29
6,58
6,34
6,48
6,22
7,44
7,58
8,65
8,32
8,19
8,30
9,30
9,50
9,66
10,22
10,56
10,58
10,33
10,14
11,13
11,32
12,41
12,29
13,40
13,37
13,17
13,61
15,51
15,65
15,30
15,16
15,66
15,61
15,27
16,29
16,46
16,41
17,33
17,40
18,62
19,45
20,21
21,44
21,28
21,43
21,53
21,59
22,63
22,36
22,62
22,42
22,48
22,40
23,25
23,53
24,53
24,47
24,25
25,37
25,38
25,61
26,48
26,65
26,59
26,41
26,49
26,36
27,66
27,34
27,30
28,58
28,65
29,32
29,57
29,35
30,61
30,35
30,54
31,38
31,55
31,46
32,40
33,34
33,46
33,37
34,50
35,58
36,45
36,55
39,64
39,43
40,65
41,45
42,58
44,50
44,60
45,53
45,50
46,62
48,66
49,55
49,60
51,58
53,55
54,56
56,58
57,63
57,66
58,63
