0,8
0,68
1,63
1,34
1,39
1,40
2,26
3,82
4,69
4,33
4,19
4,17
4,57
5,15
5,6
5,80
5,92
5,28
5,54
6,50
6,43
7,75
7,38
7,14
8,92
8,11
8,87
9,91
10,69
10,43
11,30
11,28
11,90
11,91
11,25
12,71
12,30
12,65
13,40
13,53
13,82
13,78
14,57
14,55
14,21
15,98
15,95
15,85
15,34
15,77
16,83
16,95
17,45
18,24
18,62
19,89
20,25
20,68
20,40
21,39
21,26
21,61
22,51
23,69
23,68
24,38
24,62
24,64
25,42
26,89
26,33
26,68
26,85
26,30
26,54
27,58
27,86
27,69
28,86
28,51
28,29
29,40
29,32
29,67
30,78
30,61
31,83
31,36
32,55
32,38
33,58
33,89
33,94
33,52
33,49
34,75
35,94
37,84
38,77
38,80
39,60
40,79
41,51
41,71
42,90
42,49
42,95
42,82
42,51
44,92
44,93
45,89
45,97
46,60
46,57
46,76
48,73
49,52
49,54
49,60
50,97
50,81
51,69
51,84
52,86
54,71
54,62
55,86
55,68
55,81
55,78
56,83
56,58
58,68
58,94
59,87
59,73
60,88
61,87
62,78
62,69
63,93
63,91
63,92
63,71
64,94
65,70
65,90
66,67
67,71
70,90
75,92
76,97
76,95
77,78
78,98
81,88
81,83
82,89
84,95
88,95
91,94
