0,61
1,28
2,61
2,50
2,37
3,57
3,19
3,39
4,40
4,58
4,14
4,41
4,15
5,26
5,41
5,21
5,18
5,8
6,60
6,9
6,41
7,34
7,24
7,41
8,44
8,52
9,22
9,20
9,42
10,31
10,29
10,34
11,71
11,20
11,46
12,34
13,33
13,28
13,21
13,29
13,64
13,45
14,67
14,15
14,52
15,69
15,63
15,31
16,57
16,25
16,51
17,65
17,36
17,60
17,63
17,35
18,19
19,22
20,34
20,47
20,36
20,59
21,40
22,31
22,47
22,39
23,24
24,31
24,49
24,28
26,30
26,58
26,48
27,45
28,45
29,46
30,67
30,64
30,51
31,52
31,51
31,50
33,50
33,46
34,67
34,61
34,56
34,39
35,67
36,67
36,44
36,60
37,39
38,50
38,41
39,64
39,59
39,58
39,68
41,50
42,54
43,64
44,61
47,62
47,65
47,48
47,71
48,57
49,52
50,67
50,65
53,54
60,63
60,65
61,70
