1,84
1,45
1,31
1,46
2,7
3,31
3,61
4,17
4,79
4,83
4,45
5,87
5,21
5,25
5,48
5,28
6,74
6,60
6,88
6,85
7,81
7,28
7,85
7,59
8,42
8,43
9,65
9,46
9,71
9,21
10,62
10,78
10,37
10,89
11,37
11,77
11,21
11,43
12,75
12,71
12,83
12,34
13,31
13,52
13,70
14,53
14,77
15,52
15,40
15,41
16,18
16,61
16,36
16,45
17,84
17,82
17,33
18,49
18,21
19,58
19,46
20,74
20,85
20,77
20,71
21,54
21,29
21,43
22,23
23,70
23,64
23,45
23,38
24,76
24,26
24,71
24,87
24,57
24,75
26,70
26,30
27,40
27,32
27,80
27,68
28,58
28,48
28,84
29,54
30,59
30,42
30,56
31,74
31,59
31,82
31,85
32,59
32,54
33,40
33,41
34,40
34,74
34,88
34,44
35,50
35,46
37,42
38,88
39,88
40,60
41,79
41,53
41,80
41,70
42,45
43,74
43,72
44,69
44,82
44,72
44,45
46,58
46,80
46,83
46,52
47,88
47,75
48,68
49,90
49,71
49,55
50,56
52,80
53,71
54,72
54,67
54,88
57,70
62,88
62,74
63,64
64,79
67,81
72,89
72,76
76,87
79,87
85,90
86,87
