0,58
0,49
1,2
1,46
1,13
1,4
1,22
1,8
2,35
2,13
3,23
4,55
4,57
4,41
4,22
5,48
5,51
5,54
7,34
7,15
7,42
7,21
7,28
7,29
8,52
9,11
9,35
9,19
10,56
10,55
11,59
11,23
12,48
12,17
12,22
13,22
14,40
14,26
14,43
15,44
15,48
16,43
16,21
17,19
17,57
17,41
17,43
18,31
18,49
19,32
19,30
19,59
21,56
21,33
22,44
23,49
23,27
24,58
24,36
26,27
26,32
27,30
27,58
29,33
30,39
31,52
31,59
31,53
31,43
32,47
33,44
33,36
34,38
35,42
35,58
36,40
37,57
37,56
37,46
37,55
38,45
40,49
40,58
41,43
41,42
41,55
41,44
42,43
42,44
42,54
43,59
46,47
47,53
49,53
50,60
56,59
