0,81
1,12
2,68
3,25
3,58
3,74
3,76
3,78
4,47
4,34
4,66
4,7
4,37
5,20
5,24
6,12
7,19
7,9
8,28
8,53
9,45
9,65
10,20
10,62
10,50
10,57
10,37
10,69
11,76
11,33
11,16
11,54
12,17
12,18
12,13
12,70
14,18
14,64
14,80
14,48
14,69
15,41
15,56
15,50
16,38
16,26
16,23
17,69
17,61
18,27
18,28
18,70
18,64
19,24
19,79
20,36
21,25
21,41
22,74
22,56
23,32
23,56
23,44
24,28
25,36
25,74
25,68
26,30
27,68
27,64
27,66
27,37
27,31
28,29
28,32
29,51
29,59
30,41
31,63
31,57
32,77
33,38
33,60
33,40
35,46
35,43
39,53
40,45
40,66
41,60
41,63
42,64
42,57
42,65
43,50
43,74
44,53
45,55
46,55
46,81
46,75
47,80
47,70
48,68
49,81
50,53
50,65
50,80
51,77
51,79
52,65
52,71
52,54
52,64
53,55
53,56
53,73
54,67
54,59
55,67
55,59
57,73
58,60
59,67
60,65
65,74
67,78
69,71
73,79
74,76
75,79
76,81
80,81
