0,68
0,41
0,62
1,71
1,74
1,24
1,8
1,4
2,48
2,29
2,39
2,22
2,52
3,41
3,29
3,56
3,51
4,27
4,43
5,6
5,27
5,21
5,57
6,60
6,24
6,12
7,74
7,58
7,55
8,14
8,52
8,25
8,45
9,60
9,57
9,63
10,69
10,46
10,71
10,74
11,24
11,12
12,70
12,67
12,41
13,35
14,73
14,42
14,46
15,52
16,55
16,21
16,42
16,58
17,64
18,28
18,51
18,23
19,30
19,47
19,36
19,51
20,62
20,31
20,34
20,74
21,54
22,26
22,42
23,52
23,32
23,26
23,28
23,53
23,30
23,57
23,27
24,59
25,64
26,31
26,58
26,74
27,35
27,52
27,62
27,36
28,48
28,74
29,58
31,46
31,52
32,67
32,41
33,52
33,74
33,50
34,45
35,63
35,56
36,70
36,50
36,48
37,54
38,40
38,45
39,52
39,60
40,43
40,44
40,62
40,73
40,56
41,48
42,71
42,70
43,61
45,67
45,53
48,62
48,61
49,54
50,58
51,56
52,67
52,59
56,72
59,61
62,65
62,63
69,70
