0,24
0,80
0,66
1,4
1,67
1,19
1,74
2,42
2,64
2,37
2,70
3,40
3,16
4,59
4,35
4,66
4,34
5,29
5,15
5,26
6,72
6,22
6,8
7,19
7,79
7,50
7,64
7,58
7,63
9,19
9,82
9,37
9,51
9,77
9,73
9,88
9,26
9,58
10,78
10,23
11,72
11,67
11,61
11,48
11,45
11,23
12,72
12,77
12,15
12,60
13,32
14,62
15,82
15,77
16,73
16,41
17,29
17,44
17,60
17,22
18,25
19,66
19,45
19,72
20,65
20,40
20,70
21,46
21,44
21,33
21,24
22,29
22,81
22,59
23,84
23,36
23,77
24,85
24,30
25,42
25,88
25,39
25,55
25,26
25,82
26,80
26,62
26,75
27,53
28,35
28,59
29,35
29,46
29,65
30,41
30,42
31,32
31,83
31,71
31,48
31,55
32,35
32,44
34,77
34,65
34,68
34,80
35,54
35,55
35,69
37,70
37,52
38,83
38,70
38,65
38,87
39,49
39,64
40,76
40,82
40,61
40,53
41,76
41,59
42,46
42,74
43,70
43,67
44,49
44,58
45,57
45,75
45,53
45,86
46,62
47,51
47,76
47,64
48,63
48,62
49,50
49,85
53,78
53,64
53,75
53,66
54,65
55,68
56,87
56,82
57,67
57,73
58,87
59,85
60,83
61,86
64,74
65,77
66,88
68,81
68,71
68,82
69,73
71,73
79,85
84,85
