0,4
0,21
0,15
0,38
0,44
0,30
0,10
0,29
1,28
2,19
2,8
2,56
3,21
3,52
4,43
4,20
5,54
5,64
5,49
6,19
7,36
7,15
8,35
8,46
9,56
9,49
10,16
10,61
10,15
10,18
11,49
11,35
11,18
12,35
12,44
12,47
12,43
12,54
12,59
13,44
13,48
14,58
14,68
14,41
14,37
14,25
14,23
15,16
15,41
15,36
16,31
16,37
17,56
17,46
18,41
19,29
19,66
20,24
20,43
20,30
21,50
22,30
22,40
23,57
23,69
23,43
23,26
23,38
23,61
23,49
25,41
25,59
26,41
26,57
26,28
27,55
27,59
28,37
28,46
28,56
28,49
29,37
29,64
30,58
30,48
30,52
30,71
31,53
31,54
31,57
32,35
32,50
33,66
33,63
33,71
35,59
35,62
35,40
35,56
36,37
36,54
37,68
37,52
38,60
39,53
39,54
39,55
40,65
40,44
41,48
42,68
42,65
42,66
43,58
43,47
44,59
44,68
45,68
46,56
46,63
46,64
47,71
47,68
48,52
49,70
51,66
52,60
52,68
53,69
54,70
55,68
56,69
58,59
60,64
63,69
65,69
68,70
69,70
