0,51
0,35
0,2
0,3
0,41
0,47
0,13
1,50
1,40
2,17
2,22
2,53
2,48
3,50
3,39
3,13
3,28
3,21
3,33
4,22
4,38
5,52
5,7
5,54
5,36
5,38
6,52
6,28
6,45
6,51
6,12
6,9
6,26
7,24
7,34
7,31
8,34
8,11
9,12
9,47
10,46
10,35
10,38
10,33
10,18
10,50
11,53
11,43
11,35
11,40
11,28
12,31
13,38
13,16
14,33
14,45
15,17
15,39
16,35
16,31
16,23
17,41
17,47
17,18
17,25
18,47
19,25
20,27
20,21
21,22
21,26
21,36
21,35
23,34
23,39
23,41
25,40
25,53
26,53
26,38
26,52
27,49
27,29
27,53
27,52
28,30
28,41
29,37
31,49
31,54
31,35
34,50
34,43
34,47
35,52
35,36
36,39
36,54
37,44
37,51
38,52
40,41
40,45
41,43
42,44
44,51
46,50
47,52
