0,18
0,4
0,56
1,35
1,51
1,30
1,29
1,22
1,32
1,49
2,46
2,62
2,29
3,20
3,26
3,56
4,15
4,5
4,12
4,45
5,67
6,22
6,38
6,58
6,8
6,65
7,33
7,61
7,54
8,22
8,58
8,18
8,43
9,66
9,58
10,48
10,25
10,19
10,28
10,69
10,42
10,33
11,47
11,46
11,54
12,22
12,48
13,16
13,42
13,47
14,44
14,63
14,70
16,19
16,36
16,69
17,49
18,29
18,33
18,52
19,47
19,37
19,38
19,70
19,30
20,28
20,23
20,37
20,58
20,45
20,27
20,62
21,28
21,69
21,51
22,34
23,57
23,34
23,62
23,44
23,55
24,48
24,67
24,47
25,49
25,59
25,66
25,64
26,44
26,43
28,69
28,45
28,66
28,34
29,52
29,56
29,39
29,51
29,53
30,65
30,52
31,38
32,42
33,47
33,50
34,70
34,47
35,69
35,49
36,41
36,64
37,64
37,44
38,47
39,42
40,47
41,46
41,62
41,57
42,56
44,68
44,50
45,61
47,51
47,53
48,49
48,67
49,69
49,61
50,66
51,65
51,54
54,62
55,61
60,61
64,68
