0,31
1,19
2,41
2,23
2,51
2,45
3,33
3,59
3,81
4,64
5,13
6,45
7,35
7,40
7,19
8,19
8,83
8,93
9,61
10,49
10,29
10,39
11,38
11,19
11,28
11,64
12,77
13,36
14,88
14,54
14,95
15,69
15,27
16,69
16,88
16,60
18,52
19,48
20,51
22,24
22,52
25,44
25,36
26,53
26,64
27,74
27,56
31,36
32,57
33,57
35,83
35,62
35,77
38,78
39,84
40,87
40,82
40,46
41,95
42,71
43,46
44,86
46,78
46,56
46,57
47,95
48,94
48,90
48,67
49,87
54,92
54,86
55,97
55,76
56,90
57,96
57,92
59,78
59,91
61,64
61,83
64,87
65,66
65,80
66,79
70,81
71,93
72,73
72,83
73,83
77,92
78,84
78,81
80,81
81,92
82,93
83,90
85,86
86,90
91,97
