0,1
0,99
0,82
1,44
1,17
2,97
3,23
4,73
4,30
4,17
4,76
5,91
5,84
5,41
5,11
5,77
6,46
6,16
7,49
7,33
9,60
9,11
9,68
10,25
10,45
11,69
11,38
11,89
11,26
12,40
12,69
14,18
14,90
14,95
14,70
15,61
15,28
16,93
16,89
16,27
16,99
16,61
17,75
18,75
19,31
19,93
21,46
21,96
22,68
23,79
24,44
25,68
25,80
26,74
26,57
28,35
28,89
30,44
30,79
30,68
31,36
32,41
33,93
33,37
35,49
36,88
36,90
37,41
37,42
37,83
37,66
37,51
37,79
38,46
38,83
38,54
39,93
39,61
40,43
41,50
41,81
42,46
42,60
42,73
42,64
43,89
44,48
45,71
46,68
47,49
47,63
47,57
48,68
48,50
50,86
50,94
51,68
51,67
52,73
54,80
54,56
54,70
54,64
56,98
56,69
56,83
56,84
57,86
57,81
58,78
60,80
60,63
62,65
64,82
65,82
65,96
66,85
67,92
67,88
68,91
68,89
69,74
71,83
74,82
76,92
77,84
77,79
78,85
80,81
82,95
83,93
87,98
