1,14
1,44
1,9
1,8
2,66
2,60
3,38
4,72
5,16
7,35
7,81
7,75
8,53
8,32
8,69
10,21
11,23
11,65
12,81
12,63
13,37
13,46
13,87
14,23
14,64
15,46
15,84
15,67
15,83
15,22
16,19
17,38
17,78
18,24
18,71
18,73
19,23
21,65
21,41
22,77
22,79
22,30
22,71
23,80
23,41
24,29
27,39
27,46
28,77
29,66
30,32
30,53
31,61
31,85
33,69
34,82
35,53
35,77
37,49
39,40
40,69
40,54
40,80
40,43
43,79
43,62
43,63
43,48
43,44
45,77
47,54
48,62
48,84
49,62
49,52
50,55
51,71
51,65
51,70
53,64
54,58
54,71
56,79
56,62
58,71
60,74
61,78
66,72
67,79
68,82
69,81
69,80
70,82
72,77
74,84
75,82
76,77
77,80
79,85
80,81
81,87
