1,23
2,46
2,62
2,61
3,47
3,68
3,22
4,67
5,50
5,15
6,46
6,75
6,29
6,58
7,39
7,70
7,17
7,76
7,75
8,22
8,15
9,57
9,38
9,17
11,75
11,61
11,21
11,35
11,42
13,26
13,60
13,63
14,16
14,70
14,31
15,33
15,22
15,48
15,25
16,70
17,45
17,50
17,76
17,47
18,57
18,36
18,68
20,32
20,47
20,66
21,63
21,46
21,34
22,70
23,70
23,56
23,63
24,61
24,47
25,34
25,31
27,63
27,66
28,63
28,48
29,55
30,45
30,48
30,62
31,69
31,61
31,42
32,64
33,61
35,47
36,40
37,42
38,39
38,41
38,46
39,49
41,73
41,69
42,59
42,55
43,75
43,73
44,56
45,58
46,69
46,49
46,62
47,54
50,63
51,53
52,59
52,67
56,64
56,62
66,70
69,73
70,73
