0,42
0,24
0,63
0,47
1,46
1,54
1,80
1,19
2,39
2,31
2,50
2,32
2,3
2,20
3,32
3,67
3,14
3,66
3,36
4,67
4,45
4,76
4,46
5,18
6,56
6,37
6,38
6,46
7,45
7,24
7,15
7,71
7,67
8,55
9,38
9,44
9,31
10,43
10,16
11,57
11,36
11,23
11,61
12,45
12,80
13,81
13,37
13,38
14,38
14,32
14,60
14,47
15,34
15,78
16,69
16,26
16,27
16,33
16,75
16,78
17,72
17,66
17,23
17,52
17,39
18,41
18,50
19,78
19,38
20,33
20,49
21,36
23,71
23,45
24,81
25,42
26,43
26,77
26,56
26,36
26,30
27,30
27,43
27,61
27,42
28,73
28,41
28,29
29,41
29,56
30,72
30,78
31,36
31,46
31,49
31,34
31,71
32,66
33,42
33,39
33,64
33,70
34,68
34,46
34,53
35,76
35,71
36,75
38,56
38,57
38,58
39,65
39,58
39,73
43,56
43,71
44,64
44,62
44,67
45,52
46,52
46,61
47,72
47,67
48,74
48,71
49,57
49,81
49,80
49,58
49,67
52,60
53,76
53,79
56,59
56,76
56,71
57,58
57,76
58,63
58,60
59,81
61,71
62,80
65,67
66,72
67,71
67,76
71,75
74,78
77,81
