0,19
0,27
0,55
1,34
1,51
1,41
1,40
1,54
2,13
2,35
3,16
4,40
4,30
5,45
5,9
5,53
6,18
6,16
6,19
7,64
7,8
7,25
7,19
8,34
9,49
9,47
9,15
9,65
9,63
10,34
11,57
11,20
12,52
12,46
12,21
12,40
13,14
14,30
15,24
15,59
15,34
17,34
17,19
17,35
17,64
18,44
19,33
19,61
19,27
20,48
20,58
20,65
20,27
21,51
22,62
22,47
22,48
23,37
23,31
23,41
24,33
24,52
25,28
26,39
26,37
27,30
27,38
29,49
29,64
29,36
29,43
30,42
30,60
30,65
32,56
32,38
32,45
32,52
33,58
35,57
35,49
35,64
35,50
36,50
37,40
37,54
38,48
38,56
40,57
40,45
40,58
41,56
41,50
41,51
43,60
43,62
45,49
45,56
46,63
47,51
51,55
52,59
52,56
56,60
