0,15
0,19
0,37
0,5
0,6
0,60
0,53
1,62
1,10
1,28
1,18
1,14
1,41
1,67
2,67
3,28
3,64
4,58
4,31
4,18
4,26
4,60
5,42
5,26
5,24
5,49
5,60
5,12
6,41
7,32
7,25
9,45
9,21
10,35
11,16
11,21
11,59
11,39
12,58
14,41
14,31
14,61
15,66
15,43
16,17
16,52
16,28
16,60
17,39
17,68
17,23
18,50
18,28
19,59
20,27
20,58
21,41
21,27
21,23
21,46
22,55
23,57
23,39
24,50
26,46
26,36
26,28
26,31
27,58
27,40
27,68
28,29
30,43
31,51
32,42
32,60
34,52
34,63
35,53
35,64
35,38
36,38
36,65
37,45
38,52
38,63
39,42
40,46
41,66
42,51
43,46
44,66
44,52
44,61
44,65
46,47
46,60
46,52
48,59
49,68
50,60
50,63
51,62
51,63
53,68
54,66
55,58
59,67
60,61
61,66
64,68
66,67
