0,27
0,37
1,18
1,30
2,31
2,15
2,8
2,45
3,64
3,26
3,44
3,69
3,36
4,30
4,85
4,49
5,81
5,76
5,54
6,47
6,81
6,77
6,14
7,43
7,79
7,99
7,51
7,65
7,92
8,34
8,31
8,53
8,37
9,59
9,81
10,49
10,80
10,42
10,46
11,15
11,87
11,97
11,18
11,26
11,41
12,81
12,84
12,14
12,58
13,45
13,95
13,92
15,67
15,88
15,78
15,57
15,66
15,26
15,27
16,34
16,86
16,47
16,24
17,70
17,38
17,21
17,43
17,62
17,65
17,24
18,31
18,72
18,80
18,70
19,73
19,89
20,83
20,80
21,64
22,47
22,23
23,85
23,90
23,75
23,91
24,69
24,62
24,37
24,30
25,87
25,60
26,38
26,37
26,31
27,59
27,64
27,45
27,87
27,51
27,46
28,36
29,74
29,31
30,63
30,48
30,96
31,32
31,84
32,40
32,61
33,98
34,87
34,65
34,63
35,62
35,67
35,68
35,92
36,73
37,59
37,38
37,91
37,77
38,91
39,48
39,71
39,79
40,68
40,89
40,61
40,54
42,66
43,80
43,45
44,58
44,65
44,78
44,48
45,95
46,62
46,49
47,51
48,78
48,60
48,58
49,92
49,73
49,56
50,67
50,74
51,80
53,69
54,67
54,60
54,58
55,81
55,58
55,94
55,72
56,95
58,72
60,79
61,71
61,70
61,65
62,78
63,75
64,71
64,87
65,76
65,98
65,95
66,82
66,91
67,97
67,70
68,79
68,94
70,93
71,78
76,83
80,99
81,93
84,98
90,91
