0,46
0,30
0,54
0,70
1,12
1,26
2,21
3,7
3,64
3,75
4,30
4,27
4,60
4,67
4,29
5,18
6,31
6,63
6,52
6,9
7,23
7,34
7,38
7,46
7,11
8,11
8,53
8,12
9,56
9,12
10,13
10,35
10,29
11,39
11,68
11,69
12,39
13,62
13,53
13,76
15,57
16,75
17,27
17,32
18,25
18,50
18,73
18,45
19,76
19,21
19,30
20,39
21,41
22,23
22,32
22,51
23,71
23,46
23,54
23,67
24,29
24,64
24,27
24,48
24,71
24,26
25,44
25,39
25,56
25,62
26,59
26,58
26,47
26,53
26,28
27,36
27,56
28,73
28,41
29,76
29,68
30,41
30,52
31,52
31,75
31,68
32,38
32,47
33,68
33,53
33,54
34,54
34,41
34,68
34,49
35,56
35,61
35,49
36,50
36,37
37,56
37,73
37,60
38,73
38,42
38,43
38,70
39,51
40,71
40,67
41,58
41,62
41,46
43,61
45,48
45,57
45,56
46,59
47,66
48,50
49,70
50,66
52,67
53,73
55,68
57,64
58,67
58,60
59,68
59,61
60,69
65,76
