0,40
1,41
1,89
1,53
1,64
1,90
1,30
2,22
2,29
2,32
2,23
2,92
3,13
3,7
3,35
4,54
5,66
5,25
5,56
6,88
7,60
7,34
7,59
8,23
9,81
9,58
9,54
10,72
10,27
10,54
10,28
11,16
11,45
11,84
11,77
12,83
12,86
12,93
12,17
13,26
13,86
14,66
16,93
17,34
18,37
18,31
18,43
21,90
21,92
22,87
23,47
23,38
24,63
24,78
24,93
24,28
25,87
25,70
26,90
27,44
27,54
28,42
28,53
28,64
29,65
30,75
31,73
31,53
32,80
32,34
36,56
37,93
37,61
37,69
38,65
38,88
39,61
39,81
40,54
41,89
43,85
43,92
44,55
46,70
46,77
46,49
47,48
48,73
51,80
51,55
52,87
53,74
53,62
53,69
54,69
55,84
55,77
56,78
56,83
59,92
60,83
61,65
61,91
62,67
65,87
66,76
75,87
77,88
77,86
79,93
79,84
81,87
83,92
85,90
87,89
