0,26
0,58
1,21
2,85
3,24
3,11
3,28
3,71
5,51
6,67
6,44
8,27
8,61
8,9
9,69
9,75
9,60
9,41
9,16
10,70
10,74
10,39
11,69
11,75
12,37
12,26
12,75
12,64
12,47
13,56
13,85
13,28
13,17
14,21
14,70
14,62
14,16
15,33
15,37
16,52
16,46
17,21
17,22
17,27
18,45
18,76
18,65
20,24
20,79
21,64
22,77
22,45
23,27
23,51
24,36
24,77
24,57
24,80
25,81
25,26
25,48
26,63
26,41
26,70
26,80
27,40
28,77
29,61
30,67
30,86
31,41
32,60
32,35
32,51
32,65
33,72
34,36
35,42
35,76
35,67
38,48
39,63
39,68
39,80
39,51
40,76
40,52
41,66
41,75
41,46
42,68
42,86
42,47
44,61
45,58
45,83
46,56
47,58
47,84
47,62
47,83
48,64
49,55
51,80
51,86
51,64
53,81
55,75
56,70
56,84
59,81
59,83
59,73
60,63
62,81
62,79
64,68
65,82
66,73
66,82
67,84
70,86
71,84
76,83
80,83
