0,18
0,20
0,9
0,29
0,45
0,12
0,34
1,3
1,18
1,37
1,30
2,20
3,33
3,8
3,32
4,43
5,30
5,15
5,33
6,21
6,47
7,30
7,18
7,36
7,8
7,27
7,17
8,41
8,37
9,33
9,17
10,40
10,47
10,38
10,22
10,29
10,12
11,17
12,39
12,26
12,25
12,30
12,34
13,25
14,48
14,21
15,18
16,40
16,33
16,35
17,26
17,37
18,31
18,19
19,43
19,46
19,36
19,37
20,31
20,29
20,25
22,36
22,41
23,40
23,35
24,47
24,45
24,44
25,33
25,32
26,29
27,38
27,39
28,38
28,30
29,47
29,42
30,33
30,35
30,34
30,39
33,46
34,45
35,37
36,39
39,42
39,40
42,44
42,46
43,45
46,48
