0,5
0,51
0,32
2,33
2,68
2,53
3,34
3,31
4,22
4,13
5,25
6,68
6,67
6,21
6,58
6,54
8,60
8,44
9,78
9,63
9,45
10,65
11,53
13,87
13,43
14,77
15,57
16,81
17,26
17,22
17,19
18,27
18,42
18,52
18,58
19,49
20,37
20,76
20,27
20,41
20,68
21,59
21,32
21,67
22,37
24,66
24,72
24,84
24,30
24,83
24,45
25,55
25,51
26,47
28,62
28,37
31,72
32,90
32,78
32,56
33,60
33,56
33,83
35,72
35,36
36,81
36,93
40,45
40,76
41,85
42,65
42,81
43,66
44,91
45,65
46,54
49,71
49,77
49,75
50,61
50,79
51,71
51,91
51,59
52,66
55,73
59,71
59,74
62,77
63,68
66,74
70,92
70,75
71,80
72,78
75,84
75,78
76,86
78,88
86,92
88,93
