0,72
0,76
0,3
1,71
1,16
1,50
1,25
2,11
3,68
3,31
4,59
4,42
5,12
5,15
5,71
5,8
6,62
6,31
6,68
6,35
6,71
7,33
7,10
8,69
9,38
10,41
10,53
10,51
11,20
11,22
11,13
13,22
14,25
14,76
14,59
14,66
14,23
14,31
15,22
15,51
15,37
15,39
16,43
16,36
17,72
17,20
18,76
19,21
20,29
20,34
21,49
21,43
22,75
23,36
23,41
24,52
25,27
25,65
25,71
26,34
26,54
28,40
28,33
28,57
29,74
29,67
30,44
30,50
30,64
31,36
31,54
31,39
32,67
32,74
33,53
34,65
34,50
34,53
34,48
34,71
37,54
37,53
37,38
38,55
38,64
39,62
41,53
43,55
43,60
44,54
44,57
44,76
46,62
48,61
48,51
48,55
49,59
50,62
51,60
54,72
56,67
58,62
60,63
61,62
62,68
63,69
67,76
68,69
70,76
