0,29
0,87
0,41
1,45
1,93
1,51
1,68
2,59
3,31
3,85
4,84
5,67
5,12
5,22
6,35
6,74
6,54
7,18
7,64
7,57
8,82
8,65
9,45
9,87
9,38
9,13
9,44
10,24
11,63
11,95
12,15
12,92
12,68
12,34
13,42
13,21
13,90
14,88
14,45
14,30
14,24
15,23
16,93
16,36
16,59
16,64
16,17
17,80
17,67
18,25
18,39
19,84
19,82
19,55
20,90
21,73
21,80
21,43
22,55
22,85
22,37
23,29
24,49
24,36
25,82
26,37
26,83
26,73
27,60
28,32
28,85
28,58
29,47
29,87
29,78
29,70
29,94
30,49
30,65
31,46
31,71
31,74
32,44
33,78
33,82
33,89
34,60
35,84
35,60
36,39
36,37
36,68
37,80
37,77
38,72
39,74
39,90
40,96
42,70
43,57
44,66
46,75
48,51
48,67
49,55
49,54
50,72
50,78
50,76
50,55
51,66
51,54
52,90
53,64
54,71
54,85
57,67
57,76
57,91
59,76
59,90
60,76
63,92
63,64
64,96
64,71
64,87
67,91
67,69
68,83
70,72
70,94
70,95
71,84
72,77
73,91
81,92
82,93
85,95
87,88
89,96
