0,57
0,95
0,15
0,14
0,43
0,33
1,11
1,48
2,21
2,20
2,40
3,29
3,22
4,93
4,30
4,12
4,13
5,63
5,95
6,39
7,75
7,52
7,10
7,55
8,51
8,10
9,55
10,21
10,56
11,29
11,25
12,93
12,43
13,64
13,27
14,42
14,73
14,63
14,36
15,86
15,93
16,29
16,67
16,88
17,27
18,92
18,59
18,19
18,33
18,23
19,52
19,36
19,44
19,61
20,49
20,81
20,89
20,35
21,95
21,81
21,69
21,28
21,90
22,42
22,72
22,63
23,77
23,41
23,45
24,32
24,49
24,72
25,72
27,34
27,48
28,52
28,79
28,84
28,59
29,41
29,42
30,57
30,66
31,81
31,91
32,49
32,55
33,84
34,38
36,65
37,52
37,55
37,92
37,65
38,70
38,76
38,56
39,57
40,61
42,64
42,86
43,93
43,91
44,90
45,48
46,89
46,93
47,95
47,64
47,54
47,60
48,53
48,91
49,51
49,74
50,74
50,77
51,60
52,60
52,89
53,64
54,79
54,87
55,71
56,92
56,72
58,71
59,82
61,70
62,90
62,65
63,80
63,82
66,78
67,74
69,75
70,90
71,77
72,82
74,96
74,81
75,95
76,84
78,80
81,92
83,94
86,95
93,94
