0,19
1,61
1,30
2,50
2,36
2,19
3,20
3,47
4,39
4,23
4,59
4,64
5,48
5,22
5,6
6,64
6,32
6,47
7,18
7,23
7,52
7,25
8,24
8,17
9,27
9,23
9,50
9,56
9,59
10,20
11,36
12,66
12,22
12,52
12,46
13,17
13,42
14,22
14,65
15,67
15,68
15,59
16,17
17,42
17,64
18,67
18,30
19,67
19,68
20,22
20,63
21,40
21,47
22,60
22,69
23,59
23,41
23,37
24,39
24,56
25,45
25,36
25,39
25,40
26,55
27,32
27,37
27,53
27,44
27,31
28,33
29,30
30,34
31,41
33,56
33,58
34,37
34,52
34,35
36,49
38,53
38,67
39,55
40,44
42,46
42,67
43,57
44,46
44,53
52,60
60,66
61,69
64,67
