0,15
0,4
0,17
0,21
0,29
0,31
1,20
1,7
2,35
2,21
3,5
3,41
3,24
3,33
3,51
3,49
3,45
4,46
4,45
4,15
4,24
4,50
4,11
5,51
5,18
6,11
6,44
6,27
6,15
7,38
7,49
8,45
8,23
9,44
9,12
9,11
9,41
9,21
10,52
10,16
10,17
10,13
10,30
10,48
10,44
11,31
11,48
11,33
13,19
13,42
14,41
14,44
14,45
14,18
15,31
16,35
16,40
16,22
16,36
19,28
19,36
19,30
20,32
20,43
21,49
21,39
21,48
21,44
21,47
22,26
22,25
23,30
24,38
25,44
26,29
26,35
26,43
27,37
27,30
27,43
28,38
29,32
30,33
31,37
31,46
34,48
34,49
37,41
38,47
38,41
40,44
41,43
42,47
43,50
45,51
