0,40
0,41
0,22
1,33
1,46
2,15
2,20
3,6
3,4
3,13
4,32
4,6
4,19
4,35
4,28
4,11
4,50
5,50
5,9
5,11
6,36
6,19
6,18
7,27
7,36
8,17
8,49
8,32
8,18
8,31
10,42
10,19
10,20
12,19
12,14
14,50
14,25
14,29
15,28
15,27
16,36
16,20
17,21
17,50
18,24
18,45
19,27
19,22
19,39
19,24
20,21
20,29
20,36
20,33
22,27
22,34
23,41
23,36
24,38
25,40
25,37
25,38
25,42
25,27
25,29
25,32
26,41
26,30
26,42
26,49
27,49
27,30
28,34
29,39
30,39
30,35
31,45
31,33
32,38
32,49
32,47
33,48
33,36
34,47
36,48
37,48
37,39
39,46
39,41
42,44
43,45
44,46
