0,54
0,31
0,61
0,57
1,10
2,38
2,4
3,78
3,10
3,59
4,16
4,21
5,21
5,50
5,78
6,69
6,25
7,36
7,71
7,83
7,13
7,8
7,27
7,25
7,32
8,71
8,48
8,55
8,77
8,56
9,32
10,74
11,65
11,70
12,52
12,80
12,20
15,58
15,46
16,35
16,28
17,78
17,23
18,50
19,56
19,64
20,31
20,81
20,45
21,30
21,47
21,24
22,74
22,52
22,43
23,52
23,69
24,57
24,28
26,59
27,50
28,37
28,84
28,71
30,58
32,38
32,72
32,76
35,73
37,79
37,56
37,61
38,47
39,73
41,47
41,83
42,70
42,48
44,66
45,53
45,58
46,71
46,65
48,77
48,72
49,62
50,70
51,64
52,64
54,77
55,56
55,71
56,68
58,67
58,79
58,78
59,64
60,75
62,84
63,80
64,71
65,81
66,76
66,68
66,74
67,71
68,75
69,81
