0,42
1,76
2,45
3,63
3,28
3,46
3,53
3,37
5,14
6,50
8,34
8,32
8,65
8,84
8,60
9,26
9,92
10,78
10,73
11,76
12,62
12,14
12,83
12,31
13,40
13,93
13,39
14,92
15,72
16,78
16,28
17,90
17,59
17,65
19,54
19,40
20,88
20,49
22,23
22,68
23,34
23,57
24,85
24,59
25,59
25,28
25,86
27,55
30,96
30,74
30,92
30,90
30,53
31,82
31,92
31,67
32,49
32,61
32,54
33,84
33,68
33,72
33,94
34,80
35,70
35,38
36,66
38,45
38,66
39,67
39,55
40,93
40,94
40,86
41,85
42,71
42,93
43,81
44,70
44,66
45,46
46,52
46,71
47,64
48,64
50,84
50,96
51,88
51,71
52,93
52,59
53,76
54,94
54,72
54,73
54,56
55,89
55,91
56,66
58,88
58,69
59,81
64,77
65,81
67,75
68,88
70,97
73,87
76,81
80,97
87,88
89,91
