0,1
1,20
1,54
1,69
2,42
2,54
2,37
2,58
2,35
2,14
2,69
3,22
3,42
3,63
4,34
4,54
5,59
5,45
6,37
6,57
7,69
7,61
7,48
8,63
8,16
8,49
8,44
9,61
9,54
9,22
10,61
10,49
10,45
11,45
11,32
11,21
11,53
12,13
12,51
13,30
13,39
14,33
14,63
15,37
15,43
15,31
15,68
15,55
15,16
15,25
16,47
16,27
16,22
18,63
18,50
19,50
19,60
20,41
20,69
20,66
22,50
22,41
23,67
23,63
23,43
23,24
24,35
25,68
26,50
26,51
26,31
26,63
29,59
29,62
29,55
29,69
29,57
30,47
32,52
32,34
32,60
33,41
33,53
34,64
37,51
37,61
38,58
38,41
39,64
39,60
39,56
41,46
41,60
41,54
42,57
43,51
43,50
43,58
43,66
44,51
45,66
46,62
46,59
46,60
47,48
48,64
48,53
49,55
50,61
50,65
51,67
56,64
56,57
56,66
56,59
57,64
57,67
58,68
63,68
