0,2
0,34
1,54
1,22
2,52
2,48
3,14
3,31
3,47
4,16
4,54
4,19
4,49
5,71
5,43
6,69
6,61
6,19
7,73
7,52
8,54
8,63
8,12
9,14
11,55
11,67
12,76
13,56
13,33
13,49
14,54
14,26
15,72
15,32
16,29
16,37
17,81
17,47
17,43
17,75
17,40
17,60
17,45
19,69
19,51
20,50
21,60
21,38
21,53
21,52
21,68
21,26
22,41
23,43
23,38
24,25
24,45
24,48
25,64
26,41
26,59
27,29
28,41
28,60
28,68
28,48
28,64
29,50
29,59
30,55
30,63
32,70
32,66
33,72
33,64
34,54
34,75
35,82
35,51
37,45
38,44
38,57
40,69
41,50
41,72
42,61
43,54
43,53
44,72
44,61
45,63
45,57
46,66
46,55
47,60
47,78
49,74
49,53
50,66
50,69
50,78
51,62
52,53
53,73
53,72
54,57
55,66
56,66
57,81
58,77
59,73
60,71
60,79
61,79
63,72
63,64
64,81
65,82
66,73
71,74
72,74
