0,45
0,55
0,64
1,34
1,61
1,75
2,58
3,28
3,21
3,32
3,56
3,25
3,11
4,75
4,49
5,40
5,73
6,45
6,17
7,25
7,31
7,65
7,20
8,41
9,37
9,61
10,73
10,14
10,63
10,61
11,43
11,17
12,51
12,61
13,40
13,56
14,56
14,19
14,53
15,33
17,37
17,47
17,21
17,50
18,30
19,67
19,49
20,21
21,53
21,64
21,72
22,76
22,31
23,59
23,37
23,67
23,34
23,53
24,67
24,51
25,59
25,65
26,61
26,50
26,72
26,62
27,35
27,58
28,30
28,40
28,70
28,50
29,32
29,55
29,65
30,49
30,74
30,35
31,47
31,49
32,36
32,66
32,48
33,54
33,48
34,56
34,46
35,50
35,55
37,76
37,68
37,58
38,66
38,50
38,47
38,70
39,75
40,72
40,42
40,63
43,75
44,59
44,65
45,71
45,75
45,62
46,73
46,62
47,57
49,66
49,61
50,64
50,52
53,74
53,70
55,75
58,67
62,72
62,67
63,74
66,72
71,75
72,73
