0,71
2,53
2,5
2,9
3,27
3,60
3,35
4,37
4,21
5,51
5,18
7,23
7,54
8,44
9,55
9,51
9,48
12,63
12,40
12,27
14,57
15,78
15,70
15,41
15,39
15,21
16,22
16,27
16,38
17,44
17,24
17,67
18,81
19,82
19,34
19,38
19,85
20,68
20,79
20,63
20,70
20,80
20,33
22,24
24,33
24,57
25,56
25,54
26,40
27,41
27,57
29,32
29,76
31,62
31,63
31,32
32,61
32,38
32,35
32,72
34,69
34,50
35,44
38,49
38,74
38,60
39,58
39,53
40,65
40,57
41,45
41,67
42,79
43,70
44,79
45,66
46,85
47,80
48,59
49,54
49,84
50,84
50,63
50,65
51,83
52,57
52,58
55,79
56,59
56,80
56,74
56,84
57,84
57,58
58,83
58,65
61,66
61,70
61,85
65,79
71,82
