0,18
0,59
0,19
1,72
1,37
1,29
2,61
3,43
3,47
4,18
4,37
5,51
6,65
6,9
6,21
6,16
7,44
7,23
7,10
7,62
8,32
8,30
8,50
9,49
10,18
11,57
14,17
15,48
15,73
16,57
16,28
18,53
18,68
18,69
18,54
20,31
21,40
21,75
21,32
22,29
22,74
23,25
23,70
23,56
23,45
23,63
24,26
24,34
25,59
25,49
26,75
26,34
27,71
27,32
27,47
28,54
28,36
29,67
29,33
30,73
30,50
31,35
31,62
32,66
32,43
33,59
33,40
34,68
34,66
35,57
36,69
36,58
36,47
38,46
42,61
43,73
44,73
44,68
44,60
45,74
47,58
47,73
48,61
48,64
49,75
50,53
52,62
54,59
55,63
57,67
57,61
58,62
59,64
63,72
70,73
