0,24
1,5
1,71
2,53
2,75
2,64
2,90
2,89
2,45
3,95
3,68
3,89
3,53
3,62
3,52
3,24
4,30
4,37
4,17
4,46
4,50
4,58
5,47
5,64
6,42
6,18
6,79
7,52
8,22
9,51
9,10
11,54
11,64
11,50
13,26
13,49
13,53
13,86
14,51
14,32
14,39
15,20
16,31
16,47
17,42
18,23
19,48
19,59
19,29
20,82
20,25
21,33
21,89
21,24
22,41
22,55
23,39
24,39
25,60
25,72
25,28
26,77
26,58
26,84
27,94
27,60
27,91
27,36
28,48
28,65
28,93
29,31
29,54
29,61
30,81
30,64
30,40
30,73
30,82
30,61
31,75
31,73
31,59
31,47
31,68
32,57
32,54
32,47
33,93
33,60
33,63
34,75
34,46
34,49
34,63
35,42
35,80
35,62
36,50
36,44
37,49
37,42
38,71
38,79
38,65
39,62
40,92
40,72
40,43
42,78
42,66
43,77
45,71
45,80
46,54
46,84
46,64
47,75
47,80
48,93
48,70
48,89
49,89
49,78
49,92
49,53
49,82
51,54
51,55
51,75
52,65
52,66
52,59
52,63
53,70
53,79
53,88
54,70
55,91
55,71
56,95
57,86
57,80
57,60
58,59
58,67
60,76
60,67
61,75
61,83
63,83
63,87
63,74
64,88
65,72
65,73
66,71
66,82
72,92
73,83
73,75
73,92
77,83
81,92
81,83
81,91
81,89
83,90
86,94
87,90
87,91
