0,3
0,8
0,45
0,44
0,51
1,36
2,47
2,30
2,14
3,61
3,4
3,56
3,34
3,35
4,21
4,16
4,33
4,8
4,62
5,56
5,9
5,54
6,30
6,32
6,25
6,49
7,30
7,22
7,58
8,65
8,46
8,25
9,21
10,44
10,23
10,67
11,31
11,27
11,43
11,61
11,39
12,38
13,40
13,34
13,30
14,57
14,46
14,67
14,47
15,68
15,19
15,64
15,34
16,68
16,67
16,52
16,35
16,48
17,43
17,66
17,24
17,25
18,24
18,54
18,32
19,24
20,24
20,48
20,59
20,28
20,30
21,51
22,38
22,49
23,49
23,36
24,29
24,51
24,58
24,68
24,65
25,66
25,38
25,64
25,49
25,44
26,27
26,38
27,48
28,38
28,52
29,59
29,33
30,54
31,35
33,63
34,51
34,43
34,59
35,59
35,49
35,68
36,45
37,45
38,41
38,43
39,41
40,58
40,66
43,65
44,64
44,66
45,54
45,48
46,65
47,61
47,55
48,53
48,58
48,63
48,66
48,49
49,53
50,68
50,54
51,56
54,61
54,64
54,57
56,58
56,68
57,58
58,60
58,63
58,67
59,64
63,64
64,70
