0,83
1,66
1,77
1,75
1,32
1,39
1,11
2,16
2,45
2,67
2,80
4,32
4,29
4,49
5,69
5,34
5,17
5,8
5,85
5,22
6,17
6,59
6,33
7,15
7,47
7,21
8,10
8,19
8,65
9,56
9,84
10,51
11,22
11,51
11,25
11,17
12,57
12,70
13,29
13,72
14,37
14,79
15,59
15,75
16,20
16,67
16,69
16,22
16,51
17,27
18,21
18,44
19,20
19,34
19,30
19,48
19,73
20,64
20,68
21,81
21,72
21,41
22,67
22,45
22,78
22,34
23,58
23,49
23,81
23,62
24,51
24,61
24,73
26,79
26,45
27,78
28,80
28,39
29,38
29,85
30,38
31,49
31,53
32,34
32,55
33,72
33,57
33,82
33,40
33,34
33,83
33,75
33,80
34,40
35,36
36,45
36,57
36,85
36,56
38,55
38,82
39,56
39,44
40,85
40,55
41,49
41,61
41,75
42,60
42,84
45,60
46,84
47,82
48,54
49,70
49,60
49,61
50,73
53,77
53,74
53,71
53,66
54,57
55,85
55,72
58,70
58,83
59,65
60,74
63,76
65,80
66,85
67,74
71,76
72,84
74,75
77,78
84,85
