0,72
0,66
0,74
0,22
0,33
1,65
1,36
1,33
2,50
2,38
3,9
3,81
3,44
4,82
5,58
5,39
6,57
6,14
8,67
8,36
9,36
10,42
10,81
10,41
10,40
11,31
11,21
12,63
12,37
13,28
13,36
14,36
14,49
14,59
14,79
14,53
15,64
15,80
16,69
16,33
17,48
17,46
17,80
18,48
18,33
19,37
19,63
19,71
19,82
20,43
20,73
20,54
21,56
21,31
22,49
23,69
23,74
24,79
25,32
25,31
25,36
26,67
27,74
27,55
27,63
28,51
29,78
29,68
29,52
31,69
31,38
33,43
34,74
36,79
36,76
37,52
37,50
39,67
39,58
40,51
41,51
41,57
42,52
43,81
43,72
43,63
44,51
44,68
44,72
46,65
46,68
47,65
47,63
47,67
47,77
47,79
48,81
48,79
50,68
50,61
51,53
53,61
54,58
57,75
57,69
57,74
60,75
64,72
64,75
65,72
65,74
65,70
69,73
75,77
75,78
