0,61
0,53
0,74
0,21
0,1
1,51
1,17
2,55
2,73
3,35
3,65
3,70
3,14
4,29
5,44
5,51
5,6
6,72
6,75
7,39
7,72
9,18
10,11
11,25
11,32
11,16
12,51
12,40
14,51
14,72
15,70
15,35
15,20
15,69
16,30
17,47
18,52
18,39
18,53
18,74
18,57
19,37
20,21
20,69
21,75
21,42
21,50
21,27
22,36
23,67
23,35
23,55
23,64
26,51
27,65
28,35
29,46
30,35
31,68
31,33
32,66
33,53
35,46
35,48
35,44
36,45
38,59
39,40
40,75
40,49
40,65
41,61
42,49
42,44
44,53
45,59
45,54
46,55
46,69
47,64
48,59
49,72
51,62
52,56
53,59
53,75
59,69
67,75
67,74
68,73
