0,21
0,26
0,79
1,33
1,34
1,91
1,21
2,63
2,23
2,33
3,68
3,42
3,91
4,46
4,26
5,51
5,12
5,38
6,75
6,67
6,55
6,49
6,14
7,16
8,86
8,66
8,11
8,25
8,85
8,14
9,40
9,74
10,36
10,50
10,78
10,65
11,39
11,21
11,45
12,34
12,69
12,87
14,80
15,90
15,39
15,79
15,85
15,22
15,42
15,35
16,67
17,20
17,24
17,49
18,28
18,35
18,43
19,28
19,58
20,23
20,87
20,37
20,26
21,32
21,79
21,68
22,90
22,88
23,57
23,25
23,85
24,70
24,72
24,59
25,45
25,81
25,36
25,47
26,73
28,75
28,55
29,91
29,65
29,85
30,51
30,81
30,65
31,51
32,56
32,38
32,64
32,83
32,42
34,76
34,79
34,52
34,44
35,89
35,91
35,74
36,72
36,74
37,58
38,56
39,52
40,68
41,51
41,88
42,46
42,45
42,81
43,73
45,65
46,59
46,63
47,50
47,60
47,59
47,53
47,74
47,57
49,59
49,70
49,91
50,90
50,63
50,89
51,79
51,90
51,77
54,55
55,63
56,76
56,64
57,68
57,72
58,64
58,59
60,88
61,84
64,86
65,73
65,74
65,70
66,90
67,81
68,88
68,80
69,73
71,88
72,86
75,86
76,85
77,83
78,90
81,90
82,88
83,89
