0,95
0,68
1,18
2,26
2,47
2,38
2,91
2,59
2,94
3,73
3,27
4,9
5,80
5,8
6,35
6,27
6,7
8,60
8,56
8,17
9,88
9,42
9,41
12,34
12,76
13,49
13,83
13,48
14,27
14,37
15,68
16,73
16,60
17,19
18,58
18,66
19,50
19,60
19,44
20,76
21,68
21,45
23,96
24,41
24,32
25,29
26,53
26,32
26,48
27,64
27,29
28,69
30,39
31,97
32,36
32,84
32,89
33,97
34,57
38,68
38,45
40,61
40,91
40,94
40,49
41,86
41,70
41,84
42,68
42,53
43,68
44,85
45,54
45,82
46,93
47,51
47,61
48,90
48,84
49,89
50,66
52,97
52,85
53,88
53,89
55,77
56,61
56,78
56,81
56,79
58,81
62,95
63,77
65,84
68,92
74,77
74,79
78,87
80,88
81,90
83,93
85,92
