0,45
1,72
1,58
1,44
2,66
2,55
2,43
4,64
4,63
4,7
4,85
5,19
5,22
5,62
6,77
6,80
6,21
7,34
7,58
7,38
8,46
8,78
8,48
8,35
9,66
9,39
11,21
11,36
11,45
12,56
12,78
12,35
12,46
12,66
12,40
13,56
13,42
13,57
13,76
14,51
14,43
14,77
15,36
15,88
16,28
16,30
17,43
17,47
17,25
17,57
18,45
19,44
19,55
20,30
22,59
22,75
23,87
23,70
23,80
23,26
25,32
25,34
26,41
26,74
27,56
28,61
28,46
29,43
30,68
30,50
31,62
31,40
34,55
35,67
35,77
36,42
36,54
36,62
36,48
36,90
37,79
37,65
38,39
38,63
38,76
39,71
39,89
40,53
40,57
40,81
41,48
41,64
41,63
42,84
42,67
43,70
43,73
43,82
43,78
45,62
45,79
46,85
48,58
49,54
50,72
51,57
52,80
52,74
52,72
52,59
53,72
55,57
57,67
57,85
61,70
62,79
64,73
65,71
67,85
67,91
68,71
70,77
71,90
71,81
72,75
72,86
73,86
74,76
76,91
79,83
79,90
83,90
