0,41
0,60
0,50
0,47
0,20
1,58
1,50
1,21
1,19
1,71
1,31
2,62
2,68
3,6
3,80
3,59
4,66
4,16
5,48
5,61
5,40
5,44
6,13
6,86
7,74
7,71
8,86
8,66
8,35
8,55
8,75
9,72
9,44
9,20
10,48
10,31
10,83
10,47
11,45
11,25
12,55
12,32
13,67
13,85
13,22
13,74
14,60
14,81
14,67
15,69
16,87
16,86
16,27
17,44
17,86
18,51
18,30
18,77
18,19
18,78
19,68
19,23
20,59
20,64
20,60
21,61
21,37
21,68
21,73
21,87
21,44
22,47
22,88
22,37
22,39
23,43
23,70
25,49
26,58
26,47
27,28
28,55
29,58
29,44
29,39
30,65
30,39
30,37
31,80
31,82
31,50
32,76
32,59
33,79
33,35
34,72
34,79
34,75
34,76
34,86
34,46
35,48
36,69
37,66
37,77
39,68
39,75
39,86
41,63
41,79
41,70
42,65
42,59
42,73
43,82
44,78
45,83
45,88
46,53
46,63
49,88
49,63
49,67
49,84
50,87
51,56
51,60
51,78
53,80
54,58
54,87
54,77
55,75
55,60
56,59
57,84
58,69
59,78
59,75
61,82
61,76
61,73
63,65
63,75
64,67
66,87
67,69
69,70
70,81
70,77
71,78
73,86
75,77
75,80
76,83
76,79
80,86
83,87
85,88
