0,43
0,45
1,56
1,31
1,68
1,49
2,77
2,3
2,19
3,33
3,83
3,51
4,56
5,14
5,9
6,31
6,20
6,26
7,12
7,82
8,86
8,55
8,43
8,63
10,47
10,87
11,82
11,42
11,36
12,54
12,49
12,70
12,26
13,82
13,79
14,72
15,59
15,26
15,72
16,43
16,22
16,71
16,27
17,52
17,28
17,19
18,59
18,32
19,50
19,31
20,31
20,22
20,69
20,53
20,68
22,50
22,87
23,65
24,61
26,56
26,82
27,47
27,35
28,71
28,62
29,58
30,68
30,33
31,76
31,54
32,82
32,67
33,87
35,54
36,47
36,61
37,63
37,51
38,45
38,41
38,42
38,52
39,46
39,66
39,68
41,77
41,63
43,50
43,85
46,73
46,77
46,68
46,53
47,65
48,64
48,65
50,76
51,66
51,77
52,76
52,79
53,55
53,65
53,58
53,61
55,69
57,59
57,87
57,69
57,75
60,66
62,76
62,67
62,83
62,74
63,81
63,79
64,75
65,84
66,76
67,81
69,70
71,79
71,73
74,85
80,84
80,81
