1,21
1,9
1,19
2,56
2,18
2,23
3,38
3,31
3,36
4,41
4,9
4,26
5,15
5,34
6,27
6,18
6,63
7,43
7,21
7,63
7,39
8,50
8,29
8,26
9,19
9,54
10,56
10,13
10,64
10,22
11,25
11,32
11,42
11,15
11,24
11,22
12,40
12,26
13,57
13,44
13,42
14,41
14,24
14,53
14,65
14,43
15,33
16,34
16,63
17,37
18,49
18,27
19,65
19,22
20,30
20,21
20,24
21,42
21,54
22,34
22,27
23,45
23,34
23,27
24,25
24,34
25,28
25,45
25,58
25,27
26,48
27,35
27,59
29,30
30,61
30,40
30,46
30,62
31,52
31,63
31,38
32,58
32,45
32,48
33,50
33,65
34,38
36,43
36,64
37,40
37,44
38,46
38,49
38,63
38,57
39,48
39,65
40,43
41,50
42,53
44,61
46,65
53,65
55,63
55,56
56,65
57,63
57,60
58,59
58,64
58,61
