0,44
0,4
0,33
0,76
1,79
1,23
1,20
1,83
1,76
1,26
2,75
3,6
3,11
3,73
3,74
3,39
4,35
4,80
5,70
6,63
6,54
7,58
7,15
7,78
7,37
7,80
7,40
7,39
8,31
8,27
8,45
9,57
9,11
10,40
10,29
11,79
11,55
12,34
12,56
12,30
13,62
13,29
13,74
13,49
13,67
13,53
14,42
14,44
14,45
15,70
15,42
15,38
16,21
16,63
16,47
17,38
17,66
18,20
18,53
18,78
19,47
20,29
20,31
22,67
23,43
23,82
23,57
23,33
23,45
23,58
24,70
24,82
24,64
25,81
25,80
25,55
26,48
26,43
26,77
26,29
27,77
28,73
28,56
28,62
29,39
29,79
30,32
30,35
30,55
31,33
32,46
32,67
32,63
32,58
32,76
33,79
33,82
33,70
34,36
34,49
34,57
34,37
34,82
34,46
35,64
36,60
36,37
36,75
36,83
38,83
39,58
39,62
40,58
40,78
41,49
41,83
43,58
43,57
44,58
45,60
45,65
47,68
47,76
47,62
47,74
47,81
47,67
48,69
48,56
50,58
51,79
51,59
51,70
51,61
51,66
51,83
54,61
56,64
58,77
59,61
59,82
60,67
62,72
62,77
65,74
66,70
68,76
71,73
74,82
76,83
76,81
