0,3
0,25
0,13
0,19
0,18
1,64
1,67
2,51
2,32
2,64
3,23
4,38
4,36
4,53
4,45
4,22
5,39
5,15
6,21
6,14
7,38
7,14
7,43
8,66
8,13
8,25
8,24
8,45
8,63
9,33
9,66
9,28
11,44
11,17
11,36
12,56
12,40
12,37
12,19
12,33
12,20
12,26
12,47
12,57
13,36
13,43
13,59
13,19
14,36
14,52
15,53
15,55
16,17
16,25
16,55
16,48
16,21
17,53
17,30
17,28
17,27
18,20
18,46
18,30
20,68
20,50
21,59
21,67
22,41
22,57
23,41
23,25
23,51
24,46
25,36
25,39
25,45
26,54
27,66
27,32
28,65
28,33
29,32
30,35
31,37
31,52
33,34
34,57
35,44
35,40
35,41
36,61
36,59
37,54
38,46
39,65
41,57
42,56
42,65
42,43
42,45
45,67
45,68
48,50
48,56
49,60
50,53
51,62
51,55
51,59
52,57
59,65
