0,61
0,59
0,21
0,10
0,33
0,68
0,46
1,21
1,9
1,53
1,6
1,40
2,59
2,52
3,34
3,7
4,40
4,7
4,53
4,41
5,50
5,30
5,35
5,15
5,38
5,57
5,37
5,55
6,30
6,47
7,39
7,42
7,41
8,68
9,62
9,27
9,46
10,51
11,38
11,48
11,53
11,57
12,18
13,17
13,54
14,69
14,48
15,22
15,62
15,51
16,57
16,31
17,44
17,22
17,32
17,19
17,54
18,66
20,53
20,22
20,43
21,48
22,39
23,55
24,40
25,54
26,39
27,30
28,45
28,46
28,32
28,67
28,38
29,58
29,32
29,62
30,59
30,48
30,41
33,48
33,41
33,55
34,68
34,42
34,50
37,55
39,64
40,44
41,69
41,58
44,48
47,53
49,50
50,53
51,58
56,57
56,64
57,66
58,67
61,63
64,69
69,70
