1,60
1,3
1,63
2,70
2,65
2,88
2,36
2,53
2,38
2,52
2,30
3,4
3,17
3,37
3,20
3,21
4,40
5,89
6,56
6,70
7,23
7,77
7,83
8,56
8,13
9,81
9,51
9,43
9,94
10,20
10,15
11,12
11,20
11,59
13,69
13,93
14,26
14,43
14,21
16,96
16,80
16,76
16,85
16,71
17,38
18,49
18,29
19,34
19,58
20,89
20,76
20,96
20,70
20,74
21,23
21,96
21,65
22,25
22,62
22,50
23,81
23,45
24,64
24,87
24,48
24,92
24,56
24,53
24,36
25,78
25,84
25,39
26,76
26,86
26,85
26,83
26,36
27,73
28,77
28,35
29,70
29,39
30,86
31,49
32,85
32,49
34,47
35,54
35,84
36,91
36,43
36,69
36,66
37,92
38,39
38,75
39,65
40,70
40,83
41,94
44,86
44,78
46,57
46,52
46,86
47,53
47,54
47,96
49,71
49,88
49,70
50,54
52,55
53,60
53,55
53,94
53,93
53,62
54,86
54,74
54,91
55,71
55,60
55,92
57,63
57,88
57,80
60,69
61,75
62,88
63,75
63,76
64,93
64,81
65,75
66,87
66,71
66,90
67,93
67,83
68,77
70,81
70,91
75,89
77,93
78,86
79,93
80,95
91,93
92,96
