0,37
0,68
1,42
1,29
1,40
2,75
2,9
4,72
4,59
4,26
5,85
5,30
5,75
6,12
6,7
6,13
7,19
7,12
8,39
9,54
9,68
9,21
10,32
10,11
10,77
10,61
10,42
11,67
11,43
12,84
12,28
12,32
13,69
13,70
13,25
14,81
14,45
14,36
15,53
15,45
16,25
17,36
17,37
17,39
18,35
18,59
18,66
19,24
19,46
19,82
20,63
20,66
20,39
20,47
21,74
22,37
22,64
22,27
22,30
23,53
23,67
24,26
25,79
25,62
25,28
26,47
26,48
27,44
27,52
29,38
29,72
30,39
30,51
30,44
31,84
31,75
32,81
32,62
32,54
34,81
34,60
36,58
36,79
37,47
37,77
37,46
37,67
37,54
39,43
40,79
41,77
43,80
44,68
45,50
47,70
47,61
47,79
48,83
50,58
50,63
50,54
51,72
52,68
53,75
53,67
54,85
55,61
58,59
59,65
60,69
63,75
67,83
68,78
69,85
69,71
76,84
78,82
79,83
