0,10
0,71
0,80
0,12
1,47
1,48
1,39
1,58
1,13
2,50
3,13
3,74
3,77
4,75
4,44
4,11
4,64
4,61
5,9
5,31
6,60
6,62
6,54
7,54
8,70
8,81
8,65
9,80
9,40
9,78
9,72
9,62
10,62
10,21
10,16
11,47
12,61
14,25
14,55
14,45
14,22
15,37
15,77
16,23
16,30
17,57
17,50
17,65
18,44
18,50
19,59
19,64
21,25
22,60
22,28
23,24
24,45
24,55
25,34
25,49
26,44
26,62
27,49
27,42
27,36
27,28
27,74
28,74
29,66
29,56
31,66
32,70
32,74
34,50
35,65
35,37
36,62
36,76
37,59
37,58
38,77
38,74
38,78
40,67
41,60
44,75
46,74
46,62
46,75
47,73
47,68
47,53
47,57
48,63
48,54
50,53
50,80
51,59
51,66
52,73
53,61
54,74
56,71
56,69
57,66
58,74
60,62
61,62
62,78
64,81
65,79
65,74
75,77
76,81
