0,11
0,9
0,98
1,75
1,97
2,89
2,50
2,52
2,36
3,47
3,81
3,83
3,46
4,69
4,29
5,89
5,99
5,74
6,72
6,9
6,51
6,14
7,55
7,69
7,83
7,76
8,58
8,83
8,85
9,90
9,23
9,88
10,12
10,60
11,30
11,86
12,95
12,16
12,30
12,23
12,44
12,14
12,42
12,52
13,94
13,80
13,74
13,33
13,21
13,62
14,56
14,51
15,29
16,83
16,29
16,57
17,47
18,62
18,59
18,93
18,88
19,45
19,47
19,93
20,23
20,33
20,78
20,81
20,44
20,59
20,93
20,38
21,27
21,73
22,66
22,74
23,39
23,58
24,93
24,61
24,50
25,67
25,58
26,91
26,49
26,70
26,74
26,81
27,45
27,79
27,39
27,85
27,94
27,33
28,99
29,90
29,43
29,34
29,92
30,87
30,82
31,56
31,70
31,85
31,62
31,65
31,96
32,91
32,52
33,35
33,87
33,70
33,44
34,86
34,82
34,97
36,99
36,37
36,48
36,40
37,99
38,80
38,48
39,77
39,78
40,63
40,43
41,69
41,70
41,44
44,84
44,47
45,79
46,51
46,83
46,60
47,77
48,70
49,72
50,63
50,79
51,54
51,65
51,66
51,96
52,75
52,76
52,74
53,56
54,64
54,94
54,96
54,80
55,78
55,79
56,58
56,94
56,96
56,63
57,88
57,81
59,84
59,71
60,65
60,70
60,97
61,84
62,74
62,63
63,81
65,92
65,74
65,76
66,97
66,77
66,72
67,76
67,94
68,74
68,81
70,74
70,94
71,89
71,87
76,77
76,91
77,89
83,84
84,93
84,89
86,98
87,94
87,90
88,94
90,91
94,96
