0,17
0,33
1,11
1,41
1,9
2,50
2,55
3,31
3,56
4,39
4,35
5,35
6,29
6,32
6,51
6,7
6,18
7,11
7,54
7,36
8,28
8,34
8,41
8,39
9,20
9,35
9,18
9,42
10,25
10,19
10,26
11,37
11,28
11,40
12,55
12,49
12,52
13,38
14,52
15,26
15,56
16,50
17,28
17,26
17,46
19,21
19,29
19,60
20,38
21,46
21,35
22,51
22,28
23,38
23,48
23,56
23,60
25,58
26,52
27,44
27,58
28,48
28,59
28,40
29,61
30,57
30,48
30,49
31,58
32,55
32,54
32,33
33,55
34,43
34,40
35,57
36,43
36,44
37,40
38,55
39,58
40,60
40,55
42,54
42,48
43,55
44,51
46,56
48,56
49,52
55,56
55,57
57,59
