0,80
3,52
3,16
3,74
3,38
4,13
4,18
4,23
4,56
4,20
4,75
4,6
4,22
5,84
5,42
6,50
7,67
7,80
8,31
8,59
8,30
9,28
10,24
10,48
10,63
10,23
11,74
12,33
12,55
12,14
13,60
13,54
15,67
16,62
16,74
16,85
16,18
17,61
17,85
17,29
18,68
19,33
20,22
20,78
21,65
22,40
22,76
22,51
22,27
23,73
23,35
24,36
24,31
26,72
26,30
26,33
27,48
27,65
27,74
28,36
28,58
29,83
29,65
30,79
30,42
30,63
31,74
32,49
32,46
33,55
33,70
33,81
34,44
35,71
35,47
36,83
36,49
36,76
37,49
37,62
37,68
38,69
39,44
40,85
41,74
42,82
42,86
42,68
42,44
42,71
43,80
45,46
46,83
47,80
47,55
48,68
49,82
49,58
50,85
51,58
52,72
53,84
54,69
55,68
57,60
57,82
58,59
59,65
60,61
60,72
62,70
62,69
67,77
69,70
72,86
74,79
78,81
79,86
