0,43
1,41
1,6
2,70
2,23
2,9
2,20
3,66
4,46
4,27
4,63
4,51
4,7
4,61
5,44
5,86
5,7
5,61
6,64
6,49
7,11
7,87
7,22
7,69
8,40
8,16
8,55
9,48
9,73
9,46
9,40
9,43
9,45
9,39
11,84
12,81
12,15
12,38
12,19
13,23
13,85
13,59
14,25
14,59
14,36
14,87
15,44
15,45
15,77
15,36
16,53
17,33
17,29
19,59
19,57
19,87
19,47
20,73
20,27
20,21
20,53
20,69
21,41
21,59
21,73
21,25
21,62
23,50
24,27
24,65
25,64
25,70
25,52
25,47
26,44
26,71
26,51
26,54
26,34
28,79
28,56
28,50
28,78
28,74
29,58
29,60
29,85
30,67
30,38
30,31
31,85
31,36
31,45
32,36
32,54
33,85
33,79
34,44
34,39
34,71
34,47
34,66
34,70
35,56
36,76
36,55
37,68
37,40
38,85
38,87
39,84
39,73
39,52
39,44
39,70
40,55
40,68
41,52
42,69
42,75
42,79
42,56
43,44
43,75
43,66
44,87
45,54
46,54
46,84
46,76
47,64
47,51
47,83
47,53
48,58
48,84
48,70
50,54
50,61
50,76
50,84
51,66
52,82
53,82
54,58
54,70
54,78
55,61
56,84
57,79
57,64
59,77
60,67
63,70
63,68
64,75
66,74
68,69
68,84
69,84
70,72
71,72
76,81
77,79
