0,93
0,75
0,46
0,95
0,57
1,85
1,79
1,56
2,96
2,93
2,59
3,19
3,13
4,69
4,46
4,28
5,71
5,50
6,61
6,65
6,91
6,96
7,11
8,16
9,86
9,69
9,97
9,31
10,50
10,26
10,89
10,34
11,25
12,49
13,72
14,91
14,54
14,38
16,18
16,28
17,91
17,40
18,47
18,88
19,26
20,52
20,98
20,59
21,48
21,43
21,66
21,37
22,80
22,97
23,65
25,78
25,79
25,27
25,89
26,53
26,96
27,75
27,40
27,94
28,75
30,36
30,94
30,31
31,92
31,46
31,60
32,95
33,94
33,42
35,88
35,50
36,48
36,58
37,46
37,54
37,77
37,85
38,56
39,78
39,96
39,60
41,73
42,85
42,89
44,96
45,68
46,53
47,64
47,83
48,89
48,91
48,96
50,80
51,75
51,90
53,70
61,71
62,83
63,71
64,70
66,69
68,93
68,70
69,76
71,96
71,80
71,83
72,95
73,96
75,77
81,89
82,97
90,94
92,94
