0,3
0,57
0,2
0,40
0,33
1,30
1,58
1,32
2,19
3,46
4,66
4,48
4,49
5,31
5,47
8,62
8,40
8,20
9,53
9,24
10,37
10,61
10,47
10,25
11,49
11,56
11,69
11,65
12,59
12,57
12,50
12,14
12,44
13,32
14,50
14,52
15,27
15,43
15,41
16,35
17,29
18,21
18,68
18,24
18,53
19,28
19,43
20,22
20,28
20,32
20,25
22,49
22,33
23,44
23,32
23,69
24,69
24,39
25,41
26,70
26,46
26,39
27,70
27,54
27,41
28,56
28,37
29,43
31,69
31,55
33,49
33,56
34,47
35,47
35,61
36,41
36,57
36,68
37,44
37,67
38,53
39,69
41,54
41,48
44,62
44,64
46,67
50,55
50,65
52,70
52,64
55,65
55,67
