0,12
1,78
1,21
1,86
2,52
2,20
2,71
2,83
3,12
3,66
3,5
5,47
5,7
5,78
5,79
5,19
5,49
6,82
6,65
7,64
8,26
8,47
9,15
11,21
13,67
14,87
14,49
14,77
15,72
16,18
17,20
18,32
18,77
18,44
18,85
18,81
21,50
21,55
22,37
23,53
25,40
25,30
25,68
26,50
27,77
28,60
28,29
29,50
29,58
29,62
30,51
30,52
31,71
31,63
31,86
32,39
32,61
33,42
33,54
33,44
34,81
34,46
34,51
35,61
35,73
35,60
35,47
36,82
37,87
37,45
38,65
40,61
40,53
41,54
41,43
41,47
43,82
43,75
46,86
48,62
49,82
50,60
51,64
52,63
52,54
52,69
55,58
55,65
56,77
58,68
60,72
62,70
63,85
65,81
66,72
66,84
69,75
81,84
