0,81
0,46
0,78
0,6
0,40
0,56
0,5
1,69
1,4
1,15
1,33
2,50
2,61
3,74
3,63
4,20
4,77
4,45
5,6
5,50
5,39
5,75
6,13
6,51
6,16
6,78
7,42
7,11
8,79
8,17
8,60
8,57
8,12
8,64
9,33
9,23
9,56
9,41
9,22
9,50
9,81
10,46
10,52
11,82
11,19
11,18
12,68
12,38
12,70
13,20
13,51
13,45
13,73
13,49
14,26
14,34
14,24
15,66
16,30
16,53
16,19
16,38
16,32
17,76
17,80
17,48
18,52
19,35
19,81
21,36
21,57
22,53
23,32
23,25
23,77
25,30
26,63
27,34
27,59
28,77
28,57
28,76
28,56
28,53
29,40
29,66
29,69
30,42
30,64
30,82
31,75
31,52
31,44
31,78
31,53
31,43
32,67
32,33
33,41
33,63
34,59
35,55
35,57
35,60
36,71
36,76
36,43
37,47
37,79
38,66
38,55
38,79
39,78
40,50
40,54
40,58
41,60
42,76
42,67
43,71
45,78
48,79
50,64
51,54
51,67
51,64
52,69
52,72
52,55
52,54
56,64
57,60
57,80
58,80
61,65
61,76
62,80
62,69
62,77
64,79
64,75
65,71
65,75
66,76
66,68
67,69
67,72
67,75
68,70
69,74
69,70
71,78
73,80
74,82
75,80
78,79
