0,1
0,6
1,31
2,33
2,17
2,58
2,24
2,41
3,13
3,64
3,23
3,50
3,41
3,42
4,53
4,59
4,64
4,26
4,51
5,16
5,45
5,21
5,57
5,38
6,46
6,60
6,53
7,34
7,57
7,14
8,24
8,33
9,26
9,27
10,59
10,26
10,23
10,60
11,62
11,18
11,55
12,51
12,31
14,29
14,16
14,59
15,65
16,40
16,51
17,61
18,36
18,28
18,23
19,39
20,58
20,34
21,56
21,29
21,49
21,53
22,45
23,30
23,27
24,66
25,52
26,61
26,28
27,35
31,46
32,63
32,44
32,40
33,54
35,63
36,43
37,55
37,38
39,44
40,66
41,52
42,53
43,64
45,55
45,66
47,58
47,66
48,55
49,66
49,50
51,67
51,65
51,55
55,58
55,67
57,63
57,59
60,65
62,65
64,67
