0,6
0,65
0,58
0,77
0,12
1,57
2,69
2,75
2,44
2,18
3,60
3,12
3,26
3,83
4,67
4,9
4,76
4,59
5,59
5,62
5,39
5,65
6,82
7,22
7,82
8,9
8,28
10,20
10,74
10,13
10,18
11,59
11,73
11,90
12,77
12,81
12,53
12,39
12,54
12,57
13,68
13,21
14,36
14,37
14,33
15,43
15,74
16,29
16,72
17,75
17,19
18,81
18,89
18,45
18,25
18,60
18,86
19,37
19,40
19,66
19,56
20,61
20,48
20,86
20,21
21,27
21,47
21,33
21,26
22,26
22,67
22,71
22,80
22,45
23,32
24,66
25,89
25,75
25,69
25,40
26,86
27,50
27,33
27,49
28,44
29,34
29,77
29,41
30,77
30,79
32,74
33,36
33,35
33,51
34,86
35,38
35,51
37,69
37,43
37,81
38,78
40,66
40,44
40,73
41,80
41,52
42,57
42,88
42,73
43,61
43,86
43,65
44,57
44,52
45,52
46,50
46,87
46,75
47,90
50,88
50,85
51,61
51,72
53,87
53,89
53,84
53,79
53,80
54,55
54,68
54,81
55,58
55,68
55,57
57,89
57,63
58,78
58,68
59,81
60,88
61,87
64,75
64,69
65,79
65,80
66,77
68,84
70,77
70,87
71,79
72,76
77,79
78,80
81,84
84,88
87,90
