0,21
0,37
0,11
0,59
1,55
1,75
2,50
2,45
3,71
3,74
4,26
4,52
4,78
5,31
5,9
5,52
5,16
6,76
6,52
6,69
6,42
6,58
6,25
6,29
6,47
7,23
7,70
8,80
9,57
9,50
10,48
11,62
11,71
11,50
12,17
12,80
12,55
13,45
13,69
15,81
15,44
15,74
15,39
16,73
17,73
18,51
18,46
19,29
20,27
20,39
20,29
21,39
21,78
22,52
22,68
23,46
23,68
25,76
25,63
26,27
27,77
27,47
27,69
28,81
28,45
28,59
29,41
29,67
30,65
30,62
31,60
31,42
31,69
32,49
32,72
34,59
34,81
35,55
36,76
36,73
36,77
37,74
37,64
37,80
39,80
40,48
42,59
42,53
42,46
42,75
42,48
44,54
45,79
45,75
46,81
46,68
46,75
48,73
49,59
49,77
49,68
50,79
50,80
52,64
52,73
55,76
56,65
58,71
60,80
61,67
61,80
62,64
63,78
65,67
65,80
70,75
71,73
75,81
