0,88
0,82
0,52
0,19
0,81
1,92
1,22
1,30
2,30
2,21
2,42
2,55
2,66
3,48
3,71
3,38
4,62
4,8
4,9
5,41
5,56
6,37
7,70
7,69
7,34
7,92
7,18
8,54
9,61
9,28
10,66
11,36
11,57
11,51
11,21
12,90
14,35
14,75
14,42
15,61
15,43
16,18
16,36
17,60
17,81
18,69
18,88
19,87
20,74
20,36
20,37
21,69
22,49
22,53
22,64
22,82
24,90
24,57
25,61
25,33
25,76
25,67
26,80
26,35
27,36
27,50
28,95
28,72
28,38
29,82
30,74
33,93
33,36
34,94
34,55
34,93
34,71
35,60
36,68
36,73
37,48
37,88
38,56
38,83
38,94
38,50
39,93
40,68
42,90
43,62
44,51
45,94
46,87
47,49
48,91
49,88
49,57
52,58
52,88
52,72
53,74
55,85
55,88
56,86
56,81
57,88
58,73
58,85
59,65
60,78
62,79
63,71
63,82
64,85
68,78
69,81
71,91
72,79
72,95
73,89
78,90
79,88
82,90
85,86
87,90
