0,56
0,75
0,66
0,43
0,1
1,14
1,27
2,44
2,48
2,27
2,35
2,18
3,62
3,45
3,4
3,82
3,66
3,46
4,58
4,79
4,40
5,10
5,44
6,33
6,28
6,52
7,82
7,38
8,64
8,11
8,28
8,22
8,26
9,69
9,76
9,23
10,64
10,45
10,77
11,69
11,26
12,50
12,59
12,58
14,25
14,78
14,31
15,47
15,31
15,35
16,64
16,31
17,44
18,65
19,63
19,67
19,53
19,79
20,30
20,56
20,24
20,80
21,39
22,53
22,43
23,32
23,27
24,52
24,32
24,70
25,51
25,42
25,73
25,56
26,74
26,68
26,58
27,71
27,38
27,46
28,53
28,33
29,40
29,79
29,46
30,40
30,43
31,73
32,41
32,42
32,49
32,55
33,81
33,56
34,51
35,56
35,80
35,75
36,82
37,61
38,57
38,58
38,60
42,53
43,63
43,66
44,63
45,82
46,55
46,78
46,50
46,69
47,72
48,77
49,52
49,54
50,57
50,78
52,69
54,66
54,82
55,72
56,68
57,77
57,66
59,75
59,64
59,69
60,83
61,73
63,73
63,78
64,76
64,68
66,80
68,69
69,72
69,82
72,76
