0,13
0,51
0,30
0,31
1,49
1,19
1,51
1,27
2,44
2,21
2,51
3,13
3,6
3,31
4,30
4,29
5,50
5,24
6,36
6,26
6,32
6,34
7,25
7,38
7,59
7,12
7,57
7,30
8,37
8,55
8,19
8,28
8,38
9,59
9,15
9,20
9,52
10,29
10,39
10,49
11,28
11,49
11,38
12,60
13,35
13,60
13,30
14,47
14,49
14,35
15,27
15,28
16,50
16,47
16,30
17,32
17,42
17,54
17,38
18,21
18,26
18,33
19,24
20,31
20,56
20,55
21,47
21,23
21,38
21,25
21,53
22,60
22,52
23,36
23,45
24,59
24,56
24,27
24,39
24,54
24,45
25,48
25,59
26,31
27,30
27,49
28,50
30,31
30,45
30,46
30,56
32,37
32,54
33,56
34,53
35,41
36,40
36,39
37,44
37,48
38,42
39,45
39,48
40,60
41,52
42,52
42,57
42,56
42,44
43,47
44,61
44,53
46,55
47,56
50,57
50,61
51,61
