0,15
0,69
1,91
1,12
1,74
1,66
1,50
2,97
2,77
2,14
3,54
3,31
4,73
5,58
5,47
5,32
5,68
5,21
6,21
6,48
6,83
7,90
7,22
8,59
8,61
8,82
8,33
8,83
9,24
9,53
10,27
10,68
11,41
11,46
12,87
12,20
12,16
13,45
13,57
13,49
14,21
14,31
15,37
15,95
15,86
15,62
15,61
15,16
15,43
16,64
16,81
16,73
17,82
19,81
19,59
20,82
20,35
21,41
21,83
22,52
22,72
22,55
23,55
24,38
24,64
25,86
25,31
25,78
26,79
27,55
28,40
28,54
29,48
30,62
30,90
30,68
31,48
31,92
33,53
33,54
34,68
34,56
34,79
34,61
36,63
36,55
36,60
36,76
36,82
37,65
37,59
37,50
37,92
38,79
38,42
38,41
38,84
38,57
39,68
40,61
40,95
40,85
41,86
42,59
42,80
43,86
45,70
45,74
46,49
46,65
47,55
47,87
47,68
48,61
48,90
49,71
50,74
50,60
51,54
52,68
55,88
55,80
55,70
56,82
58,78
60,70
60,85
60,65
60,63
61,81
62,73
63,72
65,71
66,94
68,90
69,95
70,73
72,82
73,92
73,89
77,81
78,82
81,90
82,87
84,85
85,88
86,97
90,94
