0,20
0,46
0,80
1,24
2,19
3,56
3,35
3,63
3,13
3,58
3,29
4,16
4,20
4,9
4,55
4,82
4,21
5,94
5,38
5,66
5,29
5,34
6,57
6,83
8,82
8,86
8,74
8,84
9,61
9,73
10,80
10,61
10,96
10,76
11,22
11,92
11,83
12,21
12,80
13,22
13,56
14,89
14,43
14,20
14,40
14,21
14,31
15,30
16,55
17,32
17,21
18,27
19,34
19,32
20,56
20,27
22,30
22,56
24,95
24,82
25,31
26,85
26,89
26,74
26,55
26,36
27,51
28,35
28,84
28,47
30,91
30,64
31,88
31,65
32,41
32,51
32,91
32,35
33,81
34,70
34,58
36,60
36,56
36,52
36,61
37,61
38,43
38,50
38,79
39,58
39,81
39,82
39,41
41,66
42,43
43,89
43,91
44,79
44,70
45,86
46,57
46,82
47,78
48,86
48,55
49,87
51,62
51,92
53,81
54,56
56,60
57,75
58,68
58,93
60,94
60,64
63,93
63,89
64,87
68,73
68,92
68,79
69,83
69,94
71,73
72,77
72,81
74,91
74,76
75,78
75,91
78,92
78,89
81,83
82,88
84,88
86,95
90,91
