0,55
1,64
1,37
2,4
2,5
3,50
4,64
5,17
6,14
6,83
6,57
6,17
6,62
7,72
7,73
7,84
8,83
8,85
8,80
8,14
9,70
10,75
10,46
11,14
12,85
12,77
12,71
13,64
13,19
14,59
15,74
15,50
16,44
16,52
17,75
17,81
17,54
18,66
18,69
19,78
20,82
22,23
22,55
25,78
25,47
26,28
26,73
26,34
26,38
26,45
27,30
27,52
28,37
29,35
29,38
29,78
29,39
29,81
30,67
32,64
32,42
32,67
34,84
34,58
35,39
35,85
35,83
36,39
36,42
37,45
39,64
39,73
41,67
43,73
43,78
43,81
44,80
44,79
44,64
45,61
46,73
46,67
47,73
48,65
51,52
51,53
51,66
56,63
58,79
58,84
59,76
59,77
60,75
61,73
61,80
64,82
73,84
