0,28
0,35
0,18
1,58
2,21
2,4
4,36
5,47
5,33
5,30
5,17
6,55
6,17
7,20
7,15
7,49
8,13
8,35
8,16
8,55
8,17
10,44
10,32
11,41
11,35
11,38
12,44
13,23
13,44
13,47
13,21
14,45
15,26
15,16
16,41
16,26
16,40
17,32
17,59
18,57
18,54
18,37
19,43
19,31
20,30
20,51
20,37
20,44
21,23
22,34
22,26
23,57
23,59
23,29
23,50
24,46
24,35
24,25
24,58
25,53
25,51
26,52
26,44
27,50
28,40
29,58
30,32
31,35
31,41
32,54
33,59
34,48
34,43
34,44
35,59
35,38
37,48
39,58
40,56
41,52
42,50
42,51
43,59
46,48
46,53
47,52
47,55
48,53
49,55
51,57
56,57
58,59
