0,29
0,21
0,19
1,13
1,53
3,46
4,14
4,60
4,61
5,24
6,63
7,46
7,11
7,27
7,61
8,52
8,17
8,69
9,38
9,61
10,41
10,26
11,42
12,38
12,19
12,16
12,55
13,56
13,48
13,33
14,17
14,68
15,32
15,56
16,65
16,34
17,42
17,20
18,66
18,68
18,28
18,43
19,30
19,65
20,56
20,50
20,60
20,66
20,33
20,51
21,47
21,68
22,44
22,30
22,56
22,29
23,62
23,67
24,45
25,52
25,64
26,32
26,49
26,51
27,48
27,28
28,39
28,55
28,62
29,58
30,32
31,64
32,48
32,50
33,61
33,43
34,53
34,42
35,49
35,50
35,48
35,43
36,50
37,59
37,63
38,47
39,43
39,65
40,51
41,52
41,59
41,63
41,70
41,64
42,61
48,52
49,61
49,64
50,55
50,60
51,64
52,54
52,53
53,69
54,69
55,66
55,62
57,65
58,61
59,65
61,69
65,70
66,67
