0,60
0,32
0,9
0,77
1,75
1,73
1,64
2,72
2,11
4,7
4,36
4,42
4,10
5,54
5,28
5,67
6,51
7,95
7,38
7,22
8,52
9,81
9,90
9,99
10,84
10,61
10,50
11,13
11,24
11,70
11,44
12,75
12,94
14,79
14,82
14,31
14,46
14,75
15,29
15,53
15,97
16,71
16,48
17,90
17,57
17,87
17,98
18,32
22,40
23,31
23,59
24,50
24,70
26,41
26,34
28,88
30,54
30,33
33,37
33,87
34,65
34,88
34,70
34,71
35,41
36,68
36,93
37,62
37,59
37,86
40,80
40,72
42,52
42,74
43,60
43,52
44,52
44,90
46,47
46,74
46,89
48,64
51,99
52,94
53,92
53,96
54,89
56,98
57,67
58,63
58,96
58,91
59,77
60,73
64,97
65,74
66,94
69,79
72,77
74,92
76,80
77,90
78,98
80,98
83,91
85,92
88,92
90,92
90,94
