1,51
2,68
2,43
2,6
3,52
3,33
3,15
3,55
3,12
3,16
4,21
4,60
4,62
5,47
5,16
5,57
5,49
6,12
6,18
7,50
7,14
8,58
8,40
9,49
9,68
9,17
10,18
10,27
11,43
11,64
11,52
11,28
12,61
13,43
13,61
13,55
14,37
14,49
15,36
15,41
15,66
16,48
18,63
18,62
19,30
19,64
19,63
21,27
21,50
21,38
22,34
22,27
23,42
23,26
23,55
25,41
25,32
25,40
26,31
26,33
26,36
26,48
27,63
27,64
28,46
28,33
31,69
31,56
31,60
31,49
31,38
32,40
32,69
33,60
34,39
37,41
37,61
37,39
38,46
39,67
39,63
40,53
42,48
43,55
43,54
43,65
46,55
47,50
48,60
49,62
49,57
52,60
53,57
54,61
56,63
57,65
61,62
