0,22
1,34
1,3
1,50
2,10
3,13
4,40
4,58
5,46
5,7
5,35
5,74
5,8
6,40
6,13
7,42
7,24
7,84
8,67
8,61
9,54
10,55
10,18
10,69
11,78
11,35
11,46
11,23
12,16
12,63
12,88
12,55
14,49
14,52
14,82
15,58
15,44
16,35
17,37
17,43
18,75
19,33
19,39
19,85
20,43
20,52
21,35
21,73
21,78
21,86
22,80
23,37
23,71
23,30
24,48
24,42
25,47
25,71
26,39
27,45
27,85
27,73
28,80
29,57
29,66
30,76
31,51
31,46
33,35
33,76
33,79
33,50
34,43
35,53
36,61
38,65
39,80
40,45
40,42
40,76
41,58
41,52
41,44
42,82
42,76
44,62
45,54
45,73
46,71
46,72
47,65
50,83
50,57
54,70
56,71
57,61
58,67
59,83
59,88
59,71
59,82
61,75
61,88
62,65
62,69
62,73
64,81
66,67
67,87
69,77
70,76
71,74
79,84
81,87
