0,30
0,23
0,28
1,30
1,64
2,84
2,47
4,86
4,61
6,21
6,85
7,82
7,71
8,68
8,67
9,16
9,27
9,24
10,53
11,14
11,33
12,54
12,38
12,14
12,80
13,18
14,71
14,83
15,67
16,78
16,22
16,67
18,61
18,49
19,86
19,76
19,34
19,69
20,71
20,89
20,33
20,53
20,34
20,40
21,36
21,49
22,54
22,24
23,72
24,55
24,67
25,51
26,88
28,38
28,78
28,32
28,72
29,72
30,67
31,50
31,51
31,67
31,46
31,60
31,32
32,70
32,49
32,75
33,68
33,78
35,42
35,41
37,54
37,38
37,84
37,55
39,83
41,76
41,80
42,47
42,55
43,72
44,89
44,56
46,66
47,60
48,82
50,70
51,53
51,58
51,69
52,84
54,69
55,60
61,63
64,74
69,76
70,85
72,84
74,84
75,82
77,81
78,84
86,87
