0,48
0,78
0,64
0,59
0,89
1,48
1,80
2,41
2,4
2,52
3,68
3,24
3,30
3,93
4,75
4,91
4,89
4,55
5,11
6,60
6,22
6,26
7,82
7,64
7,85
8,18
8,33
10,84
10,33
10,15
11,30
11,34
12,63
12,57
12,88
13,77
13,15
13,29
13,42
14,37
14,39
14,64
14,59
15,81
17,50
17,42
18,22
18,40
18,68
18,38
18,82
19,61
19,74
20,92
21,38
21,37
21,65
22,59
22,50
23,49
24,26
24,28
25,55
26,51
28,65
29,71
30,74
30,54
30,33
30,39
31,72
31,62
32,59
32,43
32,39
32,40
34,51
34,57
35,89
37,75
37,72
37,86
38,90
39,83
39,60
39,85
39,64
40,55
41,60
42,67
43,86
44,51
44,68
45,90
45,71
46,58
46,97
48,93
49,70
49,81
49,64
50,82
50,56
51,79
52,68
52,67
52,93
53,73
54,79
54,97
55,88
55,99
56,69
57,86
57,76
58,85
59,72
59,84
60,68
62,72
64,78
64,98
67,75
67,69
67,79
70,80
72,92
75,84
76,96
80,92
84,86
85,92
87,91
