0,66
0,31
1,46
1,47
1,52
1,66
2,12
2,14
3,50
3,20
4,58
4,62
5,46
6,47
6,23
6,30
7,27
7,43
8,26
9,31
9,33
9,57
9,66
9,49
10,60
10,31
10,16
11,29
11,66
11,23
11,39
12,38
12,18
12,62
12,20
12,59
13,19
14,65
15,23
15,63
15,28
15,66
16,37
16,36
17,55
17,23
18,29
18,41
18,58
19,66
19,33
19,51
19,30
20,57
20,55
21,58
21,26
23,41
23,44
23,47
23,29
24,49
24,53
24,30
24,28
24,31
24,34
24,54
25,32
26,35
26,30
26,39
27,51
27,35
28,38
28,53
29,57
29,31
30,55
30,43
31,61
31,51
31,54
31,66
32,35
33,44
33,58
33,38
33,63
34,42
35,42
37,39
37,53
38,58
39,54
40,53
40,54
41,47
41,61
42,53
42,56
43,58
44,56
45,48
48,50
57,62
58,65
60,63
