0,23
0,61
1,55
1,63
1,28
2,45
2,59
2,36
3,16
5,31
5,6
5,32
6,44
6,22
6,13
6,7
6,63
7,22
8,13
8,33
8,41
9,26
10,48
11,34
11,52
12,23
13,56
13,62
13,47
14,26
15,46
16,65
16,43
16,33
17,19
18,21
19,63
19,39
20,43
20,65
21,37
21,23
22,36
23,41
23,27
24,45
24,62
24,39
25,35
25,33
25,51
25,61
25,65
26,59
26,63
26,37
26,42
27,53
27,43
28,40
28,38
28,54
29,41
29,62
29,51
30,58
30,42
31,49
32,62
32,39
32,65
33,36
34,40
34,50
35,59
35,42
36,43
37,53
37,57
37,64
39,53
40,49
40,51
41,49
46,48
48,55
58,62
59,65
