0,28
0,7
0,44
0,45
1,70
1,54
1,55
2,58
3,68
3,53
4,42
4,53
4,33
4,5
4,49
4,56
4,62
4,8
5,14
5,22
5,37
6,71
6,43
6,51
6,9
6,52
7,42
7,11
7,21
7,69
8,51
8,35
8,43
8,16
8,32
8,34
10,64
10,61
10,23
10,68
11,35
11,69
11,64
12,68
12,39
12,24
12,31
13,68
14,28
14,20
14,71
15,66
15,21
15,40
16,35
16,44
16,50
16,46
16,53
17,26
17,64
17,45
17,50
17,47
17,31
18,54
18,63
19,29
19,42
19,68
20,27
20,53
22,57
22,24
22,60
22,34
22,40
23,49
23,25
23,51
24,40
25,52
26,67
26,40
26,27
27,29
27,43
28,56
28,59
30,49
30,31
31,56
31,38
32,58
33,55
33,60
33,68
33,56
33,37
34,48
35,71
35,69
36,49
37,66
37,52
37,40
37,60
38,57
38,49
39,40
39,71
39,42
41,66
43,50
43,45
44,62
46,48
47,61
48,58
49,51
49,67
49,69
50,62
51,58
52,53
52,62
54,58
55,69
55,61
56,63
57,67
57,70
58,66
65,69
