0,51
0,1
1,36
2,66
2,7
2,32
3,59
4,52
5,48
5,47
5,34
5,19
5,73
5,28
6,23
6,22
6,44
7,9
7,64
7,60
8,56
8,19
8,55
9,50
9,65
10,68
10,65
11,61
13,52
13,55
13,14
13,19
14,44
14,22
14,57
15,66
15,59
15,71
16,50
16,41
16,33
16,28
19,49
21,66
22,63
25,62
25,58
26,34
27,51
27,65
28,45
28,67
28,33
28,29
31,54
31,43
31,51
32,72
32,46
33,39
33,70
34,50
34,70
36,50
36,58
36,37
36,69
37,42
37,54
38,61
39,52
39,73
40,47
41,60
41,63
42,52
48,61
49,57
51,69
52,54
52,60
52,70
53,56
56,69
56,65
61,63
61,64
62,70
67,73
