0,13
0,47
1,34
1,48
1,46
2,35
2,25
3,60
3,21
3,56
3,20
4,58
4,51
4,49
5,39
5,60
6,45
6,41
6,16
6,38
6,54
7,49
7,19
7,24
7,26
7,14
7,61
8,67
8,27
8,42
9,69
9,48
9,23
10,22
10,51
10,52
10,54
10,25
10,15
11,58
11,36
12,70
12,42
12,67
13,63
14,59
15,50
16,50
17,19
18,38
19,69
19,66
20,45
20,40
20,51
21,40
21,52
21,26
22,51
22,70
22,64
24,51
24,70
24,27
28,35
29,55
29,52
29,69
29,47
31,46
32,37
33,59
33,70
34,37
34,68
34,38
35,40
35,44
35,49
36,72
36,43
36,61
36,63
37,65
37,61
37,71
38,49
38,47
40,49
41,43
41,60
42,51
43,45
44,63
45,57
46,50
47,54
49,60
49,64
50,72
50,68
51,65
51,62
54,64
54,69
56,65
59,60
60,68
62,65
66,72
