0,8
0,77
0,75
1,45
2,71
2,27
4,72
4,39
4,41
5,68
7,19
8,56
9,76
9,34
9,13
10,88
10,75
11,75
12,15
13,16
14,60
14,71
14,51
15,89
15,63
15,49
16,85
16,31
17,42
17,58
18,42
18,32
19,21
19,56
20,58
20,21
20,52
21,79
21,29
21,73
21,25
22,28
23,26
23,67
23,24
25,29
25,71
26,78
26,64
26,27
26,79
27,75
28,84
28,78
30,76
31,66
31,80
32,54
32,70
33,87
33,54
35,67
37,66
39,57
40,76
40,63
41,44
42,61
43,82
43,62
44,54
45,78
46,57
46,68
47,70
47,63
48,73
50,79
52,84
53,80
54,60
57,62
57,85
57,60
58,78
60,82
62,82
62,79
63,86
65,74
65,76
66,89
70,79
70,77
74,89
77,85
79,84
81,89
