0,13
0,72
1,57
2,71
2,76
2,4
3,66
3,54
3,15
5,62
5,14
5,76
5,18
5,67
5,54
6,65
6,19
6,32
6,77
6,62
7,50
7,73
7,36
8,15
8,37
8,51
8,33
8,78
9,54
10,38
10,21
10,13
11,36
12,61
12,18
12,77
12,72
12,53
12,35
13,55
13,62
13,38
14,73
14,68
14,72
15,27
16,23
16,28
16,40
17,64
17,20
18,34
19,23
19,45
20,50
21,75
21,61
21,49
22,70
22,77
22,72
24,65
24,32
24,59
24,47
24,78
24,61
25,70
25,33
26,73
26,54
26,70
27,68
27,33
28,56
28,74
28,59
28,31
29,59
30,49
31,70
31,34
32,58
34,43
34,69
35,45
35,67
36,55
37,75
38,44
40,44
41,53
42,56
42,59
46,70
47,69
47,71
47,67
47,66
48,72
48,71
48,75
50,75
51,61
51,54
54,61
54,65
55,72
55,60
56,68
58,60
58,63
58,78
61,69
65,68
66,72
66,70
69,73
