0,13
0,65
0,24
0,64
1,21
1,58
4,38
4,54
5,42
5,48
6,15
6,23
6,8
7,15
7,8
7,40
7,11
8,49
8,60
8,17
8,25
8,32
9,29
9,15
10,20
10,63
11,49
11,54
11,39
11,20
11,44
12,45
12,52
12,60
12,28
13,45
13,54
15,37
15,63
15,19
15,53
15,56
17,18
17,24
17,23
19,69
19,31
20,48
20,46
20,47
20,55
20,27
22,38
22,33
23,66
23,50
24,37
25,51
26,41
27,46
27,37
27,63
27,54
28,52
29,59
30,35
33,55
33,56
33,47
33,37
34,55
34,64
35,53
37,44
37,62
39,58
39,52
39,45
39,65
40,51
41,54
43,51
43,47
44,63
45,47
46,61
47,50
48,57
50,66
51,57
52,58
54,56
54,55
55,65
56,61
57,66
58,59
63,69
