0,50
0,16
1,22
2,23
2,48
2,18
3,11
3,72
3,8
3,10
3,22
4,62
4,75
4,46
4,51
4,57
5,74
5,69
6,26
6,19
6,57
7,38
7,8
7,24
7,63
7,56
7,73
7,17
7,31
8,45
8,48
8,27
8,33
8,24
8,40
8,63
8,17
8,61
9,74
9,44
9,23
9,54
9,32
10,24
10,31
10,65
10,30
11,21
11,67
11,64
11,13
11,63
11,26
11,36
11,38
12,21
12,45
12,31
12,39
13,60
13,49
14,74
14,27
14,47
15,71
16,50
16,71
16,37
16,66
17,59
17,65
17,21
18,55
18,64
19,57
19,33
19,61
19,71
20,50
20,65
21,74
22,45
22,75
23,25
23,50
23,54
23,59
24,41
25,75
25,37
25,33
25,70
26,68
26,58
29,73
29,40
30,57
30,67
30,47
31,49
32,59
33,66
33,55
33,48
35,71
35,52
37,72
38,70
38,53
39,45
40,60
40,48
40,57
41,59
42,51
42,48
43,44
44,65
45,51
45,73
46,60
47,48
47,64
48,60
50,56
50,73
51,62
51,59
52,68
54,64
54,60
55,60
56,71
58,67
60,62
60,66
60,72
