1,50
2,6
2,62
2,27
3,58
3,39
4,40
4,36
5,51
5,8
5,46
6,16
6,43
6,46
7,10
8,50
8,47
8,66
8,82
9,64
9,51
10,14
10,13
10,63
10,44
11,49
11,82
11,50
11,13
11,19
11,59
12,53
12,29
12,65
13,41
13,30
14,78
15,75
15,22
15,56
17,67
17,74
18,21
18,60
18,61
18,75
18,74
19,73
20,27
21,31
22,62
22,27
26,70
26,58
26,60
27,82
27,56
28,80
28,49
30,57
30,79
30,62
32,80
32,75
32,67
33,40
35,67
36,43
38,53
39,41
42,48
44,73
44,72
44,59
44,71
45,75
48,61
49,76
50,56
50,68
50,77
54,64
57,62
59,82
59,78
63,71
66,80
66,72
