0,34
0,29
0,44
1,19
1,9
1,68
1,15
3,12
3,24
3,63
3,43
3,57
3,64
5,61
5,29
5,55
5,58
6,69
7,58
7,44
8,14
8,49
8,43
9,63
9,56
9,57
9,34
10,70
11,68
11,39
11,45
11,26
11,25
12,69
13,66
13,34
14,52
14,48
14,59
14,43
14,42
14,68
14,58
14,16
16,22
16,69
16,47
16,64
17,46
19,43
19,35
20,22
21,61
21,41
21,29
22,27
22,61
22,48
22,42
23,40
23,42
24,31
25,71
25,51
26,47
26,39
27,73
28,46
29,65
29,45
30,47
30,46
30,71
30,63
30,41
31,64
31,61
31,44
31,40
31,70
31,42
32,56
32,60
32,38
33,59
33,47
33,67
33,51
33,72
33,62
33,36
34,49
34,61
34,42
35,49
35,52
35,44
36,67
38,41
38,50
39,57
39,63
40,53
40,43
40,52
41,61
42,43
42,66
43,64
43,66
43,55
43,65
44,52
44,71
45,66
45,64
45,51
45,73
46,69
47,51
48,56
48,61
48,67
49,61
50,54
51,68
52,68
53,62
55,62
56,63
60,71
63,64
65,70
