0,51
0,59
0,74
1,86
1,92
1,6
2,49
3,46
3,26
4,26
4,9
4,48
5,80
5,77
5,86
5,16
5,37
6,32
6,48
6,94
7,19
7,42
7,38
7,20
7,65
7,95
7,49
8,95
8,93
8,80
8,20
8,75
9,86
9,71
10,41
10,42
10,61
10,74
10,75
10,11
12,77
12,33
13,20
13,77
13,32
13,61
13,75
14,15
14,37
14,49
15,53
15,64
15,16
15,19
16,24
16,40
16,72
17,23
17,63
18,88
18,53
19,26
19,89
19,72
20,50
20,25
20,32
20,79
21,85
21,46
22,67
23,52
23,58
24,34
24,33
25,37
25,58
26,77
26,89
28,63
28,46
30,79
30,65
30,92
30,83
30,56
31,50
32,61
32,48
32,59
33,77
33,53
33,81
33,85
34,54
35,43
36,67
36,76
36,83
36,58
37,90
37,80
38,81
38,49
39,53
40,84
41,49
41,51
42,69
44,64
45,73
45,82
45,87
46,93
46,83
46,61
47,82
47,72
47,89
47,52
48,49
48,54
51,67
51,93
51,70
52,60
53,58
53,86
57,73
57,68
58,70
59,77
60,78
60,62
60,89
60,80
62,85
65,74
67,74
67,90
67,85
67,89
68,84
69,71
70,82
70,76
70,71
70,78
71,87
72,83
74,94
74,87
74,75
74,95
79,88
81,94
83,86
85,87
85,88
87,95
90,92
