0,70
0,41
0,67
0,84
1,79
1,15
1,24
1,7
2,17
2,50
2,83
2,11
3,12
3,70
3,31
3,56
4,15
4,78
4,67
4,76
4,77
5,46
5,61
5,9
5,19
5,55
6,37
7,66
7,59
7,54
7,14
7,75
8,41
8,76
8,45
8,52
8,14
10,21
10,77
10,71
10,47
10,52
10,81
10,55
11,16
11,68
11,49
11,54
11,59
12,53
12,79
13,29
13,33
13,36
13,83
14,30
14,81
14,43
15,67
15,29
15,83
15,80
15,30
16,82
16,71
17,41
17,56
17,64
17,32
18,57
20,66
20,25
20,52
21,84
21,35
22,62
22,48
22,28
24,41
25,65
25,68
25,58
26,71
26,42
26,27
27,52
28,37
28,70
29,78
30,34
30,62
30,68
30,72
31,57
33,53
33,66
33,61
33,40
34,84
34,76
34,73
34,64
34,60
35,50
36,75
36,80
36,51
37,78
38,72
38,84
38,60
38,57
40,46
40,78
41,82
43,74
43,67
43,45
44,61
45,69
46,59
47,71
47,55
47,64
47,61
48,80
49,65
49,71
50,55
51,65
52,83
54,66
54,55
55,60
56,63
56,57
57,70
59,66
60,62
61,83
61,72
61,66
61,79
64,70
66,80
69,81
71,79
71,75
76,77
80,81
