0,72
0,49
0,35
0,38
1,11
2,49
2,55
3,53
3,34
3,75
3,79
4,49
4,37
4,31
6,41
7,65
7,18
7,20
8,85
8,86
10,86
10,39
10,33
11,20
11,45
11,47
12,69
12,14
13,23
13,75
13,74
13,80
13,61
13,71
14,19
14,75
14,55
15,85
15,71
16,48
16,63
16,59
16,38
17,84
17,74
18,56
19,68
21,64
21,30
22,83
22,47
22,48
23,85
23,58
23,71
24,77
24,61
25,63
25,83
26,64
27,43
27,40
29,64
29,60
29,39
30,63
30,86
30,79
31,79
32,39
32,72
32,44
32,50
32,42
33,71
33,43
33,87
33,41
34,74
35,41
35,43
35,60
36,66
36,39
37,53
37,81
37,54
39,86
39,54
39,58
40,87
40,64
40,76
41,61
41,49
41,82
44,66
45,52
46,77
47,51
49,54
49,58
49,74
50,87
50,62
51,82
51,79
52,87
56,79
57,66
57,59
58,71
59,79
60,78
61,83
62,67
63,76
63,73
63,70
63,77
63,64
64,77
65,66
68,74
70,79
70,84
70,72
76,85
77,81
77,87
82,88
