0,40
0,57
0,55
1,51
2,62
2,56
3,19
3,24
3,16
4,38
4,5
4,12
4,71
5,27
5,19
6,18
8,64
9,85
11,31
12,21
12,53
12,80
13,84
13,28
13,27
14,76
14,40
15,31
15,21
15,43
18,53
18,39
18,79
23,43
23,54
24,29
24,85
25,57
25,79
25,53
26,29
26,57
27,32
28,30
29,36
29,50
29,79
31,34
31,35
31,46
32,72
34,80
35,79
35,80
35,72
38,44
38,68
39,80
39,52
40,45
40,62
41,80
41,66
43,76
43,67
43,48
44,60
44,69
46,65
47,64
48,80
50,67
50,56
51,82
53,81
53,61
54,66
54,72
56,57
56,70
58,73
59,75
59,67
63,82
63,69
64,79
67,80
68,69
71,84
