0,58
0,81
0,8
0,60
1,54
1,18
1,3
1,84
1,79
1,8
1,48
2,68
2,37
2,36
3,58
3,76
4,62
4,71
4,14
5,13
5,27
5,11
6,66
6,32
6,73
7,20
7,59
7,85
8,42
9,57
9,51
9,13
10,53
10,33
10,57
10,68
11,40
11,69
12,66
12,17
12,76
13,47
13,79
13,36
13,18
13,14
13,26
14,25
15,60
15,58
15,62
15,20
16,53
16,63
16,49
16,81
17,75
17,43
18,30
18,25
18,82
19,28
19,73
20,88
20,27
20,63
20,28
22,85
22,42
22,89
22,24
22,66
23,86
23,35
23,54
24,37
24,41
25,74
25,53
26,61
26,48
27,83
27,80
27,53
27,81
27,62
28,76
29,52
30,64
30,72
30,82
31,91
31,53
31,46
32,39
33,76
33,84
33,62
33,85
34,47
34,64
37,56
38,65
39,47
39,82
39,46
40,87
40,44
40,42
40,56
41,71
41,46
41,65
42,63
42,68
42,47
43,89
43,60
43,76
44,62
45,91
45,67
45,64
46,75
46,74
47,61
48,53
49,76
49,61
49,66
50,64
50,79
51,81
51,61
52,85
53,59
53,84
53,79
53,57
54,83
54,56
54,61
56,77
57,59
58,73
59,70
60,78
60,84
60,76
61,83
62,82
62,70
63,71
64,87
64,66
66,83
66,89
66,75
67,72
68,90
71,84
71,73
73,79
74,75
75,91
77,90
84,88
