0,35
0,43
0,40
1,29
1,9
1,48
2,3
2,26
2,33
2,10
3,7
3,26
3,45
3,41
3,17
3,43
3,12
4,36
4,49
4,47
4,46
4,6
4,15
4,34
5,13
5,12
5,29
5,44
5,45
6,25
6,24
6,50
7,8
8,32
8,10
8,36
8,15
8,51
9,21
9,25
10,27
11,33
11,45
11,19
12,20
13,30
13,29
13,16
14,26
14,34
14,44
16,22
16,28
16,37
16,50
16,44
16,33
17,18
17,44
18,37
18,36
19,42
19,45
19,25
19,20
20,29
20,27
20,47
20,31
20,30
20,46
21,35
21,45
21,50
22,35
22,51
23,37
25,47
25,48
25,46
25,31
25,28
26,52
27,46
28,52
29,47
29,44
30,34
30,52
30,32
32,50
32,37
33,39
33,37
33,49
36,51
38,42
39,40
40,50
41,50
41,46
41,43
42,43
