0,27
1,35
1,77
1,71
2,38
2,50
2,17
2,41
3,65
3,66
3,41
3,46
3,25
3,69
4,5
4,60
4,24
4,56
5,79
6,89
7,13
8,74
9,91
10,38
10,83
10,91
10,94
11,42
11,83
11,12
11,79
12,44
12,42
13,45
13,26
13,28
13,47
14,50
14,36
15,60
15,77
16,30
16,49
16,78
16,36
17,23
17,34
18,94
18,74
18,47
19,76
19,23
20,88
20,30
20,93
22,65
22,95
23,95
23,53
23,79
24,55
24,25
24,91
25,33
25,59
25,43
26,36
26,65
27,76
27,39
30,67
30,90
30,46
30,44
31,59
32,87
32,64
33,79
34,55
34,78
35,95
36,52
37,61
38,40
39,79
39,71
39,50
39,87
40,48
41,47
41,72
42,65
45,51
45,76
46,80
46,56
46,78
47,91
48,83
48,60
48,86
49,54
49,58
49,56
50,67
51,66
52,88
53,72
55,60
55,93
58,72
58,77
59,66
61,87
62,68
63,77
66,73
67,82
70,75
71,93
72,74
72,77
76,83
81,87
89,93
