0,81
3,87
4,89
4,28
5,46
6,30
6,36
7,71
8,75
9,58
9,14
10,24
10,48
10,79
10,69
11,19
11,88
11,12
12,21
12,63
12,22
13,86
13,23
14,73
14,51
16,17
16,79
16,50
16,42
16,91
17,88
18,67
18,68
19,82
19,74
20,85
20,92
20,33
21,40
21,65
21,48
21,90
21,92
22,30
22,24
24,71
24,47
25,34
26,70
26,75
26,62
26,49
28,66
29,40
29,53
30,65
30,63
31,35
31,34
31,62
32,87
33,73
34,55
35,77
35,39
35,65
36,75
36,38
36,66
36,84
37,81
38,59
40,92
40,71
41,90
41,81
41,57
42,77
43,70
44,64
45,66
46,67
47,87
48,62
48,72
49,59
51,59
51,79
52,54
52,67
53,79
54,77
55,69
55,67
56,69
57,87
57,74
57,78
58,67
58,85
58,61
59,63
61,77
62,72
63,86
64,77
66,75
67,91
67,92
67,87
70,92
73,88
75,83
80,86
80,90
84,86
85,91
86,91
