0,84
0,53
2,33
2,6
2,87
2,29
3,36
3,82
3,23
4,87
5,59
5,58
6,10
7,73
7,21
7,19
8,80
8,61
9,65
9,88
12,82
13,63
13,23
14,81
14,57
14,83
15,68
15,23
15,47
15,79
16,60
16,81
16,70
17,58
17,26
18,36
19,22
19,62
20,71
20,31
21,25
21,57
21,40
22,29
22,28
24,26
24,50
24,38
24,68
24,49
25,74
25,63
26,43
27,62
28,85
28,77
28,80
29,87
29,40
29,37
29,83
29,69
30,35
31,69
31,71
33,72
33,74
33,52
35,62
35,84
36,69
36,47
37,86
38,69
38,67
39,61
40,74
40,72
41,42
41,83
41,47
42,81
42,71
45,58
46,47
46,62
48,58
50,67
50,88
54,55
58,69
58,84
61,86
62,65
63,75
64,76
64,86
65,67
68,81
70,76
71,78
75,76
77,87
