0,31
0,48
0,54
0,1
0,17
0,64
0,29
1,16
2,25
2,19
3,47
3,36
3,61
4,11
5,7
5,19
5,54
5,28
6,16
6,56
7,53
8,60
8,39
8,11
9,15
10,59
10,61
10,34
10,31
10,16
11,57
13,48
13,49
14,42
14,25
15,42
15,34
15,32
15,25
16,61
17,49
17,44
18,47
20,36
21,54
21,50
21,28
23,49
23,58
23,61
24,49
24,56
25,52
25,54
27,48
27,47
28,48
29,66
30,42
30,49
31,41
32,59
32,42
33,36
33,44
33,53
34,40
34,58
35,47
35,51
35,58
36,57
37,66
40,56
41,55
41,46
41,48
42,65
45,67
45,56
45,47
45,55
45,53
49,50
51,56
51,60
52,61
52,54
52,53
53,57
54,66
55,57
55,66
57,62
58,67
