0,15
1,61
1,5
1,35
1,34
1,70
2,40
4,47
4,57
4,21
5,42
5,14
5,31
5,32
5,25
6,21
6,64
7,23
7,32
7,19
8,25
9,64
9,22
9,32
9,68
9,11
9,31
10,63
11,48
11,67
12,39
12,71
12,34
12,21
12,23
13,17
13,23
14,20
14,39
14,35
16,54
16,49
16,23
17,35
17,32
19,20
21,50
21,72
21,68
22,39
22,40
23,31
24,66
24,70
25,66
25,60
25,48
25,62
26,64
27,48
27,45
27,43
28,42
28,59
28,71
29,30
29,37
30,45
30,72
32,35
32,67
34,67
35,68
35,69
37,61
38,57
38,68
39,66
40,64
40,66
41,46
42,51
43,62
43,54
45,68
46,52
46,51
46,61
46,57
47,58
50,69
50,59
51,56
51,70
52,64
53,69
54,69
54,58
55,68
57,63
58,72
62,72
67,71
68,71
