0,48
0,67
0,3
0,31
0,52
0,22
1,31
1,65
2,72
3,72
3,55
3,49
3,33
4,63
4,61
4,57
4,21
4,34
5,47
5,64
6,16
6,24
6,75
6,79
7,38
7,74
7,11
8,33
8,69
8,65
9,35
9,20
9,45
9,11
10,35
10,29
10,25
10,68
10,64
11,33
11,79
11,43
11,14
12,40
12,15
13,71
13,34
13,23
13,72
14,51
14,42
15,35
15,57
16,52
16,37
16,27
17,58
17,51
18,30
18,51
18,64
18,42
18,70
18,41
19,64
19,46
19,21
19,20
20,36
21,63
21,25
21,24
21,51
21,49
21,61
21,57
23,63
23,74
24,48
24,54
24,63
24,31
25,48
25,72
26,42
26,48
26,77
26,56
26,40
26,70
27,53
28,31
28,42
30,60
30,45
30,66
30,78
31,61
31,79
31,78
32,68
32,37
32,72
32,52
34,37
35,76
35,45
35,38
35,40
36,74
36,58
37,63
37,49
37,71
38,65
40,48
40,76
41,79
41,50
42,51
43,69
43,44
43,74
43,58
44,72
45,71
46,70
47,75
47,56
48,73
48,64
48,74
49,68
50,63
50,57
52,75
53,77
53,54
53,76
54,57
55,79
56,70
58,69
61,75
62,74
63,78
63,69
69,76
70,77
72,78
