0,18
0,37
0,62
1,57
1,43
1,25
2,17
2,38
3,47
3,28
4,52
4,18
5,52
5,18
5,27
5,43
6,57
6,54
6,13
6,37
6,33
7,39
7,60
7,29
8,47
8,21
9,62
10,52
10,44
10,50
10,39
10,49
11,36
11,15
11,51
12,51
13,38
14,34
14,40
14,51
14,29
14,18
14,45
15,35
15,37
15,36
16,32
16,41
17,55
17,26
18,26
18,29
18,22
18,51
19,25
19,51
20,38
21,56
21,55
21,60
22,41
22,27
23,38
23,52
23,61
25,45
25,55
25,39
26,33
26,61
26,48
29,55
29,54
29,42
30,33
31,61
31,50
32,37
34,37
35,49
36,38
36,58
38,57
39,58
40,60
40,52
42,48
43,56
43,49
46,61
47,62
48,54
49,51
49,62
54,57
55,62
56,60
59,60
