0,16
1,18
1,33
1,55
2,30
2,19
2,40
3,29
3,4
3,17
3,39
3,18
3,36
4,57
4,37
4,38
4,53
4,6
5,7
5,37
5,65
5,41
5,29
5,33
5,47
7,50
7,15
7,55
7,39
7,23
7,41
8,54
8,26
8,49
8,46
9,21
9,63
9,46
9,41
10,43
10,59
10,27
10,33
11,30
12,20
12,46
12,67
12,37
13,46
13,41
13,39
13,29
13,30
14,66
14,58
15,67
16,22
16,17
16,28
17,31
17,63
19,41
19,30
19,63
19,52
19,62
20,63
20,39
20,65
20,66
22,59
22,26
22,34
25,36
26,56
27,67
27,38
27,33
29,66
30,55
31,34
31,42
32,49
32,57
32,45
34,53
34,54
34,67
35,44
35,40
35,48
37,60
37,55
37,61
38,54
40,59
40,54
41,43
42,44
42,46
42,48
43,52
48,59
48,54
49,60
49,67
52,56
58,66
58,65
65,66
