0,78
1,4
1,31
1,48
1,94
2,9
2,39
4,21
4,8
4,91
5,79
5,30
5,21
6,16
6,65
6,18
6,31
7,43
7,26
8,36
8,12
8,59
8,18
10,79
10,65
10,89
11,54
11,67
12,18
13,47
13,33
14,36
15,48
15,24
15,52
16,53
17,89
17,55
17,18
19,89
19,87
20,82
20,43
20,24
21,80
22,64
23,82
23,45
23,40
27,66
28,71
28,58
28,80
29,77
29,95
29,82
30,54
31,82
31,55
32,85
33,77
33,52
34,84
34,81
35,56
35,60
36,38
36,51
37,39
38,50
39,45
39,41
40,47
45,59
45,92
45,81
46,78
46,56
46,76
46,65
47,88
49,73
49,91
50,90
50,68
51,74
53,66
57,83
59,63
59,62
59,65
63,71
63,72
65,66
66,94
70,90
70,83
71,94
74,94
75,88
78,83
85,86
86,88
