0,54
0,46
0,35
1,41
1,12
1,47
1,22
3,11
3,63
3,40
4,66
4,61
4,22
5,32
5,53
6,9
7,39
7,47
9,33
9,66
9,27
10,42
11,57
11,51
12,16
13,57
14,43
15,44
16,36
16,58
16,18
16,53
16,61
16,67
17,58
17,46
17,47
18,19
19,36
19,60
20,61
20,50
20,62
21,22
21,27
21,52
22,47
24,25
24,38
25,50
26,65
26,59
26,67
26,39
27,33
29,31
29,38
31,57
31,55
32,45
32,64
33,65
33,69
33,67
33,50
33,34
37,46
37,69
38,48
39,66
39,58
41,58
43,67
44,57
45,49
45,66
46,58
46,53
47,57
47,61
52,63
55,66
55,65
55,67
55,60
55,56
57,66
58,66
