0,54
0,74
0,19
0,49
1,17
1,23
1,69
2,54
2,61
2,23
2,41
2,57
3,10
4,44
4,54
4,41
5,8
5,33
7,11
7,75
8,76
8,65
8,68
8,28
8,19
9,21
9,25
10,46
10,23
10,12
11,44
11,35
11,69
11,16
11,22
11,19
12,33
13,58
14,64
15,76
15,51
15,46
16,19
16,62
16,52
17,67
17,47
18,33
18,31
18,42
19,61
19,63
20,31
20,29
21,45
22,34
22,69
23,72
24,27
24,59
25,46
25,45
25,62
25,53
27,44
27,71
28,50
28,38
29,31
29,48
29,40
30,76
30,73
31,32
31,69
31,37
31,53
31,44
32,42
32,68
34,63
36,56
37,46
38,50
38,59
39,42
39,69
40,70
40,49
41,68
42,51
44,67
44,77
44,62
45,67
45,66
46,49
48,50
48,65
52,55
53,54
54,61
57,68
60,64
61,66
62,63
63,65
71,75
72,73
74,75
