0,74
0,14
1,6
1,42
1,72
1,58
1,39
2,22
2,15
2,39
3,55
3,12
3,21
4,70
5,82
6,76
6,45
7,47
7,34
7,48
7,77
7,68
7,40
7,74
8,40
9,81
10,51
10,81
10,37
10,17
11,75
11,46
11,39
11,61
11,12
11,60
11,38
12,14
12,35
12,49
13,62
13,48
13,57
13,31
14,59
14,21
15,58
15,32
16,17
16,23
16,54
17,69
17,18
17,56
17,52
18,82
18,86
18,65
18,79
19,54
19,40
20,75
20,71
20,49
20,83
20,84
20,76
20,29
20,22
20,58
21,34
22,75
22,54
23,41
23,46
24,27
24,59
25,81
25,40
25,55
25,41
26,57
26,28
27,86
27,79
27,83
28,41
28,38
29,67
30,50
30,31
30,77
31,57
32,67
33,64
33,77
34,86
35,83
36,69
36,39
37,86
37,83
37,52
38,60
40,62
40,46
43,49
43,70
43,66
45,47
46,58
46,69
48,72
48,81
49,62
49,51
50,81
52,59
52,79
52,66
52,78
52,58
53,81
54,66
57,58
58,74
58,59
58,62
62,83
62,78
62,74
63,71
64,74
64,66
64,79
68,74
68,78
71,76
72,75
72,84
73,84
74,78
75,81
83,84
