0,39
0,74
0,22
1,71
1,34
1,65
1,90
1,67
2,47
2,75
2,72
3,25
3,82
3,56
4,46
4,91
4,12
4,71
4,21
4,5
5,28
5,39
5,30
5,91
5,78
5,79
6,73
6,14
7,21
7,16
7,29
8,82
8,54
8,25
8,37
9,20
9,79
9,25
10,47
10,12
11,16
11,66
11,30
11,60
11,38
11,62
12,34
12,47
12,64
13,28
13,81
13,46
14,42
14,62
14,38
14,54
14,84
15,23
15,42
16,68
16,89
17,69
17,50
17,51
18,70
18,25
18,65
18,69
18,43
18,38
19,28
20,50
20,28
22,38
23,62
23,39
23,24
23,30
23,35
24,53
24,56
24,42
24,73
25,73
26,66
26,54
26,50
27,83
27,80
27,56
28,31
28,43
29,56
29,48
29,55
29,41
30,39
31,38
31,77
32,76
34,39
34,63
34,79
34,57
35,78
35,67
35,58
36,69
36,44
41,76
42,72
42,59
44,85
44,66
46,60
46,51
46,78
47,74
47,80
48,63
49,81
49,59
50,55
50,74
51,59
51,65
52,71
52,57
53,83
54,68
54,69
55,63
55,60
57,76
59,66
60,89
60,65
61,83
61,73
61,76
62,87
64,86
64,85
67,84
69,89
70,90
72,89
72,88
77,89
77,90
81,83
83,89
85,87
