0,41
0,19
1,27
2,6
3,89
3,66
3,13
4,79
4,40
6,42
6,78
7,28
7,18
7,34
8,91
8,45
9,33
9,13
9,73
10,49
11,22
11,31
12,49
12,75
14,43
14,45
14,44
15,23
16,39
16,60
17,71
18,70
19,24
19,89
19,77
19,63
20,65
20,46
20,67
22,30
23,65
23,54
24,60
25,87
25,76
26,72
26,89
26,88
27,49
29,68
32,67
32,51
32,89
32,82
34,82
34,75
34,42
35,84
36,47
37,43
37,55
37,45
38,80
38,60
39,82
40,63
41,56
42,68
42,61
42,72
42,91
42,76
43,59
43,48
43,66
44,90
45,59
47,50
48,64
49,60
49,77
49,64
51,85
52,83
59,75
61,83
68,79
69,72
70,81
71,89
71,77
72,91
73,83
74,78
75,90
76,90
76,78
76,84
82,84
85,87
90,91
