0,65
0,71
0,39
1,62
1,61
1,41
1,37
2,47
2,66
2,44
3,58
3,70
3,19
3,25
3,29
3,74
4,6
4,34
5,36
5,37
6,12
6,24
6,11
7,40
7,23
7,16
7,29
7,62
8,38
8,63
8,18
8,73
8,20
9,57
9,76
9,25
10,61
10,52
10,34
11,39
11,40
11,42
11,44
12,32
12,24
12,62
13,52
14,81
14,77
15,72
15,17
16,79
16,39
18,44
19,25
19,58
20,66
20,58
21,81
22,50
22,70
23,36
24,61
24,69
24,25
25,55
26,80
27,68
28,74
30,64
30,80
30,55
30,43
30,71
30,76
30,58
31,79
31,70
32,41
33,49
34,79
35,40
35,71
35,52
36,73
36,41
36,65
37,46
37,82
39,40
41,70
41,68
42,70
42,54
44,82
45,54
45,72
45,65
45,73
46,58
46,52
49,73
49,61
49,51
50,60
51,69
51,55
52,71
53,70
55,60
55,81
55,82
56,57
56,61
57,68
58,71
58,62
62,69
63,64
63,82
63,77
66,67
67,77
77,82
