0,82
0,21
0,19
0,68
1,46
1,69
2,61
2,87
2,82
2,44
3,6
5,68
5,65
5,38
6,42
6,53
7,41
8,25
8,82
9,54
10,28
10,56
10,63
10,34
10,16
11,31
11,64
12,90
12,16
12,55
12,78
13,49
13,86
13,76
13,31
14,47
14,48
14,22
15,41
15,66
15,60
16,54
17,23
17,75
17,56
18,32
18,85
20,55
20,35
22,82
22,66
22,74
22,30
22,43
23,81
23,80
23,31
24,85
24,53
24,38
25,78
25,49
26,84
27,38
27,43
27,86
28,29
28,85
29,34
29,66
30,43
32,88
32,77
32,89
32,80
33,39
33,68
33,78
34,76
34,63
35,42
35,63
36,59
37,85
37,69
37,79
37,86
39,76
39,72
40,67
40,42
41,81
41,70
41,48
42,54
43,55
44,62
44,66
45,75
46,64
48,76
49,51
49,74
50,79
50,82
51,57
52,81
52,57
53,62
54,77
55,85
56,82
57,75
57,82
58,83
59,67
62,86
65,87
65,85
67,77
69,71
71,74
73,86
77,86
80,84
85,90
