0,90
0,62
0,69
1,54
1,21
1,62
1,89
2,11
2,62
3,60
3,74
4,43
4,11
4,51
4,62
5,91
5,23
5,86
5,57
5,24
6,15
6,41
6,9
6,58
6,73
6,45
7,22
7,64
8,41
8,12
9,61
9,55
9,46
9,20
10,42
10,79
10,70
10,61
11,52
11,96
11,38
11,75
12,88
12,65
13,46
13,24
14,45
14,64
14,97
15,63
15,41
16,71
16,26
16,68
16,48
16,69
16,38
17,70
17,58
17,24
17,80
18,27
18,91
19,62
19,95
19,48
20,49
20,41
21,31
21,81
21,62
21,93
22,97
22,84
25,65
25,85
25,35
25,74
27,74
27,86
27,45
28,61
28,96
28,81
29,75
30,47
31,74
31,75
31,62
31,42
31,86
31,43
32,66
32,58
32,91
32,56
33,97
33,68
33,94
34,54
34,71
34,67
34,84
35,58
35,41
35,46
36,60
36,77
36,54
36,91
37,85
37,80
37,46
38,75
38,98
39,81
39,90
39,53
40,62
40,84
41,84
41,64
42,89
42,81
44,72
44,54
44,76
44,59
45,51
45,95
45,62
45,54
46,52
47,96
47,83
47,57
48,66
49,81
50,94
51,80
52,64
52,58
52,79
52,82
52,69
53,87
53,94
55,66
58,67
58,88
60,98
60,97
62,93
62,63
62,72
63,76
63,87
63,83
64,71
64,94
65,67
65,79
65,81
66,74
68,84
69,70
71,91
71,95
72,89
73,81
74,75
74,81
74,79
76,89
77,80
77,78
77,92
80,88
82,87
83,85
84,98
84,89
89,93
90,98
93,95
93,97
94,96
