0,22
0,59
1,39
1,63
1,75
3,28
3,5
3,36
4,81
4,19
6,56
6,35
6,73
6,51
7,65
7,11
7,56
8,68
9,45
9,67
10,67
10,33
10,18
11,37
11,56
12,40
13,77
15,34
15,57
16,64
16,38
17,32
19,58
20,67
20,48
20,51
21,32
21,30
22,27
22,67
25,64
25,49
26,49
27,29
28,40
29,45
29,36
30,38
30,79
32,57
34,76
35,55
35,37
35,76
35,50
35,60
37,66
37,60
37,81
38,45
38,56
39,63
40,59
41,79
42,77
42,53
42,68
43,50
44,69
44,53
45,78
45,71
45,51
46,79
48,71
49,77
51,59
52,65
53,70
54,73
58,66
58,60
59,80
60,77
60,70
63,75
64,72
66,77
70,80
71,81
73,75
