0,39
0,58
0,56
1,27
1,56
1,54
1,12
2,39
2,20
2,41
3,15
3,68
3,4
4,19
4,53
5,24
5,16
5,36
5,21
5,32
5,45
6,55
6,15
6,61
7,16
7,37
8,12
8,69
8,70
9,53
10,33
10,73
11,38
11,65
11,57
12,47
12,38
12,74
12,49
12,64
13,56
13,64
14,18
14,67
14,63
14,35
15,72
15,44
15,19
15,45
16,25
16,68
16,40
18,35
18,57
19,73
20,54
20,44
21,44
21,35
21,25
22,52
22,66
23,25
24,73
24,38
26,61
26,74
28,65
28,36
29,53
30,39
30,52
31,45
31,36
31,37
32,43
33,37
34,53
34,47
35,63
35,70
36,53
36,69
37,67
37,46
40,49
40,62
41,42
42,48
42,44
43,67
43,59
43,46
50,58
50,71
51,52
52,59
52,67
53,62
55,69
56,66
57,59
57,63
58,74
59,60
61,71
62,72
63,65
64,74
67,74
68,69
