0,1
0,68
0,70
1,59
1,27
1,38
1,76
1,20
2,46
2,4
2,19
3,23
3,43
3,63
3,11
4,20
4,48
4,42
5,15
5,48
5,23
6,74
6,17
6,61
7,61
7,73
7,20
7,69
7,45
8,51
8,18
8,9
9,51
9,43
9,15
9,63
10,20
10,22
10,16
11,60
11,32
12,74
12,25
12,46
12,45
12,37
13,67
14,75
14,54
14,43
15,70
15,49
16,25
16,26
16,17
17,60
17,39
17,53
17,25
17,74
18,74
18,66
19,27
19,50
19,54
19,23
19,56
19,24
20,73
20,30
21,30
22,72
22,71
23,42
23,53
24,57
25,37
25,59
26,73
26,43
26,36
26,49
26,75
28,63
28,46
28,55
29,64
30,63
31,32
32,65
34,66
34,72
35,61
37,53
37,52
37,40
37,42
38,41
38,55
38,62
38,70
39,55
40,64
40,68
41,73
41,57
41,69
42,73
42,62
42,56
42,53
43,52
44,50
44,46
44,66
44,52
45,47
48,54
48,64
48,55
49,57
49,65
50,60
50,62
50,57
52,60
52,74
52,72
52,73
53,55
55,63
55,56
56,64
57,71
57,72
58,71
59,64
61,72
61,65
64,72
65,72
