0,27
0,57
0,78
1,87
1,5
1,88
2,43
2,77
2,82
3,83
3,68
4,46
4,5
4,78
5,48
6,68
6,90
6,48
7,90
7,9
8,52
8,64
9,57
9,75
9,26
10,53
10,54
11,41
12,48
12,19
12,84
12,73
12,66
14,54
14,25
14,75
15,68
16,35
16,75
17,84
17,26
17,51
17,44
18,43
19,35
19,26
19,90
19,42
20,39
20,85
21,71
21,86
21,37
22,32
23,74
25,87
26,29
26,28
26,76
26,34
27,34
27,55
29,60
30,72
30,63
30,48
31,82
32,66
34,57
34,67
34,75
34,46
35,64
36,48
37,58
37,49
38,91
39,51
41,83
42,60
42,59
43,67
43,77
43,55
44,58
44,78
45,61
46,89
46,91
48,76
49,88
50,90
51,74
51,55
51,75
52,61
54,71
55,63
58,91
60,79
60,91
61,83
61,74
65,83
67,73
68,88
69,76
73,78
75,91
75,88
78,90
78,83
78,80
79,86
80,83
81,82
