0,45
0,74
0,64
0,11
0,27
1,17
1,19
1,58
2,6
2,43
2,54
2,32
2,51
3,51
3,12
4,62
4,53
5,7
5,19
5,74
5,73
5,32
6,25
6,22
6,38
6,62
6,78
7,30
7,25
7,50
8,69
8,33
8,47
8,52
9,54
9,62
9,69
10,35
10,45
10,15
10,38
11,42
11,13
13,40
14,54
14,25
15,60
15,29
15,27
15,71
16,37
16,71
17,24
17,81
18,65
18,48
19,30
19,60
19,39
20,61
20,37
20,33
20,63
21,66
21,79
21,31
21,51
21,65
22,39
22,26
22,82
23,44
23,65
23,54
24,28
24,60
24,78
24,25
24,59
24,26
25,37
26,28
26,79
26,41
26,32
27,58
27,47
27,65
27,36
28,44
28,38
28,54
28,68
28,82
28,75
29,61
29,62
30,33
31,60
31,76
31,57
32,72
32,80
32,70
32,67
33,64
35,70
36,49
37,40
38,59
38,55
39,40
39,50
39,80
39,56
39,81
39,59
40,61
40,66
40,65
41,63
42,81
42,67
42,55
42,44
43,53
44,47
44,78
44,72
45,70
45,71
47,80
47,82
50,73
51,66
55,73
56,78
57,70
58,79
62,70
66,74
66,77
67,79
67,78
69,73
69,79
69,78
70,82
70,77
71,80
72,77
73,74
75,76
76,79
76,80
