0,71
0,51
0,20
1,89
1,70
1,59
2,17
2,34
2,16
3,5
3,61
3,40
3,55
4,41
5,16
5,89
6,24
6,73
7,81
7,44
8,70
8,90
9,17
9,42
10,24
10,20
10,97
10,79
10,44
10,35
11,16
11,28
11,29
11,59
11,77
12,33
13,84
13,54
13,39
13,19
13,72
14,42
14,81
14,25
15,70
15,27
16,26
17,41
17,49
17,23
18,95
18,35
18,70
19,63
19,43
19,88
19,39
20,60
20,35
20,22
20,58
20,73
21,84
21,58
21,97
21,88
22,53
23,80
23,79
23,31
24,65
24,93
25,77
26,61
26,28
27,92
28,62
28,31
29,30
31,56
31,75
32,43
33,79
35,39
35,65
36,67
37,79
38,44
38,78
38,57
40,62
40,88
41,95
41,45
41,92
42,61
42,58
45,61
45,72
45,93
49,51
51,69
51,74
52,64
53,90
54,97
54,64
55,57
55,73
57,86
59,89
60,70
62,79
64,82
66,75
67,68
68,92
68,73
69,73
69,83
70,87
70,97
72,78
72,77
74,83
74,84
74,92
80,93
80,88
81,85
82,85
84,88
86,95
87,96
93,94
