0,8
1,39
2,10
3,44
3,45
3,83
4,39
5,24
5,68
6,54
6,31
6,17
6,32
7,73
7,83
7,64
7,54
8,15
8,47
8,56
9,67
9,85
10,70
10,34
10,88
10,44
11,80
11,53
12,82
13,66
13,31
15,62
15,56
17,40
17,45
17,57
18,69
18,60
18,22
19,46
20,57
21,57
21,75
21,31
23,26
23,83
23,54
24,26
25,68
25,38
26,78
26,37
27,72
27,55
28,34
29,67
29,51
29,35
32,88
33,64
33,62
34,54
34,37
35,58
36,56
36,58
37,57
39,79
40,46
41,57
41,63
43,53
43,54
45,82
46,71
50,54
51,59
51,68
52,83
53,56
54,83
54,75
54,70
54,86
57,88
57,81
59,60
60,61
60,69
61,69
62,87
63,85
64,76
64,65
65,69
68,87
69,71
71,88
73,78
75,88
