0,44
0,21
2,8
2,60
2,58
2,54
2,4
3,72
3,56
3,13
4,61
4,8
4,84
4,81
5,85
5,38
5,84
6,69
6,17
6,7
6,49
6,71
7,28
8,13
8,56
9,41
9,27
9,69
9,51
9,46
9,16
9,36
9,10
10,47
10,52
11,21
11,24
11,29
11,55
12,58
12,13
12,47
13,50
13,38
14,67
14,24
15,18
15,67
15,48
16,49
16,27
16,51
16,77
16,65
17,41
18,39
18,28
18,53
18,65
19,59
20,24
21,33
21,45
21,46
21,28
21,23
21,39
21,22
21,64
23,28
23,54
23,44
23,41
25,82
26,71
26,70
26,44
26,50
28,73
28,80
29,78
29,67
30,54
30,45
30,51
31,48
32,79
32,83
32,62
33,74
33,83
34,60
34,70
34,40
35,45
35,43
36,47
38,42
38,65
38,75
39,54
39,67
39,55
40,72
40,81
41,77
41,46
42,66
43,69
43,44
45,60
46,86
46,58
47,78
47,86
47,81
50,76
51,61
56,61
56,62
57,62
58,72
58,83
58,82
58,67
59,62
59,68
61,85
61,67
61,77
62,65
63,68
64,74
66,74
67,79
67,73
68,75
68,85
69,82
71,78
73,76
75,78
76,82
78,83
79,84
