0,20
1,39
2,32
2,54
3,8
3,57
3,40
3,53
4,68
4,24
4,38
4,22
4,36
5,40
5,21
7,42
7,71
7,55
8,64
9,54
9,18
10,50
10,15
11,50
11,69
11,44
11,33
11,17
11,21
12,49
13,17
13,59
14,28
14,42
15,34
15,66
15,29
15,68
15,32
16,74
17,76
17,61
18,73
19,36
19,64
20,74
20,66
20,44
21,58
23,60
23,75
23,34
24,69
25,26
25,53
25,28
26,32
26,75
26,65
27,74
27,52
27,67
27,41
29,52
30,70
30,51
30,52
30,31
30,50
31,40
32,35
32,74
32,61
35,56
36,67
36,47
36,64
36,38
38,73
38,43
38,49
38,61
39,57
39,53
40,50
41,52
42,45
45,65
45,51
45,66
48,65
51,68
52,61
53,63
53,55
55,56
56,70
57,58
57,60
58,64
69,72
72,75
