0,12
0,24
0,45
1,30
1,12
2,22
2,35
3,30
3,7
4,43
4,49
4,47
4,26
4,31
5,29
5,33
5,8
5,13
5,26
5,37
6,46
6,51
6,36
7,51
7,9
7,52
7,28
8,33
8,15
8,49
9,37
9,39
9,30
9,45
10,38
10,48
11,12
11,36
12,13
12,48
12,37
13,20
13,41
13,42
13,50
14,50
14,30
14,27
14,32
15,17
15,28
16,32
16,20
17,52
17,36
19,36
20,47
20,22
20,39
20,24
21,29
21,34
21,27
21,25
21,48
22,24
22,46
22,27
23,32
24,30
24,37
26,34
26,49
26,39
28,46
29,38
30,35
30,48
30,51
31,46
31,43
31,38
32,42
33,34
33,36
33,44
33,50
34,47
36,47
38,41
38,40
39,52
39,41
41,42
43,50
43,44
44,46
48,52
