0,9
0,73
1,38
1,70
1,47
1,58
1,12
2,34
2,23
2,70
3,51
3,43
3,31
3,77
3,13
3,86
4,87
4,62
4,83
4,24
4,45
5,44
7,81
9,21
9,28
9,36
9,30
10,70
10,35
10,73
10,30
10,79
10,54
11,72
11,53
11,80
12,72
13,61
13,91
13,72
14,42
15,16
15,31
15,62
15,68
15,28
15,36
16,45
16,26
16,59
17,74
17,54
17,45
18,20
18,88
19,58
19,45
19,26
19,75
19,29
19,62
19,79
20,21
22,24
22,23
22,73
23,50
24,60
24,88
24,40
24,74
24,79
25,62
25,37
25,57
25,74
26,73
26,59
26,72
26,33
26,90
27,88
28,88
29,79
29,78
29,38
29,63
29,61
30,86
31,75
31,77
31,85
32,58
32,68
33,63
33,50
33,69
35,64
35,88
35,72
36,44
36,47
37,78
38,78
39,65
39,52
39,90
39,81
41,48
41,62
43,61
44,47
44,72
45,54
45,91
46,53
47,77
47,62
47,72
48,51
49,80
49,75
50,89
51,74
51,80
52,84
53,61
54,70
54,79
55,77
55,67
55,88
56,76
58,68
59,65
59,78
60,63
60,82
63,81
65,78
65,69
67,69
67,71
68,76
68,88
73,75
78,86
78,85
79,87
82,83
82,85
84,89
