0,5
0,57
0,58
1,45
1,90
2,38
2,20
2,28
3,82
4,73
4,90
5,18
6,54
7,59
7,94
8,28
9,96
9,25
9,16
11,27
12,39
12,58
12,28
12,75
12,87
12,72
12,85
12,54
13,82
13,64
14,56
15,54
16,44
16,25
16,31
17,54
17,57
17,52
18,44
18,32
19,49
19,70
20,82
21,45
21,48
22,90
22,31
22,49
24,33
25,65
25,81
25,66
25,47
26,33
26,78
27,67
27,77
28,77
28,62
28,64
30,79
31,66
31,69
32,63
33,88
34,50
34,52
35,53
35,37
36,78
38,39
38,65
38,47
39,54
39,65
39,64
39,59
40,73
41,73
41,69
43,53
43,59
44,86
45,53
46,76
47,92
47,49
48,83
51,94
52,66
55,57
56,82
57,93
58,92
58,80
59,74
59,71
59,67
59,79
60,69
60,84
61,70
61,78
63,88
69,83
70,95
76,90
84,96
87,95
