0,36
0,3
0,47
0,46
0,56
1,14
1,54
1,71
1,41
2,44
2,64
2,8
2,58
2,43
3,10
3,73
3,71
4,46
4,62
5,38
5,49
5,64
5,60
5,75
5,57
5,28
6,34
6,35
7,34
7,27
7,54
7,47
7,59
8,51
8,17
8,39
8,21
9,19
9,24
9,73
10,70
10,51
10,36
10,40
10,15
11,33
11,66
11,71
11,38
12,60
12,65
12,28
12,51
12,26
12,14
14,20
14,25
15,39
15,46
15,38
16,61
16,22
16,56
17,28
17,32
18,65
18,25
18,35
18,62
18,60
19,33
19,60
19,62
19,64
20,58
21,69
21,43
21,51
21,31
23,73
24,56
24,54
25,48
26,63
26,43
27,55
29,53
29,54
30,54
31,48
31,75
32,67
33,64
33,37
33,43
35,56
36,50
37,48
38,46
38,68
39,67
39,48
40,52
41,59
43,74
45,65
46,58
46,75
46,69
47,49
48,58
49,56
49,75
50,65
50,60
50,61
50,57
51,72
53,60
53,55
54,70
55,62
56,75
59,69
60,73
61,68
64,73
65,75
65,73
66,75
