0,15
0,36
0,57
0,21
0,6
1,16
1,21
1,74
1,47
2,5
2,42
2,69
3,76
3,9
3,8
3,70
3,25
4,50
4,71
4,14
4,59
4,64
4,22
4,27
4,13
5,43
5,53
5,21
5,60
5,45
6,62
6,18
6,39
7,20
8,11
8,19
8,35
9,74
9,46
9,49
10,69
11,76
12,36
13,57
13,62
13,14
14,35
14,74
14,50
15,55
16,32
16,39
17,64
18,55
18,27
19,47
20,37
20,31
21,47
21,62
21,30
21,32
22,47
22,34
22,42
22,73
23,42
23,61
23,60
24,59
24,47
24,32
25,54
25,27
25,67
25,66
25,50
26,76
26,31
27,67
28,50
28,44
28,65
29,46
29,44
29,59
29,56
30,50
30,35
30,57
30,36
32,37
32,59
33,67
33,75
33,65
33,53
35,71
35,57
37,62
37,52
37,66
38,40
39,57
40,61
42,58
42,45
42,67
43,73
43,72
43,58
43,64
43,65
43,60
44,76
44,55
45,65
45,53
45,49
46,71
46,49
46,64
48,54
49,61
50,53
50,56
50,69
51,75
51,71
52,65
53,76
53,63
54,76
55,59
55,74
55,65
56,67
56,57
56,68
58,71
60,66
64,76
