0,45
0,30
2,62
2,43
2,6
2,16
2,17
2,31
2,34
3,41
3,57
4,60
4,16
4,11
5,60
6,64
6,14
7,50
7,56
8,29
8,18
9,10
10,47
11,25
11,52
12,58
12,37
12,16
12,26
13,19
13,55
14,44
14,39
14,25
15,33
16,60
16,54
16,41
16,30
17,41
17,61
17,21
18,44
18,43
18,58
19,32
20,44
20,54
21,31
21,54
23,29
23,36
24,50
25,26
25,36
25,57
25,61
25,49
25,35
26,54
27,41
27,58
27,65
27,32
27,29
28,49
28,31
29,31
29,50
32,61
33,39
33,64
35,37
36,44
36,61
37,42
37,62
38,40
38,62
38,47
39,46
39,55
40,58
40,59
41,42
44,50
44,46
45,62
45,50
46,51
47,58
48,56
50,54
50,61
52,60
53,54
56,64
57,63
58,65
59,62
59,60
60,64
64,65
