0,25
0,62
0,20
1,56
1,49
1,63
1,38
1,80
1,67
2,60
2,24
2,31
3,25
3,77
3,22
4,53
4,30
4,18
4,62
4,33
5,50
5,79
5,65
5,16
5,43
6,12
6,18
6,23
6,19
6,41
7,67
7,61
7,48
7,33
7,53
8,24
9,48
9,32
10,47
11,30
11,78
11,66
12,67
12,68
12,74
12,59
12,60
12,17
12,20
13,43
13,36
13,79
13,39
14,71
15,29
15,62
15,43
15,53
16,43
16,20
16,64
16,26
17,61
17,48
17,27
17,25
17,41
17,44
18,37
18,31
18,65
18,20
18,69
20,47
20,60
21,76
23,48
23,29
23,55
23,68
25,50
25,38
25,71
27,61
27,59
27,49
27,50
29,73
29,58
29,30
30,32
30,58
31,72
31,51
31,58
32,45
32,44
33,48
33,52
33,39
34,75
35,69
36,37
36,54
37,51
38,74
38,67
39,79
39,67
40,79
40,65
40,60
41,45
41,76
42,44
42,51
43,58
44,78
45,60
46,66
46,63
46,81
47,63
47,50
48,77
48,54
49,78
51,76
52,57
53,65
53,60
54,72
54,64
56,81
57,65
57,63
57,60
58,61
59,70
59,78
62,76
63,80
64,65
65,77
66,78
67,78
67,80
70,75
72,80
72,81
74,78
75,79
76,78
