0,90
1,22
1,55
1,83
1,63
1,29
2,23
2,95
2,40
3,75
3,91
3,6
3,47
4,24
4,34
4,56
4,58
5,81
5,80
5,88
6,80
6,34
6,72
7,38
7,32
7,21
7,65
7,19
8,20
9,42
10,87
10,93
10,72
11,14
11,43
12,52
12,50
12,61
12,77
13,82
13,63
13,83
13,22
14,66
15,98
15,28
15,57
15,70
16,72
16,75
16,90
16,21
17,74
18,38
18,89
18,55
18,32
18,37
19,57
19,69
20,33
20,65
20,63
21,83
21,45
21,50
22,69
22,64
22,33
23,57
25,87
26,29
27,36
27,38
27,33
27,46
28,61
28,45
28,48
28,37
29,79
29,67
29,88
30,38
31,66
31,83
31,52
31,68
31,44
32,50
32,67
33,94
33,77
34,93
34,72
34,85
35,56
36,67
36,84
36,98
37,97
37,55
37,58
38,44
38,46
38,47
38,78
39,74
39,55
40,46
41,80
41,65
42,65
42,86
42,94
43,78
43,97
45,60
45,89
46,88
47,53
47,71
47,85
50,82
51,58
51,59
52,61
53,94
53,64
54,96
55,91
56,78
56,86
57,67
57,61
58,98
58,74
59,79
59,88
60,98
60,94
60,74
61,65
62,70
62,92
62,79
63,72
63,77
65,85
65,74
67,91
67,77
68,81
75,82
79,90
80,86
82,87
89,93
