0,26
0,24
0,2
0,17
0,14
0,20
0,1
0,34
1,38
2,14
2,23
2,45
3,22
3,5
3,40
4,22
4,25
4,45
4,32
5,45
5,36
5,27
5,38
6,34
6,12
6,10
7,27
7,45
7,14
7,8
8,17
8,11
8,45
9,38
10,30
10,35
10,38
11,30
11,13
11,43
12,27
12,25
12,38
12,17
14,41
14,25
14,31
14,23
15,35
15,30
15,16
15,45
15,46
16,27
17,35
18,37
18,30
18,45
18,26
18,46
19,26
19,33
19,41
21,24
21,28
21,46
21,34
24,29
25,29
25,36
25,31
25,28
26,40
27,36
27,34
28,44
28,39
29,43
30,36
30,43
31,41
31,43
32,36
33,40
34,46
34,37
34,35
35,42
36,38
37,45
37,41
37,38
43,45
