0,40
0,75
1,29
1,79
1,56
1,14
2,52
2,28
3,57
3,78
3,63
3,17
4,16
4,42
4,62
4,67
5,53
5,28
5,6
5,41
6,7
6,76
6,15
6,38
7,74
7,47
7,82
7,54
8,37
8,31
8,42
8,23
8,56
9,66
9,33
10,14
10,31
10,78
10,52
11,45
11,40
12,14
12,23
12,47
13,22
13,42
14,29
14,24
14,17
14,61
15,39
17,37
17,26
18,61
18,44
18,40
18,82
18,24
18,25
18,20
19,41
19,79
20,65
20,75
20,58
21,71
21,62
22,69
22,77
22,76
23,56
24,68
24,29
24,36
25,32
25,57
26,29
27,47
28,79
28,75
29,48
31,79
32,47
32,53
33,54
33,81
33,63
34,35
34,41
36,81
36,78
37,42
38,44
40,64
41,65
41,44
42,47
44,68
45,60
45,63
45,69
46,73
46,77
48,70
48,66
49,71
51,57
52,67
53,54
53,59
56,59
57,79
57,76
59,67
60,63
62,66
63,74
63,82
66,69
68,72
71,78
72,79
72,77
72,74
80,81
