0,38
0,89
0,97
1,55
1,34
1,49
1,78
1,39
2,91
2,38
2,11
3,75
4,79
5,60
5,52
5,85
5,16
5,38
5,13
6,28
6,54
6,64
7,43
7,27
8,81
8,96
8,92
9,45
9,66
9,70
9,47
10,12
10,74
11,86
11,94
11,29
12,84
12,80
12,78
13,60
13,18
13,43
14,79
14,64
14,82
14,51
14,78
15,53
15,83
15,43
16,23
16,72
16,32
16,55
17,87
17,37
18,67
18,96
18,60
18,94
18,27
18,88
19,91
20,51
21,58
21,73
21,48
21,54
22,42
22,37
22,49
22,40
22,57
23,98
23,65
23,25
24,62
24,70
25,41
25,28
26,45
26,88
26,66
26,73
27,98
27,28
28,38
28,89
28,36
28,30
29,70
29,38
29,71
29,50
30,36
30,57
30,39
31,93
31,65
32,63
32,85
32,81
32,51
32,71
33,42
33,82
33,83
34,44
34,82
34,71
34,89
35,89
35,57
36,56
37,43
37,51
37,59
37,91
38,87
39,75
39,82
39,53
40,94
40,90
40,64
40,57
41,89
41,94
41,60
42,61
42,60
42,48
42,81
42,57
43,65
43,66
44,87
45,46
45,77
46,62
47,94
48,76
49,55
49,88
49,61
49,81
50,92
50,75
50,78
50,59
50,63
50,87
52,97
53,71
53,92
53,78
54,59
55,57
55,71
56,67
56,98
57,94
57,75
59,82
59,73
60,82
62,85
62,63
63,79
64,82
66,90
67,81
68,94
70,84
71,81
71,83
72,82
75,77
75,89
75,82
75,97
79,88
80,88
81,94
82,96
83,97
85,97
86,98
86,90
88,94
88,89
89,93
