0,1
0,9
0,60
0,86
0,66
1,74
1,54
1,6
2,6
2,64
2,17
2,70
3,73
3,20
3,50
3,11
3,34
4,33
4,56
5,11
5,7
5,47
5,21
5,61
5,30
6,88
7,24
7,61
7,64
7,59
7,23
8,82
8,66
8,26
9,62
9,47
9,37
9,87
9,39
9,50
9,69
9,85
10,45
10,19
10,90
10,38
10,30
10,74
10,54
11,12
11,27
11,48
12,90
12,36
13,58
13,35
13,56
13,82
13,62
14,47
15,64
15,25
16,35
16,31
16,79
16,32
18,75
18,37
18,64
19,50
19,64
19,47
19,52
20,67
21,63
21,73
21,68
21,27
21,37
22,45
23,56
23,25
23,73
23,83
24,26
24,34
24,48
25,68
25,69
26,45
26,63
26,65
27,43
28,83
28,41
28,42
28,57
28,78
29,39
29,77
29,50
30,40
32,85
33,74
33,39
33,85
33,56
34,78
34,42
35,46
35,55
35,57
36,75
37,69
38,46
39,58
39,80
39,77
40,49
40,66
40,83
40,69
40,53
40,65
41,84
41,76
41,62
41,66
42,70
42,49
42,84
42,60
43,56
44,77
44,61
45,72
45,53
45,51
46,69
46,80
47,87
47,77
48,59
49,89
49,88
50,58
50,80
52,55
52,58
53,81
53,79
54,73
54,77
55,89
58,64
59,72
59,80
62,82
62,80
63,81
64,72
66,82
66,83
67,80
68,90
68,75
69,76
69,71
69,90
73,76
75,81
76,89
79,81
86,87
