0,2
0,22
0,19
0,16
1,15
1,16
1,39
2,16
3,46
3,52
3,14
4,9
5,45
5,44
5,35
5,41
5,42
6,49
6,34
7,19
7,17
7,44
7,37
8,46
8,9
8,43
8,42
8,49
11,40
11,42
12,16
12,41
13,33
13,25
14,19
14,18
15,48
15,31
15,28
16,31
16,21
16,30
17,28
17,30
18,29
18,46
18,50
19,40
20,29
20,49
20,40
21,44
21,31
21,23
22,32
22,26
22,44
23,34
23,48
24,25
24,43
25,50
25,49
25,42
26,39
26,51
26,30
26,47
27,31
27,42
27,33
27,44
28,51
28,41
29,46
30,43
30,39
31,34
32,37
32,45
32,51
33,51
34,44
36,46
37,52
37,51
38,45
39,43
40,49
41,45
43,49
46,52
