0,29
0,28
0,46
0,12
1,9
1,15
2,65
2,64
3,29
3,12
4,56
4,38
4,49
4,60
5,24
5,51
5,9
5,42
5,26
6,49
6,57
6,30
8,52
9,23
9,12
9,26
10,35
10,36
10,26
11,48
11,20
11,43
12,64
12,38
12,30
13,32
13,44
13,60
13,46
14,37
14,28
15,26
15,21
15,53
16,47
16,27
16,48
16,18
17,31
17,56
18,64
18,19
18,37
18,34
18,36
20,55
21,27
22,32
23,43
24,37
24,47
25,47
25,40
27,32
27,50
27,58
28,36
28,34
28,61
28,47
28,33
28,63
29,31
29,37
30,39
30,65
30,56
30,38
31,62
31,40
31,38
32,33
32,36
33,40
34,35
34,40
35,64
36,64
36,45
37,48
38,45
38,64
38,42
39,43
40,56
42,48
42,49
43,57
44,53
44,45
45,52
45,59
45,64
46,49
50,60
51,60
51,64
52,53
52,58
54,63
59,61
61,63
63,65
