0,13
0,38
0,65
0,4
1,28
1,19
1,67
1,69
1,10
1,5
1,54
2,44
3,75
3,60
3,69
3,80
4,13
4,41
4,36
4,30
4,77
4,86
4,47
5,32
5,11
5,85
5,20
6,46
6,58
7,16
7,35
7,59
7,12
8,70
8,44
8,45
9,41
9,81
9,14
9,18
10,77
10,16
10,36
11,36
11,68
12,82
13,38
13,76
13,41
14,21
14,35
14,41
14,66
14,28
14,62
15,56
16,65
16,31
16,34
17,81
18,82
18,63
19,68
20,70
20,37
20,69
21,35
21,79
22,65
23,49
23,53
25,84
26,71
27,76
27,81
29,79
30,66
30,83
30,86
30,81
31,40
32,44
33,42
34,46
35,81
36,86
37,42
37,47
38,46
39,46
40,58
40,78
41,70
43,87
43,66
44,45
47,67
47,65
49,57
49,72
49,84
50,56
50,60
51,58
52,58
52,78
53,59
53,78
54,72
54,70
56,89
56,78
59,87
60,61
61,74
61,79
63,76
64,71
65,77
65,85
66,74
67,81
67,72
69,75
69,86
69,80
72,81
72,84
77,89
77,84
79,87
