0,34
1,30
1,19
2,57
2,64
2,28
3,50
3,14
3,6
4,45
4,26
5,23
6,33
6,21
7,15
8,56
9,53
10,25
10,13
11,32
11,43
11,48
11,64
11,39
12,51
12,28
12,57
13,55
13,66
13,64
13,18
13,54
15,67
15,25
15,26
15,57
16,42
17,65
17,49
17,51
17,38
17,59
18,39
18,26
18,29
19,60
20,60
20,37
20,58
21,56
21,45
21,58
22,44
22,67
22,41
22,40
23,60
24,58
25,61
25,37
25,46
26,47
26,48
26,58
27,45
27,46
27,67
28,48
28,30
28,35
29,32
30,39
31,65
33,35
33,60
34,47
34,60
35,46
35,44
36,46
37,60
38,61
38,55
38,56
39,67
39,64
40,41
40,53
40,60
41,62
42,55
42,56
43,59
43,60
43,67
44,46
45,53
45,65
45,63
47,62
48,55
49,61
50,57
51,61
52,57
52,67
53,68
58,59
62,68
65,67
