0,27
0,39
0,71
0,34
0,50
1,58
1,60
1,17
2,57
2,73
3,33
3,49
3,53
3,69
4,52
4,33
4,27
4,29
4,66
5,10
5,47
5,9
5,16
5,28
5,19
5,75
6,45
6,72
6,51
6,34
6,20
7,48
7,34
8,43
9,73
9,26
9,24
10,55
10,60
10,76
11,70
11,14
11,54
12,40
12,45
12,39
12,37
13,73
13,24
13,28
13,14
14,72
14,58
14,38
15,54
15,59
15,68
15,50
16,23
16,44
16,29
16,33
17,58
17,68
17,45
17,25
18,27
18,32
18,22
19,63
19,51
19,79
20,39
20,28
20,27
21,77
21,70
21,25
21,58
21,42
21,51
22,59
22,25
23,73
23,56
24,41
24,46
24,25
24,57
25,52
25,67
25,69
25,58
25,76
26,55
26,73
26,47
26,37
26,61
26,45
26,70
26,69
27,68
28,53
28,71
29,44
29,61
30,64
30,46
31,65
31,50
31,70
32,71
33,56
33,44
35,64
35,77
36,71
36,55
37,39
37,77
38,46
38,57
39,65
40,48
40,64
40,60
41,76
44,55
45,63
46,79
46,70
46,75
47,63
47,77
48,59
49,56
50,72
50,53
51,53
52,78
52,54
52,55
53,55
54,66
54,70
55,77
56,78
56,65
58,60
58,77
62,67
63,67
67,78
68,75
68,78
72,73
