0,39
0,52
0,46
1,3
1,49
2,14
2,75
3,70
3,45
3,53
4,79
4,42
4,50
4,49
4,44
5,26
5,22
5,52
5,54
6,12
6,41
6,84
7,45
7,72
7,21
8,80
8,75
8,39
8,14
8,47
9,77
10,12
10,58
11,50
11,21
11,22
12,74
12,60
12,56
12,31
13,35
13,42
13,84
14,36
15,44
15,79
15,24
15,47
15,30
15,76
16,50
17,38
19,42
19,83
19,55
20,78
20,48
20,62
21,82
21,63
22,70
22,82
23,66
23,48
23,62
23,77
23,26
23,39
24,60
24,50
25,52
26,82
26,48
26,84
27,66
27,50
27,30
27,80
29,45
30,57
30,71
31,72
31,67
32,83
32,81
32,50
33,69
34,35
34,70
34,38
34,84
35,54
35,56
35,80
36,73
37,58
37,47
38,52
38,51
39,74
39,73
40,50
41,68
41,51
41,45
41,56
42,46
43,69
43,60
44,75
44,55
45,61
46,55
46,64
47,71
47,62
48,69
48,80
48,71
50,84
50,87
51,81
51,54
52,73
52,62
52,86
52,88
52,85
53,82
53,61
54,78
55,82
55,79
55,58
56,80
57,66
57,70
58,70
61,87
61,86
61,75
63,65
64,76
65,79
66,83
66,72
66,69
68,69
68,78
71,81
71,88
74,87
75,79
78,85
79,81
80,82
81,82
83,88
