0,29
0,19
0,54
0,6
0,14
1,50
1,57
2,26
3,28
3,42
3,39
3,43
3,11
4,44
4,28
5,42
5,66
5,40
5,26
5,32
5,11
5,48
6,60
6,62
6,18
7,31
8,40
8,32
9,44
9,17
9,43
10,50
10,62
10,20
11,57
11,17
11,28
11,37
13,58
13,41
14,20
14,37
15,18
15,51
15,62
16,30
17,55
18,34
18,21
18,46
19,46
20,64
21,66
22,29
23,41
23,37
23,69
24,54
24,65
24,59
25,61
25,57
26,31
26,55
26,69
26,28
26,59
26,52
27,60
27,65
27,70
27,35
27,29
28,53
29,56
30,61
30,56
31,54
31,47
31,37
31,69
33,64
35,70
35,37
35,56
37,47
37,70
37,66
38,70
40,41
41,60
41,66
44,46
45,59
46,51
46,68
47,61
47,54
48,56
50,56
51,56
53,55
54,69
54,70
56,58
57,66
59,69
60,64
64,68
