0,29
1,81
1,54
2,88
2,9
3,84
4,83
4,91
5,50
5,73
5,27
6,61
6,66
6,31
6,46
6,45
7,54
7,87
8,27
9,56
10,51
11,86
11,54
12,68
12,34
12,70
12,95
13,36
13,28
13,44
16,45
16,61
17,44
17,49
18,26
18,54
18,85
19,57
19,63
21,59
21,24
21,25
23,88
24,84
24,83
24,28
25,58
26,72
26,47
26,65
27,89
28,40
29,45
29,92
30,76
30,37
31,69
31,59
32,93
32,49
32,40
32,63
33,80
34,88
35,85
35,50
36,39
39,46
39,80
39,75
43,72
43,90
45,89
45,83
45,93
50,63
50,62
53,83
54,81
54,82
61,80
61,66
63,75
65,86
65,77
66,92
66,89
67,75
68,78
70,73
71,87
72,85
74,89
74,91
74,79
81,86
82,85
