0,71
0,66
1,48
1,26
2,14
2,79
2,88
2,82
3,79
3,22
3,93
4,35
5,52
5,77
6,59
6,47
6,66
6,75
6,53
7,80
9,39
10,30
10,66
10,19
10,47
10,57
11,76
11,55
11,46
12,59
13,55
13,32
14,61
14,50
14,22
15,18
16,85
16,25
16,81
16,60
17,29
17,33
18,57
18,64
19,92
20,32
20,35
21,42
21,29
22,25
22,28
22,59
23,72
23,42
23,87
23,57
23,35
24,72
25,75
25,82
27,45
28,40
28,89
28,59
29,49
30,79
32,49
32,53
32,58
33,59
33,70
34,89
39,53
39,60
42,50
43,94
44,45
45,61
45,48
46,55
46,50
46,80
47,62
47,90
49,84
51,78
51,63
53,64
53,89
57,84
57,78
63,70
64,93
64,77
68,84
68,78
69,71
74,82
76,87
80,87
80,89
