0,90
0,31
0,69
0,48
0,62
1,9
1,26
1,84
1,45
1,74
2,42
2,19
2,92
2,58
2,46
3,5
3,47
3,29
3,37
4,45
4,85
4,88
4,22
5,11
5,54
6,63
6,60
6,7
6,91
6,9
6,66
7,96
7,79
7,16
8,90
8,37
8,17
8,36
8,33
8,63
8,82
9,31
9,61
9,82
9,53
9,90
9,26
9,12
10,32
10,70
10,69
10,20
10,24
10,80
10,44
11,33
11,77
12,46
12,41
12,39
12,45
14,96
14,31
14,48
14,93
15,52
15,35
15,82
16,79
16,65
16,26
16,29
17,55
17,74
17,23
17,50
17,95
18,75
18,96
19,83
19,31
20,79
21,70
21,94
22,51
23,68
24,87
24,34
24,71
25,70
25,85
26,33
27,75
27,42
27,69
27,78
28,66
29,71
29,86
30,89
30,57
30,50
30,32
30,87
31,41
31,60
32,65
32,60
33,95
33,41
35,76
35,57
36,60
37,95
38,44
38,94
39,78
39,61
39,76
39,71
40,82
41,58
42,56
42,55
43,44
43,73
43,45
43,83
44,73
45,63
46,50
46,90
47,56
47,62
48,83
48,60
49,61
50,91
50,53
50,92
51,65
53,71
53,67
54,82
54,78
54,67
54,80
54,74
54,95
55,66
55,95
56,78
57,68
57,63
57,96
58,71
59,82
59,91
60,62
60,94
60,71
61,88
61,84
62,88
62,93
65,81
65,72
65,95
65,89
66,79
68,81
70,94
72,93
73,76
77,96
77,79
78,82
78,91
79,92
81,94
82,95
85,96
87,96
88,93
88,95
89,90
93,95
