0,8
1,27
1,98
1,99
1,29
1,18
1,75
2,88
2,74
2,23
3,69
3,35
3,71
4,89
5,84
5,71
5,82
5,38
5,59
5,48
5,64
5,45
6,99
6,19
6,67
6,11
6,60
7,20
7,48
7,88
8,24
8,31
9,18
9,17
10,76
11,47
11,44
11,25
12,92
12,18
12,30
12,78
12,39
13,44
13,68
14,61
14,70
14,63
16,74
16,69
16,53
17,19
17,60
18,21
18,55
18,61
18,91
18,98
19,32
19,83
20,46
20,84
20,34
21,56
21,42
21,59
22,72
22,86
23,59
23,30
24,96
25,95
25,64
26,88
26,48
26,93
26,54
26,37
27,58
27,65
28,67
29,40
29,93
29,78
29,67
29,71
30,90
30,35
30,79
30,97
30,57
31,70
31,69
32,53
32,90
32,54
32,67
33,85
34,69
34,93
34,41
35,89
36,37
36,64
36,41
39,50
39,68
40,48
40,76
41,78
41,57
41,42
42,86
42,72
42,52
43,49
43,46
43,96
44,45
44,97
44,60
44,57
48,79
48,64
50,69
50,65
50,57
52,75
52,71
56,88
56,93
56,83
57,62
57,74
59,71
60,80
60,73
61,82
64,98
65,92
65,67
65,96
68,84
69,99
70,97
71,92
72,83
75,93
76,79
78,93
78,92
80,93
81,98
83,89
83,86
86,92
89,97
90,98
92,97
