2,29
2,76
2,22
2,31
2,73
3,24
4,69
4,57
4,33
5,51
6,11
6,16
7,34
7,53
7,31
8,69
9,38
9,62
9,16
10,58
10,19
10,71
10,41
10,31
11,18
11,49
11,21
11,32
12,53
12,16
12,75
13,80
13,43
14,26
14,78
15,20
15,52
16,25
16,37
17,42
17,79
17,67
18,27
18,55
18,20
18,36
18,71
19,70
20,64
22,56
22,67
23,65
23,30
24,53
24,65
24,76
25,53
25,74
25,28
26,82
26,33
26,51
27,60
27,38
28,50
28,60
28,82
28,78
28,63
28,71
28,88
29,88
29,66
30,78
31,87
32,61
32,50
35,52
35,45
35,88
36,63
38,48
39,45
40,64
41,69
41,86
41,53
42,79
42,69
42,48
43,44
43,58
43,77
43,46
43,74
44,47
44,52
44,88
46,63
47,70
47,77
48,74
48,51
49,65
49,68
50,53
51,68
51,84
52,55
52,84
52,75
55,71
55,87
56,80
56,85
56,87
58,86
60,86
61,88
61,80
64,85
65,75
66,85
68,82
70,75
75,86
76,86
87,88
