0,46
0,52
0,32
2,42
2,36
3,35
3,42
3,48
3,58
3,32
3,39
3,50
3,7
3,36
3,55
4,44
4,16
5,25
5,11
5,24
6,23
6,41
6,28
7,40
7,42
7,59
7,41
7,13
7,55
8,37
8,40
11,19
11,42
12,37
12,46
13,25
13,48
13,36
14,38
14,17
15,33
17,19
18,54
19,40
19,37
20,59
20,32
21,31
22,56
22,28
22,26
22,58
23,28
24,51
25,44
25,28
25,45
26,35
26,43
26,50
26,59
27,30
27,43
27,36
28,47
28,29
30,37
30,46
30,58
31,36
31,35
32,36
32,39
32,35
33,38
33,43
33,42
34,36
34,50
35,44
35,36
37,40
38,41
39,48
40,52
41,52
41,49
43,56
43,51
43,47
43,46
45,47
50,53
50,54
55,57
