0,46
0,16
0,33
1,28
1,24
1,16
1,5
2,46
2,49
2,27
3,47
3,10
3,14
3,44
3,42
4,37
4,36
4,35
4,33
5,50
6,40
6,27
7,46
7,17
8,25
8,53
8,39
8,9
8,33
8,50
9,22
10,53
11,17
11,16
12,26
13,30
14,33
14,27
14,48
15,17
15,49
15,29
15,30
16,44
16,26
16,51
16,30
17,35
17,19
17,25
17,54
17,52
18,31
18,20
20,43
20,40
20,48
21,52
21,29
21,51
23,45
23,48
23,50
24,44
25,42
26,35
26,51
27,36
27,30
27,31
27,44
28,37
28,45
30,32
30,42
31,46
32,40
33,49
33,48
33,34
34,52
34,51
35,38
35,51
35,49
36,37
37,53
38,53
39,49
41,52
43,52
44,47
45,50
46,47
