1,57
2,63
2,75
3,24
4,49
4,12
5,24
5,52
6,12
6,66
7,57
7,32
8,84
8,58
9,15
11,38
11,26
12,32
12,71
13,49
13,34
14,65
15,17
15,24
15,66
16,47
18,42
18,31
18,23
19,53
19,60
20,46
20,77
21,52
21,67
21,73
21,45
22,71
23,39
23,54
23,77
24,79
25,71
25,27
25,82
25,79
25,80
26,46
26,79
27,84
27,69
28,33
28,57
28,50
29,83
29,70
30,78
34,63
34,62
36,67
36,63
37,78
37,40
37,76
37,45
38,42
38,80
39,49
39,52
40,74
40,71
40,64
41,77
44,58
45,52
49,73
50,83
51,67
53,74
54,73
55,66
56,70
57,62
58,65
58,68
58,75
58,60
63,65
64,70
67,82
