0,27
0,41
0,6
1,23
1,9
1,48
2,19
2,34
3,46
3,44
4,30
4,46
4,66
4,19
4,55
4,49
5,48
5,68
6,31
7,52
7,36
7,20
7,57
8,24
8,43
9,55
9,27
9,23
10,52
10,50
10,45
10,20
10,24
11,56
12,69
12,18
12,16
12,44
13,59
14,16
14,66
14,46
15,32
15,24
15,63
17,55
18,36
19,59
20,62
20,61
20,21
21,68
22,53
23,37
24,68
25,44
25,38
25,28
26,40
27,64
28,47
28,50
28,49
29,70
31,33
31,66
31,67
32,59
32,68
32,33
32,34
33,68
35,68
35,44
35,61
36,63
36,50
36,39
37,43
37,45
38,52
38,39
39,58
41,43
41,46
42,58
42,49
43,48
44,58
45,69
45,64
46,54
46,69
46,52
47,52
49,68
50,70
50,68
51,53
52,63
53,60
53,65
54,67
57,61
61,70
62,63
