0,58
0,38
0,62
0,9
0,26
0,36
1,42
1,39
1,59
1,16
2,14
2,21
3,42
3,30
3,28
3,18
3,21
3,13
3,47
4,24
4,39
4,57
4,14
5,51
5,8
5,14
6,57
6,24
7,39
7,43
7,13
7,38
8,44
8,18
9,35
9,57
9,17
10,32
10,63
10,52
11,23
11,31
11,38
12,29
12,54
12,58
14,27
14,33
14,53
15,29
15,36
16,39
16,45
16,32
16,37
16,60
17,28
17,22
18,57
18,39
19,41
20,44
20,41
20,31
21,58
21,40
21,61
21,60
22,39
22,56
22,46
22,24
24,46
24,29
24,52
24,51
25,62
25,38
26,44
26,31
26,51
26,61
27,40
30,63
31,63
31,33
31,58
32,44
32,62
32,52
33,39
34,55
34,47
34,45
34,59
34,40
35,47
36,57
37,41
37,61
38,62
39,48
40,49
40,51
41,42
41,43
42,63
42,45
42,60
43,58
44,57
47,50
47,60
49,60
49,56
50,55
50,62
51,54
52,59
52,53
52,56
53,56
55,61
56,63
