0,17
0,55
1,33
1,20
1,47
1,11
1,60
2,55
2,10
2,6
4,52
5,70
5,16
5,24
5,26
5,67
6,17
6,58
7,70
7,32
8,25
8,32
8,24
9,12
10,62
10,13
11,36
11,61
11,48
11,70
12,35
12,26
12,46
13,40
13,31
13,51
13,58
14,44
14,41
14,39
15,59
15,68
15,47
15,27
16,59
16,30
17,70
18,64
19,37
19,49
20,57
20,50
20,42
20,45
20,24
21,55
22,57
22,63
23,54
24,60
24,66
25,35
26,63
26,49
26,37
26,39
28,32
29,70
29,60
30,52
30,44
31,37
32,63
32,46
33,44
33,45
34,53
34,63
34,44
36,54
37,41
38,63
38,58
39,62
40,66
41,59
41,53
41,46
42,55
42,69
42,62
42,48
43,64
43,66
44,68
44,67
45,48
46,66
46,54
48,66
48,58
49,62
49,53
50,54
51,58
51,60
52,71
56,58
57,63
60,65
61,65
65,66
