0,53
1,38
2,39
2,59
3,39
4,32
4,65
5,67
5,17
6,15
6,66
6,57
7,9
7,42
8,39
9,61
9,53
10,56
10,32
10,55
11,52
12,65
12,40
13,49
13,48
13,15
13,21
13,32
14,34
14,26
14,62
14,43
14,58
15,28
15,47
15,46
16,62
16,42
17,57
17,62
17,72
17,40
17,43
18,56
18,19
18,31
18,68
19,64
19,67
20,49
21,42
21,23
21,63
21,62
22,32
22,63
23,51
23,50
24,28
24,36
25,55
25,35
26,30
26,54
28,50
28,63
28,69
29,36
29,52
31,57
33,46
34,61
35,49
36,51
38,44
38,70
39,47
39,70
39,68
42,56
42,69
43,50
43,63
44,66
44,45
45,69
50,62
51,55
51,54
53,65
53,56
53,68
56,68
56,72
59,71
63,66
