0,2
0,78
1,73
1,6
2,18
2,22
3,77
3,34
3,38
3,5
3,55
4,83
5,80
7,77
7,83
8,78
8,41
9,45
10,14
10,66
11,54
12,63
12,60
13,70
13,14
13,63
13,81
14,30
15,24
15,16
16,54
17,43
17,76
19,83
19,80
19,78
20,31
20,49
20,80
20,70
20,35
20,36
21,62
21,31
21,77
22,53
22,47
23,65
24,74
24,27
24,76
25,65
26,40
26,38
27,77
27,62
27,74
29,36
30,61
30,69
30,35
31,61
31,74
31,78
33,58
34,65
34,36
35,51
38,83
38,74
38,69
39,47
39,51
40,82
44,61
46,57
46,56
48,73
50,56
53,63
53,72
53,68
55,77
56,81
56,67
58,78
58,79
59,74
59,79
59,76
61,69
62,73
65,79
66,81
68,72
70,79
73,81
