1,20
1,88
1,78
1,9
2,35
2,36
2,68
2,52
3,68
3,84
3,26
3,25
4,67
4,27
4,6
5,86
5,27
5,48
5,52
5,85
5,23
6,44
6,8
6,59
7,10
7,88
8,78
8,43
9,17
10,76
11,17
11,58
11,88
12,73
12,78
12,86
14,16
14,39
14,85
15,50
15,97
15,47
15,36
15,22
16,96
17,28
18,67
18,29
18,51
19,85
20,69
21,70
21,63
22,93
22,83
22,73
23,42
23,59
23,97
24,80
24,63
25,82
26,88
26,77
27,83
27,67
27,96
28,44
29,82
30,94
31,43
31,88
32,73
32,83
32,96
33,58
36,90
36,48
38,70
38,99
39,99
39,63
41,54
41,43
41,55
43,54
43,87
43,98
44,58
44,45
44,57
45,88
47,53
49,75
50,98
50,61
51,63
55,94
55,61
57,95
59,75
59,93
60,68
62,67
63,73
64,80
64,90
66,90
68,82
69,84
74,86
75,92
75,96
75,99
77,97
77,78
78,89
80,99
83,98
84,98
87,92
88,92
89,94
89,95
93,94
95,98
97,98
