0,61
0,81
0,46
0,23
0,78
0,47
0,37
0,76
0,13
1,36
1,78
1,13
2,45
2,26
3,56
3,51
4,52
5,65
5,75
6,58
6,50
6,78
7,79
7,66
8,69
8,21
8,38
9,48
9,15
9,64
10,68
10,71
11,31
11,53
12,55
12,75
12,52
13,35
13,47
13,43
13,72
13,57
14,62
14,38
16,34
16,69
16,22
16,70
17,58
17,53
17,39
17,20
18,54
18,79
18,40
18,55
18,22
19,31
19,75
19,30
19,50
20,30
21,47
21,40
21,71
22,54
22,81
23,59
23,37
23,50
24,54
24,49
25,61
25,29
26,70
26,60
27,38
27,41
27,74
27,47
27,68
27,50
29,64
31,81
31,68
31,57
31,43
32,59
32,75
33,56
33,50
33,59
33,49
34,81
34,56
34,75
35,58
36,55
36,58
37,41
37,51
38,50
38,43
38,65
39,43
40,79
40,54
41,77
42,64
43,78
43,81
44,55
44,73
46,76
46,55
47,54
48,51
49,80
49,81
50,67
52,66
52,81
52,64
52,68
54,65
54,61
56,60
56,71
56,61
57,77
58,70
58,68
59,73
60,82
61,73
61,70
61,82
64,70
64,75
65,66
65,73
66,80
68,75
68,82
68,74
69,71
70,75
71,72
72,80
74,79
