0,45
0,25
0,50
1,13
1,22
1,9
1,6
2,4
2,27
2,11
2,41
3,55
3,53
3,20
4,22
4,33
5,11
5,44
5,19
5,42
5,29
5,37
5,17
6,18
6,22
6,42
7,32
7,25
7,53
8,56
9,24
9,43
9,40
9,58
10,49
10,24
11,37
11,13
12,53
12,40
12,16
13,22
13,54
13,19
14,49
14,31
16,37
16,27
16,42
16,23
17,32
17,27
17,23
18,46
18,27
18,34
19,45
19,27
19,55
19,40
20,22
21,55
21,37
22,46
22,26
23,31
23,40
23,46
23,49
24,33
24,38
24,37
26,27
26,45
27,30
27,36
27,59
27,47
28,38
28,51
30,55
31,39
31,56
31,53
32,54
33,50
33,35
34,51
37,55
38,58
40,57
41,42
41,50
42,48
42,49
44,56
45,56
47,53
47,59
54,60
