0,60
0,81
0,48
1,9
1,34
1,65
1,46
2,53
2,17
2,52
2,10
3,77
3,20
3,75
3,9
4,68
4,22
4,33
5,19
5,64
5,77
5,61
5,52
5,31
6,72
6,65
6,16
7,61
7,10
7,48
7,17
7,15
8,34
8,16
9,34
9,41
9,75
9,11
9,71
9,78
9,22
11,33
11,80
11,23
11,70
11,51
11,78
11,64
11,68
12,18
12,39
12,64
12,60
12,57
13,26
13,58
13,25
13,29
13,47
14,33
14,50
14,59
15,58
15,26
15,74
15,63
17,43
17,40
17,31
18,26
18,47
18,37
19,73
19,30
19,37
20,77
21,26
22,63
22,78
22,47
23,33
24,36
24,48
25,60
25,63
25,29
25,76
26,62
26,71
26,80
27,37
27,46
28,56
28,30
28,74
29,61
29,55
30,70
30,32
30,71
30,55
30,44
31,44
31,42
32,33
32,39
34,37
34,61
35,46
36,59
37,61
37,72
38,41
38,60
39,49
40,67
41,52
43,64
43,74
44,64
44,56
44,71
45,54
45,49
46,48
46,73
46,62
49,75
50,72
51,59
51,65
51,81
51,71
52,79
52,72
53,70
53,65
53,81
55,77
55,66
55,65
55,73
61,76
61,72
62,76
62,69
65,75
65,71
66,67
67,69
68,81
69,73
70,81
70,78
