0,6
0,77
0,40
0,30
1,46
1,77
1,32
2,37
2,60
2,10
2,38
3,34
3,38
3,70
3,4
3,7
3,17
4,56
5,79
6,15
6,46
7,70
8,67
8,28
10,61
10,57
10,33
10,58
11,24
12,44
13,63
13,30
14,78
15,38
15,37
16,68
17,65
18,44
18,34
19,79
19,75
20,77
20,24
20,64
21,61
21,78
21,71
23,40
24,30
24,26
26,58
27,69
27,49
27,73
28,79
28,71
28,29
29,35
30,44
30,74
31,46
31,51
32,43
32,37
32,59
32,48
34,68
34,56
36,54
38,60
38,66
39,55
39,74
40,69
40,70
41,65
41,75
41,48
43,67
43,73
44,54
44,68
44,49
46,53
46,47
46,64
47,59
47,61
47,64
48,56
51,59
53,64
54,69
54,79
54,55
56,60
56,64
56,73
58,72
59,77
60,64
62,67
63,79
67,70
70,77
75,76
