0,47
0,18
0,7
0,70
0,41
1,68
1,70
2,36
2,15
2,49
3,13
4,13
4,20
5,58
5,22
5,48
6,68
6,24
6,30
6,7
7,13
7,52
7,16
8,22
9,58
10,21
10,66
10,67
10,60
10,26
11,73
11,12
11,50
12,67
13,75
14,51
14,49
15,69
15,63
15,49
15,27
16,58
16,74
16,17
17,42
17,27
18,55
18,40
18,20
18,49
19,25
19,67
19,64
20,74
21,70
21,57
21,48
22,46
22,42
22,38
23,70
24,43
24,69
24,50
25,57
26,60
26,36
26,31
28,68
28,35
29,72
29,49
29,55
29,50
29,47
30,47
30,49
30,63
30,51
32,63
32,69
33,46
34,70
34,53
36,57
37,43
38,53
38,51
39,44
39,43
40,71
40,63
42,63
43,54
47,56
47,50
48,74
49,51
50,66
50,58
51,70
51,69
53,75
53,57
55,75
55,58
55,74
56,75
56,67
58,65
62,66
62,65
65,75
68,73
70,73
72,74
