0,25
1,38
1,44
1,42
2,19
2,57
2,55
4,45
4,48
4,37
4,6
5,62
5,36
6,17
6,47
7,37
7,50
7,27
8,17
8,26
8,13
8,24
9,10
9,13
9,57
10,43
11,24
13,38
13,39
14,45
14,51
14,37
14,15
15,41
15,54
15,18
16,50
16,52
17,63
17,64
17,49
19,39
19,49
19,28
19,26
20,43
20,36
20,38
21,38
22,35
22,48
23,31
23,39
24,44
24,61
24,37
24,41
25,33
26,46
26,43
27,44
27,31
27,28
29,35
29,52
32,63
33,54
33,44
33,52
34,56
34,47
35,63
35,40
35,52
36,61
36,46
37,62
38,45
39,56
39,50
41,43
41,49
42,62
46,51
52,58
52,60
56,60
57,64
