1,75
3,9
4,77
4,69
4,78
5,26
5,78
5,16
6,21
6,70
7,23
9,65
9,14
10,21
10,26
10,38
10,11
11,73
11,18
11,56
12,75
12,47
12,42
13,43
14,20
15,79
16,35
16,37
16,57
16,53
16,74
17,37
17,65
18,58
18,40
18,35
19,56
19,37
19,50
19,67
19,29
20,24
21,72
22,73
22,85
22,24
22,60
23,53
23,75
23,33
25,26
25,59
26,35
26,86
26,67
27,73
28,71
28,29
29,80
29,58
30,52
32,66
32,84
32,63
33,61
33,69
34,70
34,68
36,86
36,45
37,70
38,81
38,66
39,79
39,76
39,41
40,42
40,44
42,81
43,85
43,72
43,79
44,75
45,79
46,54
46,55
47,58
48,74
49,57
50,59
51,58
51,69
51,85
54,71
55,78
55,77
57,60
58,67
58,60
59,67
59,73
61,62
63,87
63,73
63,71
64,84
66,69
66,72
67,70
69,80
69,86
69,76
74,77
75,76
78,84
80,83
81,83
84,87
