0,36
0,27
0,25
0,47
1,16
1,17
1,42
1,47
1,38
2,52
2,16
2,66
3,33
4,15
4,51
5,16
5,13
6,49
6,41
6,60
6,50
7,60
7,43
7,47
7,33
7,61
7,26
7,27
7,41
8,15
8,41
8,60
9,59
9,52
9,61
9,28
9,20
10,53
10,52
10,62
10,36
11,58
12,65
12,17
12,57
13,50
13,30
13,16
13,40
13,18
14,30
14,53
15,47
15,40
16,32
16,66
16,22
16,38
17,34
17,45
18,39
18,20
19,51
19,28
20,49
20,42
20,54
20,67
20,63
21,22
22,51
22,55
23,38
23,50
23,41
24,51
24,40
25,64
25,36
25,57
25,38
26,55
26,46
26,64
27,65
27,50
27,28
27,37
28,48
28,64
29,66
29,60
29,59
29,55
30,39
30,61
30,47
31,43
31,34
32,52
33,56
33,34
33,65
34,35
35,43
35,57
35,56
35,51
36,47
37,58
38,67
38,56
38,46
39,41
39,46
40,52
41,48
41,49
42,54
43,52
43,57
44,51
44,57
45,58
46,57
46,49
46,61
47,62
48,51
50,59
51,58
52,61
53,67
54,63
56,59
