0,6
0,90
0,73
1,8
1,19
2,46
2,23
2,79
3,65
3,78
3,14
4,58
4,8
4,71
5,88
6,64
6,10
6,89
7,32
7,66
7,54
7,35
8,18
8,42
8,34
8,38
10,88
10,38
10,32
10,69
10,70
10,55
11,79
11,90
11,45
13,29
13,68
14,62
14,23
14,52
15,48
16,80
18,22
18,58
18,92
19,86
19,30
21,60
21,57
22,84
22,40
22,74
24,28
24,56
25,90
26,74
26,90
26,30
28,58
29,36
30,35
30,41
31,46
32,82
32,57
32,83
33,41
33,87
34,84
35,45
35,40
35,84
35,49
35,90
36,75
36,39
37,90
37,79
37,82
38,49
38,85
40,49
40,56
40,59
41,78
42,46
42,81
43,61
44,86
45,83
45,53
46,87
47,76
47,67
48,71
49,53
50,63
50,57
51,86
51,71
51,91
52,55
53,54
54,60
54,72
56,78
59,73
60,88
61,70
62,72
62,85
65,90
65,70
65,82
68,78
71,72
72,79
74,80
80,85
81,85
87,92
