0,82
0,4
0,26
0,71
0,69
0,8
1,71
1,31
1,62
3,37
3,55
3,59
4,9
4,42
4,41
6,27
6,63
6,35
6,28
6,94
6,54
6,62
6,87
7,86
7,82
7,62
7,38
7,77
7,45
7,10
8,11
8,10
8,52
8,60
9,79
9,16
9,72
9,83
10,24
10,40
10,37
10,39
10,43
11,42
11,13
11,18
12,85
12,23
12,31
14,72
14,77
14,74
14,31
15,46
16,17
16,19
16,22
17,90
18,72
18,60
19,44
20,84
20,35
20,67
20,34
20,60
21,79
22,56
22,57
22,85
23,63
24,29
24,85
24,25
24,83
25,35
26,55
28,74
28,66
28,94
29,72
30,94
30,58
31,85
31,54
32,70
32,94
32,42
33,90
33,73
34,41
34,66
35,61
35,70
35,46
36,89
38,71
38,54
38,90
38,75
39,73
39,83
39,54
40,84
40,57
40,76
40,45
40,43
41,94
42,90
42,81
43,46
43,55
44,59
44,67
44,53
44,78
45,52
46,81
47,60
47,62
47,71
48,81
48,82
48,88
49,83
50,81
50,94
50,68
51,62
52,55
52,65
54,67
54,58
55,63
57,92
57,93
57,69
58,84
58,75
60,63
60,83
60,66
61,68
62,86
64,82
65,82
65,78
66,71
66,83
66,76
68,72
69,87
69,71
70,81
70,87
71,74
71,73
72,86
74,80
75,81
80,83
81,85
82,86
82,93
83,90
85,90
85,94
88,90
