0,50
0,41
0,47
0,34
0,3
1,48
1,38
1,50
1,26
2,37
3,27
4,22
4,15
4,14
4,37
4,52
5,54
5,19
5,37
5,24
6,40
7,50
8,9
8,30
8,66
9,20
9,43
10,52
10,39
11,12
12,43
14,70
14,24
14,17
15,46
15,29
16,48
16,44
16,18
17,49
17,50
17,68
17,42
17,22
17,48
18,40
20,71
20,73
20,51
21,38
21,35
21,39
22,30
22,42
23,50
25,57
25,51
25,60
26,50
27,46
27,37
27,29
28,31
28,44
29,35
29,59
29,60
30,52
30,50
31,44
31,49
31,37
31,33
31,40
32,64
33,53
33,42
33,61
33,66
34,71
34,61
36,41
36,54
36,66
37,53
37,49
37,73
38,56
38,49
38,60
39,67
39,42
39,69
40,58
41,69
42,44
43,56
44,65
44,55
46,71
46,58
47,50
48,59
50,57
50,69
51,57
55,73
57,59
57,64
57,71
62,71
62,69
