0,4
0,66
0,59
0,34
1,24
1,42
1,20
1,23
1,71
1,27
1,47
2,63
2,10
2,23
2,39
3,44
3,27
4,17
4,32
4,31
4,72
4,28
5,61
5,77
5,45
5,38
5,79
6,11
6,71
6,82
6,54
6,74
6,47
7,58
7,80
7,25
8,80
8,29
8,38
9,29
9,70
9,72
9,17
11,81
11,38
11,51
11,59
12,16
12,46
13,74
13,72
13,80
14,56
14,28
15,66
15,31
15,33
16,63
18,81
18,62
19,45
19,32
19,71
19,46
19,67
21,58
21,79
21,76
21,53
21,68
21,60
22,61
22,28
22,73
22,32
22,62
22,79
22,58
23,76
24,41
24,66
25,30
25,42
26,60
27,29
27,82
27,31
27,69
28,68
28,35
28,64
29,70
30,79
30,80
31,59
31,80
31,81
31,56
32,36
32,41
32,72
33,46
34,59
34,49
34,48
35,38
35,67
35,77
35,80
35,44
36,40
36,38
36,57
37,69
37,48
38,66
38,39
40,49
41,42
41,44
42,72
42,78
43,75
44,59
45,68
45,73
46,64
46,79
47,75
47,78
48,63
48,64
49,69
50,75
50,58
50,67
51,70
51,77
53,71
53,82
54,68
54,66
54,61
54,57
55,71
55,72
55,74
56,62
56,70
56,61
57,72
59,74
60,76
60,63
62,80
63,76
63,71
63,83
67,77
68,81
70,75
71,72
72,78
