0,65
0,19
2,85
2,76
2,22
3,92
3,77
3,53
3,14
4,71
5,14
5,15
5,6
6,92
6,19
6,76
6,15
6,66
6,64
7,69
7,15
7,42
7,91
7,55
7,20
8,64
8,36
8,30
8,47
9,75
9,59
9,87
9,63
10,82
11,17
11,86
11,26
11,76
12,71
12,50
12,58
12,60
12,29
13,45
13,35
14,28
14,53
14,46
14,65
15,44
15,31
15,43
15,80
16,87
16,66
16,42
16,35
16,59
16,51
16,61
17,65
17,66
17,92
18,59
18,71
18,57
19,41
19,55
19,79
20,61
21,29
22,54
22,52
22,41
22,28
22,62
22,36
23,92
23,52
23,81
23,61
24,42
24,37
24,86
24,41
24,30
24,36
24,52
25,84
25,39
25,85
25,34
25,66
25,50
25,75
27,59
28,83
28,57
28,85
29,37
30,44
31,82
31,84
31,87
32,53
33,71
34,86
34,59
35,41
35,73
37,71
37,68
37,67
38,91
39,88
39,90
39,44
41,67
43,83
44,63
44,46
44,71
46,82
47,73
47,80
47,62
48,90
49,68
49,75
50,78
50,72
51,77
51,53
52,75
54,84
54,77
56,66
56,90
57,67
59,71
59,90
60,61
60,74
61,80
63,86
64,85
66,89
67,70
69,74
69,76
69,82
69,87
71,77
73,91
77,83
80,91
82,87
83,91
84,85
