0,15
0,47
1,5
1,38
1,61
1,45
2,54
3,84
3,68
3,55
3,73
4,67
5,9
5,55
5,31
5,81
5,37
5,26
6,54
6,32
6,39
7,80
7,75
9,26
10,49
10,12
10,18
12,66
13,55
13,18
14,45
14,23
14,82
14,40
15,59
16,59
18,60
20,46
21,55
21,78
22,44
22,46
23,51
24,84
25,75
25,52
25,39
25,48
26,54
27,77
29,35
30,32
30,33
30,44
31,33
32,49
33,83
33,66
34,45
35,63
35,83
37,62
38,60
38,39
38,63
39,80
39,60
40,84
41,70
41,81
42,60
42,49
44,59
45,63
47,56
48,75
50,76
50,62
50,65
51,72
55,69
56,58
57,72
57,74
58,73
58,64
59,67
60,81
61,70
63,81
66,70
68,71
69,74
70,76
