0,52
0,30
0,97
0,94
0,69
1,27
2,32
2,8
2,81
2,17
3,7
4,76
4,33
4,18
4,62
4,61
4,34
5,55
5,17
5,60
5,34
5,99
5,16
5,40
6,44
6,41
6,93
6,25
7,71
7,12
7,21
8,10
9,22
9,37
9,84
10,26
10,31
10,30
10,86
10,32
11,58
11,68
11,77
12,66
12,44
12,22
12,69
13,27
13,25
13,58
14,63
14,47
14,57
15,33
15,69
16,41
16,21
16,63
17,50
17,18
17,76
17,65
17,52
17,43
17,47
18,90
18,55
19,78
20,68
20,54
20,70
21,81
21,79
21,73
21,36
21,52
21,78
21,97
22,63
22,61
22,42
22,94
23,40
24,33
24,26
24,66
25,75
25,36
25,58
25,32
25,45
25,91
26,39
26,34
26,60
26,36
26,63
26,80
27,92
29,80
29,60
29,49
30,60
30,57
30,40
30,62
30,43
31,43
31,56
31,72
32,58
33,95
34,40
34,68
35,62
36,46
36,58
38,57
39,98
39,64
39,72
41,78
41,52
41,64
42,70
42,43
42,88
43,65
43,53
44,99
44,97
44,93
45,80
46,89
47,66
47,80
48,91
49,72
50,81
51,66
52,83
53,71
53,57
53,84
55,80
56,65
56,99
57,59
58,83
58,63
59,78
61,76
63,86
63,64
65,94
67,74
70,81
70,86
72,87
72,95
73,75
76,99
80,86
80,96
80,89
83,88
83,96
85,95
88,91
89,95
89,99
97,99
