0,14
0,9
0,19
1,70
1,56
1,11
2,48
2,56
3,22
3,24
4,46
4,8
4,68
4,27
4,15
4,67
4,13
5,47
5,6
5,24
5,54
6,10
6,17
6,26
7,46
7,69
7,62
8,15
8,14
8,30
9,14
10,59
10,53
10,56
10,28
10,33
11,55
11,58
11,44
11,25
12,13
12,65
12,48
13,65
14,15
14,65
15,39
15,69
17,63
18,30
18,39
18,56
18,60
18,48
19,63
19,70
19,48
21,49
22,53
23,46
24,64
25,51
25,41
26,33
26,30
26,60
26,48
28,52
29,61
30,57
30,60
30,38
31,33
31,58
32,38
33,43
33,55
33,39
33,66
36,53
36,43
36,69
40,55
41,42
41,64
42,59
42,70
42,66
44,57
46,54
46,63
48,61
49,56
49,68
51,62
52,67
52,63
53,55
53,56
53,57
59,65
62,67
62,66
