0,77
0,72
0,27
0,18
0,36
0,29
1,28
1,39
2,13
2,55
2,17
3,53
3,41
3,6
3,57
3,68
3,55
4,16
4,51
4,62
4,54
4,22
4,83
5,46
5,42
5,25
6,67
6,47
6,69
6,79
6,29
6,13
7,59
7,35
7,44
8,50
8,80
9,61
9,33
10,72
11,13
11,23
11,41
11,82
12,36
12,51
12,58
12,40
12,73
12,57
13,28
13,83
14,80
14,83
14,72
15,37
15,16
15,17
15,48
16,71
16,82
16,35
16,48
16,29
16,33
16,30
17,22
17,51
18,74
18,19
18,57
19,20
19,48
20,46
21,82
21,56
21,60
22,33
22,84
22,75
23,55
23,56
23,60
23,77
23,65
24,26
24,56
25,80
26,34
26,70
27,78
27,70
27,82
27,57
27,44
28,40
28,68
28,76
29,75
29,77
29,39
30,72
31,47
31,38
31,60
31,45
32,46
32,66
32,72
32,71
33,54
33,58
34,53
34,82
34,72
34,57
35,64
36,68
36,38
36,45
36,76
37,82
37,74
37,76
38,48
39,84
40,57
40,85
40,50
41,84
41,69
42,55
42,49
44,52
44,83
45,84
45,54
45,64
46,79
47,67
48,57
48,51
49,61
50,63
50,65
50,84
51,83
51,71
51,85
53,83
53,65
54,72
54,82
55,69
55,57
55,60
56,78
57,69
57,74
57,72
59,68
59,62
60,83
60,78
61,84
66,75
67,81
75,81
77,83
