1,81
1,92
1,6
2,96
2,42
2,6
2,53
3,50
3,37
4,48
4,73
4,29
4,62
4,35
4,42
4,44
5,47
5,42
5,61
5,93
5,70
5,62
5,68
6,18
6,89
6,80
6,59
6,57
6,9
6,24
7,9
7,78
7,75
8,84
8,68
9,71
10,90
10,80
10,32
10,24
10,20
10,13
11,88
11,29
12,84
12,96
12,34
12,68
12,60
13,45
13,75
13,70
14,51
14,40
14,42
14,20
14,31
15,60
15,82
15,68
17,63
17,89
17,42
17,93
17,35
18,33
18,76
19,81
19,53
19,48
19,96
20,83
20,46
20,67
21,75
21,55
21,51
21,78
21,66
21,94
22,90
23,47
23,83
23,34
23,52
23,41
23,97
24,27
25,57
25,43
25,67
25,54
28,62
29,45
29,68
30,48
30,43
31,65
32,52
32,77
32,57
33,89
33,81
33,52
34,56
36,96
37,66
38,57
38,75
38,62
38,97
39,49
39,88
39,74
40,51
40,50
40,92
41,83
41,56
41,64
41,43
42,70
42,91
44,68
44,65
45,74
45,80
45,58
46,61
46,49
46,73
46,51
47,96
47,66
47,53
48,76
49,82
49,59
49,56
50,58
50,92
51,72
51,62
52,87
52,91
52,81
52,74
53,95
53,55
54,93
54,85
56,79
56,83
56,63
58,80
59,68
59,69
59,81
60,67
61,84
61,88
62,87
64,76
64,87
64,93
68,81
70,96
70,93
71,89
73,92
73,85
76,89
76,94
79,90
79,85
86,91
93,97
96,97
