0,35
0,27
0,43
0,16
1,25
1,37
1,4
1,2
2,23
2,40
2,6
3,33
3,29
3,38
3,5
4,31
4,32
4,22
5,9
6,8
6,37
6,12
6,34
7,30
7,43
8,40
8,10
8,39
8,17
8,43
9,39
9,44
9,27
10,40
11,21
11,20
11,40
11,42
12,14
12,29
12,16
12,13
13,41
13,38
13,26
14,21
14,39
14,36
15,46
15,32
16,41
16,21
16,45
16,22
16,36
16,33
17,29
19,28
19,25
19,30
20,32
20,24
20,30
22,29
22,36
22,25
23,41
24,38
24,41
24,45
24,35
26,42
26,43
27,29
29,37
29,39
30,39
30,37
31,41
31,36
31,33
32,36
32,35
33,42
33,45
34,45
34,46
35,40
36,43
38,43
39,42
40,42
41,43
