0,80
0,81
1,79
1,80
2,81
3,9
3,20
3,91
4,19
5,71
6,22
6,19
6,10
8,32
8,85
8,25
9,72
9,87
9,35
9,52
10,35
12,81
12,76
12,37
12,13
12,18
13,74
13,41
13,89
14,17
15,72
16,81
16,61
16,23
16,71
17,34
17,86
17,31
17,81
18,23
18,94
19,96
20,45
21,84
22,79
23,76
23,99
24,85
24,42
24,76
24,40
24,74
25,58
25,95
25,91
25,99
26,29
27,76
27,94
28,32
29,38
30,48
30,76
30,81
31,69
31,47
31,88
31,43
32,49
32,81
32,77
33,58
33,49
34,94
34,87
35,93
35,42
35,84
35,96
35,85
37,56
37,57
37,78
38,59
41,99
41,55
41,56
42,85
42,59
43,51
44,53
46,64
46,62
47,95
49,69
51,83
51,66
52,57
53,76
53,86
53,57
55,72
56,76
56,73
57,98
57,70
58,88
59,85
59,74
60,83
60,75
61,65
61,64
61,94
62,99
63,65
65,70
65,91
68,94
68,77
77,89
79,84
80,82
85,92
87,90
98,99
