0,75
0,18
1,74
1,18
2,36
2,76
2,47
2,91
2,94
2,75
2,66
3,25
4,51
5,10
5,13
5,77
5,75
5,25
6,39
6,21
6,83
7,74
8,35
9,16
9,32
10,72
10,22
11,16
11,33
11,28
12,36
13,89
13,65
14,39
14,40
14,54
14,33
14,37
16,76
16,42
16,84
17,93
18,35
18,43
19,58
20,23
21,80
21,68
22,39
23,50
23,28
23,30
23,56
23,93
23,54
23,91
24,42
24,88
25,50
27,73
27,69
27,89
28,79
28,73
29,37
30,47
30,40
31,43
31,38
32,57
32,73
33,61
34,54
34,92
35,80
36,70
36,71
36,58
38,81
38,69
40,82
40,59
41,77
42,68
42,60
43,76
44,65
45,86
45,92
45,64
46,69
46,63
46,66
46,92
48,79
49,93
50,74
50,56
50,87
52,88
52,91
54,90
55,85
55,70
56,67
57,93
57,92
58,92
63,69
64,75
65,86
66,87
66,71
68,72
73,85
76,90
81,91
83,87
83,89
85,93
87,92
