0,38
0,27
0,45
0,35
0,15
1,29
1,3
1,30
1,26
1,18
1,28
2,21
2,39
2,36
2,41
2,30
2,49
3,31
3,14
3,41
3,36
4,13
4,21
5,20
5,25
6,28
6,18
6,14
6,23
6,43
7,16
7,28
8,18
10,28
10,39
11,15
11,25
11,49
12,21
13,47
13,17
13,37
14,17
14,50
14,36
14,40
15,39
15,24
16,48
16,34
16,39
16,42
17,38
17,29
18,40
18,35
18,30
20,21
20,27
20,22
20,44
22,36
22,43
23,32
23,50
23,41
24,42
24,33
24,26
24,38
24,41
25,33
26,47
26,27
26,50
27,44
27,45
29,33
29,34
29,43
29,44
29,30
29,45
30,45
30,36
31,49
31,37
31,48
32,47
33,48
33,46
34,41
34,36
34,48
34,40
37,39
38,47
38,43
38,42
40,45
46,48
