0,65
0,24
1,11
1,42
1,3
1,78
2,51
2,23
3,40
4,37
4,29
4,61
5,13
5,10
5,28
5,75
6,69
6,60
6,61
7,62
7,77
7,25
8,61
8,37
8,34
8,53
9,78
10,55
10,26
10,36
10,51
11,58
11,41
11,52
11,14
12,16
13,78
14,37
14,76
14,22
14,20
14,72
14,41
16,42
17,38
17,73
17,33
18,70
18,69
19,20
19,68
20,36
20,74
20,73
21,37
21,63
21,68
22,28
23,55
24,35
24,63
24,34
25,50
25,39
26,73
27,49
27,28
28,62
28,64
28,46
29,43
31,71
31,63
32,37
33,44
33,56
33,67
34,39
34,59
34,50
34,61
34,70
35,66
36,46
36,43
36,62
37,43
38,75
39,69
40,71
40,51
40,44
42,62
43,75
43,68
45,72
45,57
46,60
47,75
47,60
48,63
49,51
50,54
50,71
50,67
51,64
52,53
54,61
55,76
59,65
59,73
59,69
62,80
63,79
65,79
67,78
70,80
71,79
72,76
74,79
