0,6
0,76
1,48
1,71
2,19
2,57
2,70
3,88
3,78
4,50
4,80
4,89
5,44
6,12
6,90
6,91
6,56
6,57
7,58
7,21
8,13
9,43
9,11
9,38
10,36
12,69
12,22
12,53
13,73
13,20
13,16
13,66
13,55
13,30
14,53
14,30
14,58
14,59
14,21
15,29
15,77
17,24
18,82
19,82
19,83
20,24
20,46
21,45
21,52
21,24
21,73
22,54
23,75
23,78
24,91
25,70
25,36
26,93
26,84
27,34
27,54
28,40
28,46
28,86
29,40
29,78
30,83
30,80
31,40
31,50
32,65
33,42
33,92
34,94
34,40
34,46
35,81
36,63
36,39
37,42
38,48
38,78
39,65
39,76
39,70
39,86
39,40
40,83
41,83
41,64
41,48
41,47
42,73
45,90
46,51
48,87
48,58
48,66
49,69
51,62
51,66
52,72
52,64
57,86
58,94
59,64
59,76
59,90
59,67
59,87
61,71
62,94
62,88
65,72
65,85
66,94
68,76
73,87
75,88
79,93
81,86
81,91
81,93
