0,39
0,43
0,5
0,14
1,49
1,19
1,59
1,35
2,58
2,3
3,51
3,63
3,10
3,13
4,24
4,63
4,20
4,31
5,58
5,42
5,50
5,30
6,40
6,49
6,41
6,62
7,11
8,47
8,40
8,41
8,58
8,22
8,44
8,18
9,17
9,44
9,51
10,58
10,52
11,40
12,28
12,38
13,53
13,23
14,25
14,28
14,16
16,25
16,57
16,49
16,43
17,43
17,33
17,55
19,43
20,30
21,41
21,32
21,56
21,53
22,51
22,34
22,37
22,48
23,27
23,52
24,37
25,53
25,34
28,60
28,55
28,31
28,38
29,30
29,33
30,42
30,59
30,33
31,51
31,35
31,50
31,55
31,44
31,45
31,59
32,36
32,35
32,46
33,58
33,63
35,60
35,49
36,60
36,54
36,59
37,41
38,47
38,40
38,57
39,60
39,53
39,62
40,57
41,42
42,62
43,60
43,44
44,55
45,52
45,61
46,58
46,54
48,56
48,61
50,61
51,55
51,62
52,58
54,62
57,60
57,59
