0,25
0,73
0,20
0,11
0,9
1,13
1,69
1,25
1,44
1,11
2,33
2,71
2,63
2,65
3,67
3,39
3,42
3,6
3,64
3,61
4,45
4,36
4,24
4,54
4,44
4,31
5,63
5,53
5,20
5,50
6,17
6,46
6,27
6,67
6,61
6,34
6,38
7,73
7,62
7,35
7,16
7,68
8,51
8,46
9,51
9,10
10,59
10,22
11,72
11,57
11,68
11,24
11,25
12,16
12,14
13,62
13,52
14,47
14,54
14,39
15,23
15,66
16,48
16,53
16,70
16,18
17,20
17,34
18,69
18,74
19,43
19,68
19,60
19,25
19,54
19,67
19,50
20,40
20,41
20,21
20,62
21,39
22,71
22,73
23,46
23,48
23,72
24,39
24,48
25,28
25,65
25,26
26,38
27,48
27,39
28,48
28,55
28,59
29,60
29,31
30,32
30,74
31,49
31,61
32,53
32,60
32,54
33,57
33,60
34,45
34,73
34,62
34,55
35,58
35,40
36,42
36,71
37,38
40,55
45,46
46,67
46,48
46,49
46,61
47,71
48,71
49,72
49,62
49,64
50,54
52,53
52,54
54,58
58,63
60,68
61,66
61,69
62,67
65,73
67,72
