0,19
0,26
0,22
1,8
1,47
1,35
2,45
2,55
2,39
3,48
3,40
3,47
3,43
3,5
4,27
4,18
5,15
5,61
5,29
6,32
6,35
6,36
6,27
6,48
7,13
7,14
8,26
8,22
9,48
9,56
10,46
10,21
11,43
11,60
11,29
11,25
12,52
12,36
13,25
14,55
14,37
15,42
15,39
15,32
15,59
16,39
16,56
17,31
17,61
17,19
18,28
18,41
19,47
20,53
20,38
20,52
21,55
21,44
21,24
21,52
21,33
22,58
22,34
22,40
23,50
23,38
23,55
24,49
24,34
25,57
25,34
25,26
25,48
26,30
28,40
29,50
29,47
29,55
30,55
31,34
32,46
32,50
32,37
32,45
33,35
34,59
35,37
35,36
36,43
36,49
36,54
38,61
38,64
38,41
38,53
41,50
41,53
41,56
42,58
42,54
44,53
45,65
46,59
52,65
53,59
53,63
60,65
60,61
