0,16
0,91
1,89
1,11
1,42
2,3
2,74
2,40
2,76
3,14
3,54
4,36
5,15
5,62
6,58
6,36
7,20
8,89
8,51
8,77
9,37
9,66
9,31
9,24
10,38
10,46
10,80
10,75
11,70
11,63
11,41
11,21
11,56
11,47
12,57
12,21
12,64
13,74
13,78
13,83
13,68
13,54
14,29
14,78
14,63
14,88
15,39
15,32
15,30
16,76
17,61
18,58
18,51
18,59
19,53
19,86
19,63
20,40
21,38
21,42
22,57
22,56
23,30
23,32
23,93
23,86
24,59
24,58
25,75
25,90
25,87
26,61
26,79
28,37
28,63
28,47
30,31
31,35
31,85
32,47
33,52
34,76
34,57
34,52
34,51
35,40
35,68
36,72
36,47
37,44
38,66
39,64
40,50
40,43
41,83
42,60
43,67
43,53
46,54
47,76
48,93
48,61
48,75
49,59
49,60
49,91
50,93
50,61
52,79
52,58
53,85
54,90
54,88
54,92
55,93
57,61
58,87
59,62
60,78
61,77
64,78
71,91
73,76
74,81
75,87
82,89
82,88
