0,35
0,23
0,8
1,29
2,47
2,41
2,49
2,12
3,59
3,42
3,39
3,38
3,13
3,22
4,55
4,25
4,21
5,35
5,9
5,45
6,63
6,60
6,39
7,28
7,20
7,35
7,59
8,10
9,57
9,17
11,41
11,46
11,23
11,58
12,34
12,55
12,61
12,20
14,29
14,36
15,34
16,34
16,22
16,25
16,27
17,63
18,46
18,31
19,28
21,31
22,63
22,61
22,27
22,53
22,44
23,57
23,38
23,24
23,49
24,56
26,43
27,42
27,31
28,36
29,37
29,59
29,30
29,46
30,34
31,58
33,58
33,61
33,48
33,49
34,63
35,36
35,57
37,43
37,56
37,54
37,53
38,53
40,48
41,56
41,58
42,58
43,63
45,55
45,63
46,57
48,62
50,59
51,53
57,61
58,61
60,62
62,63
