0,44
0,76
0,78
1,41
2,79
3,27
4,27
4,34
5,15
5,53
5,20
5,23
6,64
6,29
7,28
7,10
7,58
8,66
9,75
10,66
10,53
11,57
11,34
11,75
11,46
11,76
11,67
12,29
12,32
12,48
13,49
13,68
14,36
15,32
16,52
16,62
16,26
16,51
17,34
17,79
17,28
17,65
17,53
18,34
18,54
18,45
19,39
20,46
20,47
20,65
21,72
21,80
21,59
22,27
22,61
22,79
23,42
25,57
26,32
26,65
26,62
27,40
27,80
27,49
28,31
29,37
29,36
29,53
30,70
30,38
30,80
31,58
32,68
32,41
33,63
34,38
35,72
35,57
36,67
37,70
37,75
37,69
39,64
40,59
41,73
41,58
41,80
41,62
42,44
43,78
43,80
47,68
48,61
51,56
52,70
52,61
52,54
53,66
54,57
54,66
55,75
55,73
55,65
57,66
58,75
58,78
59,80
62,67
62,76
62,79
63,74
63,78
63,65
64,68
66,71
66,68
69,77
70,72
70,78
71,76
72,78
72,76
75,77
78,80
