0,70
0,23
0,60
1,49
1,14
2,82
2,76
2,77
2,11
3,77
3,80
3,68
4,61
4,19
4,36
4,74
4,24
4,53
4,69
5,79
5,28
5,47
5,38
5,63
6,76
7,34
8,14
9,47
10,38
10,57
10,41
11,66
11,20
12,76
12,45
12,72
13,59
14,31
14,18
15,29
15,41
15,61
16,44
16,35
16,40
17,72
17,31
17,75
18,79
18,64
18,26
18,32
19,56
19,78
19,21
20,57
20,33
20,55
20,73
21,47
21,79
21,28
21,29
22,42
22,64
22,41
22,34
22,52
23,81
24,66
24,77
25,63
25,77
25,51
26,80
26,83
26,49
26,69
27,68
27,79
27,53
27,67
27,71
28,66
30,80
30,67
31,42
31,81
31,67
32,35
32,78
32,73
33,48
33,78
34,46
34,67
34,73
35,36
35,79
35,69
35,41
36,50
36,53
36,44
36,52
37,63
37,54
39,72
39,58
39,82
42,69
42,68
43,54
44,84
44,45
44,65
46,64
46,63
48,76
50,77
51,57
51,66
52,84
53,68
53,66
53,82
54,73
55,73
55,64
56,80
56,62
57,70
57,68
58,61
60,81
61,78
62,79
63,67
64,68
65,75
65,69
68,76
69,80
71,77
72,85
72,84
75,84
77,81
82,85
