0,60
0,67
0,3
0,12
0,18
1,42
2,32
2,9
2,73
2,23
2,11
3,23
4,19
5,19
6,21
6,37
6,59
6,8
6,19
7,26
7,56
8,64
8,55
8,54
9,43
10,65
10,27
11,62
11,49
11,23
12,51
13,64
13,52
13,49
13,42
14,48
15,47
15,28
16,75
17,40
18,25
18,26
18,52
19,68
20,45
20,61
21,69
21,25
21,32
22,41
22,36
22,52
22,69
24,38
24,48
24,37
25,55
26,52
27,33
27,38
28,29
28,47
30,47
30,33
32,58
32,70
33,36
33,45
33,42
34,72
35,62
35,66
35,39
36,67
36,61
36,76
38,47
41,65
42,57
44,62
44,72
44,48
46,70
46,72
47,74
47,65
49,68
50,56
50,69
50,78
54,76
56,71
57,61
59,70
59,67
62,71
63,73
66,70
68,77
68,70
