0,40
0,21
0,39
1,29
2,66
2,35
2,3
2,38
2,8
3,14
3,51
3,71
3,17
3,49
3,74
3,31
3,16
3,28
4,32
4,55
5,65
5,62
5,28
6,72
6,52
6,36
6,38
7,70
7,23
8,12
8,70
8,26
8,61
9,39
9,61
9,46
10,73
10,59
10,34
11,67
11,18
12,70
12,38
13,54
13,32
14,61
14,31
14,15
15,23
15,29
15,49
16,69
16,63
17,51
17,46
17,50
17,62
18,25
18,28
18,21
18,23
19,65
20,53
20,66
20,48
21,50
21,70
21,69
22,40
22,41
23,53
23,48
24,49
25,30
25,66
26,51
26,72
26,53
26,32
27,30
27,66
28,74
28,46
29,42
29,46
29,30
30,53
30,60
30,75
30,61
30,33
31,58
31,54
31,37
31,74
31,53
32,38
33,62
34,42
34,66
35,36
35,55
36,72
36,68
38,69
38,46
39,49
39,48
40,64
40,63
41,71
42,75
42,65
43,44
43,72
43,55
43,58
44,47
45,62
45,63
46,62
46,75
46,55
47,62
47,57
47,55
47,74
48,70
48,61
50,67
50,74
50,57
51,68
52,67
52,53
53,66
55,62
55,63
56,61
56,63
57,71
57,60
58,74
58,66
62,65
63,73
64,70
64,73
66,68
67,69
