0,17
0,13
0,60
0,22
1,39
1,66
1,69
2,46
2,75
2,51
2,74
2,36
2,23
2,7
3,11
3,47
3,36
3,12
3,20
3,35
4,48
4,41
4,29
4,57
5,25
6,22
6,63
6,13
6,38
7,19
7,43
8,62
8,52
8,16
8,28
9,48
9,29
10,25
10,31
11,50
11,76
11,70
11,33
11,68
13,68
13,54
13,22
14,72
15,65
15,70
16,57
16,62
17,25
18,45
20,41
20,36
20,67
21,50
21,32
21,76
21,73
22,25
22,57
22,26
22,60
23,71
23,37
24,37
25,73
25,44
26,74
26,68
26,38
27,55
27,33
27,69
29,38
29,73
29,57
29,30
30,53
30,57
31,53
31,65
31,66
31,41
31,45
32,46
33,46
33,57
33,69
34,42
34,53
34,39
34,61
34,70
35,50
35,61
35,65
36,59
36,74
36,48
36,41
37,44
37,67
37,58
38,63
39,51
40,75
40,52
40,59
41,54
42,70
42,49
43,75
43,72
44,61
44,74
45,48
45,53
45,73
45,65
48,58
49,63
49,60
51,55
53,54
57,61
57,69
59,61
60,71
61,76
63,72
64,71
65,75
66,76
