0,57
0,69
0,51
0,49
0,93
0,71
0,81
1,87
1,63
1,11
1,56
2,78
2,40
2,34
2,12
3,89
3,83
3,46
4,55
4,72
4,70
5,40
5,44
5,45
6,61
6,16
6,80
6,84
7,42
7,66
7,72
7,32
8,66
8,47
8,17
8,15
9,61
9,26
10,59
10,53
10,62
11,89
12,22
12,47
12,63
13,65
13,60
13,25
14,15
14,28
14,68
14,93
14,58
15,29
16,75
16,56
17,30
17,78
17,45
18,81
18,35
18,46
19,43
19,38
20,64
21,68
21,32
22,66
22,91
22,56
22,71
23,92
23,41
24,87
24,32
24,75
25,52
25,36
25,77
25,33
26,44
26,49
26,62
26,84
28,56
29,52
29,88
29,87
29,40
30,62
30,61
31,43
31,81
32,48
33,35
33,43
33,53
34,86
35,38
35,46
35,48
35,43
36,91
36,64
36,73
36,90
37,61
37,91
39,52
39,86
41,79
41,52
41,82
41,53
41,90
42,61
42,73
42,51
42,60
43,59
43,92
43,90
45,90
45,47
45,83
46,56
47,63
48,86
48,49
48,81
49,56
49,60
49,66
49,74
50,65
50,76
51,89
52,70
52,85
52,61
53,83
53,56
54,73
54,59
55,91
56,80
56,57
57,83
58,79
58,83
59,84
59,82
60,76
63,67
63,89
64,78
66,90
69,93
73,87
75,77
75,88
76,86
78,82
80,81
82,83
84,85
86,88
88,92
