0,29
0,82
0,41
1,47
1,63
1,2
2,46
2,80
2,21
2,42
3,69
3,39
4,78
4,51
5,28
5,11
5,22
6,72
6,69
7,51
8,80
9,47
9,16
9,56
9,71
10,70
10,17
13,35
14,83
14,41
15,50
15,24
16,37
16,51
16,74
17,76
18,79
21,77
21,75
22,48
22,50
22,58
23,83
23,77
23,73
24,82
24,40
26,81
27,56
27,69
30,46
31,37
31,42
32,46
32,56
33,52
33,57
33,69
35,40
38,66
38,43
39,77
41,72
42,79
42,52
44,78
44,65
45,74
46,48
47,53
48,73
49,56
50,66
50,52
50,73
50,78
52,63
52,56
53,63
53,69
54,62
54,58
54,72
57,68
61,64
63,69
63,70
69,73
70,76
