0,64
0,25
0,74
1,74
2,18
2,30
2,58
3,66
3,59
3,31
4,74
4,78
4,33
4,55
5,68
5,77
5,34
6,37
7,53
8,9
8,58
9,51
12,84
12,26
13,32
13,28
13,86
14,73
14,74
15,42
15,49
16,38
16,25
16,67
17,44
17,24
18,53
19,63
21,32
21,83
22,35
22,39
22,61
23,76
23,57
24,84
24,53
25,65
25,43
26,35
27,61
27,71
28,86
28,40
28,41
28,75
28,29
30,35
30,74
31,53
32,74
32,65
32,42
33,37
34,73
34,61
34,57
36,43
36,44
37,63
39,83
44,54
45,50
45,56
46,68
46,71
47,55
47,65
47,48
47,81
49,69
51,65
52,81
53,63
53,84
54,65
54,62
56,68
57,86
57,62
59,84
60,77
60,80
61,66
61,76
64,81
64,78
65,85
65,86
66,76
75,79
76,84
