0,46
0,66
1,29
2,78
2,33
3,26
5,29
5,10
5,68
6,51
6,73
7,69
8,78
8,31
8,10
9,42
9,78
9,35
9,54
10,68
11,37
11,74
11,58
11,62
12,36
12,27
13,55
13,67
14,62
14,31
14,27
14,15
15,46
15,67
15,28
15,71
16,66
16,65
16,20
17,61
17,46
18,40
18,73
18,43
18,28
18,51
19,38
19,27
19,77
20,65
20,75
20,38
20,25
21,70
22,61
22,34
23,41
23,71
23,67
24,49
25,37
26,41
27,34
28,53
28,73
28,31
29,80
29,43
29,61
29,34
30,71
30,47
31,58
31,36
31,61
32,66
32,36
32,77
35,66
35,46
35,60
37,58
37,38
37,76
38,76
38,55
38,56
38,66
39,52
40,75
40,51
40,56
40,66
43,61
43,54
43,64
43,47
43,59
44,45
45,52
45,66
46,68
47,60
47,53
47,78
49,74
49,80
50,79
50,66
51,74
52,71
52,57
53,72
53,69
53,62
56,67
59,60
59,71
60,70
61,73
64,66
64,65
65,69
65,68
66,67
66,68
70,77
71,76
75,78
75,77
76,80
77,79
