0,29
0,65
1,37
1,89
1,26
1,74
1,35
1,52
2,77
2,68
3,72
3,75
4,19
4,27
4,68
4,8
4,31
5,52
5,36
5,50
6,31
6,88
6,37
8,10
8,45
8,65
8,90
9,67
9,86
10,39
10,80
10,33
10,82
11,84
11,22
11,16
11,86
12,43
12,65
12,53
12,19
12,44
13,52
13,49
13,86
13,36
14,86
14,66
14,62
14,56
15,53
15,49
15,90
15,20
15,50
16,62
16,56
16,31
16,79
17,85
17,23
17,58
17,62
18,48
18,72
18,49
19,28
19,31
19,68
20,50
20,66
21,23
22,80
23,87
24,43
24,26
24,47
25,83
25,45
25,61
26,44
26,43
26,86
26,56
27,53
28,47
28,70
31,81
31,84
31,34
32,65
33,88
33,54
34,81
34,36
34,90
34,78
36,87
37,72
37,77
37,88
37,57
38,72
38,64
38,86
38,71
38,47
39,45
39,61
39,51
40,84
40,64
40,81
41,73
42,46
42,59
42,60
43,75
43,51
44,61
44,86
45,82
46,81
46,84
46,68
46,64
48,91
48,55
49,50
49,78
50,66
51,52
52,76
53,75
54,69
54,56
55,70
55,86
56,91
56,58
56,64
56,79
57,62
57,73
57,58
57,61
58,82
58,78
59,90
59,86
61,74
61,88
63,70
63,69
65,66
69,89
70,85
73,78
76,87
79,85
79,87
83,92
84,90
