0,92
0,78
1,22
1,55
1,31
1,89
1,21
1,61
1,19
2,40
2,49
3,82
3,60
4,36
4,34
4,17
4,29
4,57
4,44
5,23
5,61
5,51
5,10
5,17
6,40
6,51
6,94
6,31
6,54
7,10
7,59
7,82
8,92
8,83
8,82
8,39
8,53
8,28
9,25
9,76
9,29
10,51
10,43
11,83
11,39
12,53
12,49
12,61
12,85
13,80
13,36
13,25
14,38
14,18
14,82
15,18
15,88
16,27
16,23
16,24
16,64
16,54
16,18
16,21
16,50
18,74
18,52
19,91
20,83
20,85
20,62
20,86
20,73
21,26
21,30
21,64
22,67
23,31
24,75
24,89
26,56
26,87
26,43
26,72
27,44
27,83
27,37
27,51
27,56
28,79
28,41
28,51
28,68
29,52
29,40
29,45
29,73
30,53
30,58
30,52
30,68
31,74
32,90
32,38
33,66
33,36
34,77
34,68
34,49
34,79
35,55
35,89
36,80
37,76
37,56
37,67
38,93
39,71
39,62
39,80
40,66
40,57
40,47
40,67
42,80
43,80
43,91
43,56
44,65
44,88
44,59
44,76
45,88
45,49
45,51
46,55
46,52
46,61
46,68
47,86
48,50
48,54
49,80
49,90
50,59
51,81
51,61
52,85
52,62
52,78
52,55
52,93
53,85
53,91
54,83
54,91
55,64
57,66
57,72
57,90
58,63
58,76
59,85
59,65
59,62
63,80
63,93
65,82
65,79
66,83
66,85
67,79
69,70
71,89
71,76
74,83
77,91
85,87
