0,17
0,1
0,32
0,5
1,41
1,45
2,47
3,48
4,13
4,38
4,17
4,33
5,16
5,18
6,23
6,53
7,25
7,13
7,44
8,9
8,14
8,54
8,42
8,44
9,38
9,44
9,14
10,15
11,30
11,54
12,41
12,38
12,13
12,48
12,44
12,47
12,20
13,47
13,25
14,27
14,45
14,25
14,53
14,28
15,38
15,31
15,29
15,54
15,28
16,56
16,33
17,53
18,56
18,22
18,20
18,42
19,23
19,35
19,46
19,21
21,40
21,49
21,45
22,31
22,24
23,27
23,53
23,38
24,44
24,42
25,56
25,36
27,48
27,54
27,47
28,36
28,55
28,53
29,35
29,36
30,48
30,50
30,52
30,53
31,39
31,38
31,41
31,53
31,36
32,55
33,48
33,38
34,42
35,37
35,55
35,43
35,48
36,38
39,46
41,56
42,48
44,46
45,49
46,54
46,48
48,51
48,52
49,50
50,56
