0,65
0,52
0,15
1,35
2,44
2,52
2,33
2,43
3,71
3,49
5,64
5,54
6,9
8,50
8,68
8,25
8,33
9,63
9,53
9,56
9,72
10,17
11,58
11,69
11,46
11,14
12,55
13,36
13,30
13,40
14,59
14,62
15,29
16,66
17,46
17,24
19,49
19,54
20,54
20,47
21,33
21,36
22,69
23,28
24,70
24,54
25,54
25,45
26,61
26,28
26,36
28,32
28,39
28,38
29,73
29,68
30,68
30,73
31,56
31,55
31,45
31,41
31,33
31,65
32,60
32,56
32,40
35,56
35,47
36,60
37,48
38,70
39,44
41,51
41,71
41,63
42,59
42,50
42,73
43,72
43,68
44,50
44,57
46,58
46,59
46,74
47,60
49,57
49,53
53,56
55,68
57,69
57,61
64,74
67,74
69,71
71,73
