0,20
0,45
0,11
1,26
1,5
1,15
1,59
2,15
2,49
2,20
3,40
3,48
3,19
3,16
3,58
5,32
5,43
5,47
5,29
5,41
5,36
6,31
6,50
6,55
6,25
6,56
7,20
8,34
8,18
8,55
9,35
9,23
10,51
10,19
11,37
11,24
12,53
12,34
13,34
13,16
13,53
14,53
14,51
14,49
14,20
14,50
15,43
15,28
16,25
16,56
16,37
16,17
17,51
18,43
18,60
18,30
19,51
19,40
19,26
19,58
19,41
20,23
20,40
20,31
21,45
21,59
21,32
22,36
23,32
23,29
24,35
24,48
24,41
24,43
27,46
27,28
27,60
28,30
29,48
29,57
30,60
31,36
31,35
32,58
32,56
33,60
33,53
34,50
34,49
39,51
41,43
42,53
43,57
44,60
45,47
47,52
48,55
50,55
51,57
52,56
52,57
55,61
