0,29
0,12
1,54
1,40
2,37
2,47
3,16
3,6
4,37
5,40
6,48
6,19
6,53
6,42
7,58
7,14
7,19
9,38
9,60
9,17
9,25
10,53
11,52
11,56
11,41
11,29
11,20
11,12
11,15
13,21
14,42
14,51
15,59
16,31
16,30
17,59
17,60
18,43
18,45
19,50
19,21
19,59
20,55
20,46
21,23
21,42
22,34
22,59
23,31
23,44
23,45
24,58
24,34
24,48
25,54
25,52
26,40
27,45
28,58
29,56
29,59
29,37
29,34
30,58
30,36
31,46
31,42
32,37
33,56
34,60
35,50
35,45
36,51
36,41
36,47
36,58
40,53
41,49
41,56
42,55
43,47
43,48
45,51
46,51
47,59
48,57
48,55
48,51
52,60
