0,33
0,52
0,5
0,38
0,31
0,23
1,30
1,78
2,66
2,82
2,68
2,39
3,85
3,59
3,8
3,36
4,26
4,84
4,17
4,60
5,17
5,14
5,20
6,76
6,22
7,30
7,24
10,43
10,21
11,16
11,41
11,30
11,26
12,59
12,37
13,64
13,51
13,58
14,55
14,86
15,76
15,85
15,86
15,23
16,28
16,39
16,62
17,34
17,37
18,62
18,63
20,70
20,74
21,60
21,85
22,23
22,45
23,54
23,73
24,61
24,37
24,30
24,48
25,35
25,61
25,44
25,62
25,48
26,40
26,58
26,28
26,65
27,51
29,70
30,85
32,35
32,60
32,47
33,46
34,77
34,56
35,53
36,39
36,60
36,76
37,50
37,42
37,87
38,59
38,78
38,40
38,53
39,73
39,82
39,69
40,65
41,68
42,64
42,48
42,59
42,55
44,65
45,78
45,70
45,76
48,60
48,61
50,51
51,60
52,72
53,58
53,70
55,63
56,80
56,82
57,87
64,68
67,72
68,84
69,75
70,73
72,82
72,80
73,87
74,78
