0,5
0,64
0,54
0,3
0,12
0,44
1,35
1,61
1,16
1,18
1,62
2,45
2,33
3,38
3,51
4,34
4,57
4,55
5,54
5,64
5,30
5,25
5,37
6,59
6,22
6,29
7,48
7,45
7,29
7,11
8,62
8,28
8,64
8,40
8,60
9,40
9,58
9,29
10,54
10,21
10,32
10,62
10,44
10,13
11,13
11,26
11,49
12,14
13,47
13,24
13,41
13,37
13,46
14,22
15,62
15,19
15,25
15,18
16,43
16,42
16,41
16,23
16,63
16,59
17,38
17,45
17,22
19,63
19,29
20,58
20,45
21,64
23,63
23,58
24,46
24,50
25,46
25,52
26,54
26,53
26,42
27,56
29,35
29,53
29,30
30,33
31,34
33,59
33,44
33,61
33,62
33,45
33,38
34,52
34,49
35,51
36,47
36,39
36,46
36,52
36,57
41,57
43,64
43,62
43,52
44,55
44,60
45,47
46,59
47,62
49,64
50,62
52,63
57,63
61,64
61,62
