0,77
0,83
1,41
1,17
1,21
1,6
2,33
2,31
2,46
2,95
3,25
4,37
4,84
4,88
4,49
4,38
4,44
5,38
5,60
5,70
6,76
6,24
6,67
9,27
10,61
10,52
10,85
10,72
10,58
11,13
11,41
11,68
12,14
12,84
12,16
13,69
13,86
13,30
14,41
14,66
15,36
16,19
16,20
16,32
17,46
17,22
17,91
17,29
18,55
18,54
19,85
19,57
20,85
20,87
20,94
20,75
20,68
21,61
21,45
21,87
21,51
22,25
22,46
22,50
24,28
25,80
26,51
26,86
26,36
26,67
27,66
27,35
27,37
27,46
28,75
29,70
29,95
30,77
31,77
31,46
32,96
32,83
33,49
33,53
34,52
36,96
36,54
36,88
37,95
37,53
40,50
40,52
41,54
41,47
44,64
44,61
46,61
47,72
47,63
48,81
49,84
52,86
53,94
54,81
54,90
56,85
56,83
57,79
57,87
58,88
59,90
60,69
60,65
60,81
61,66
62,65
62,73
62,89
63,88
63,64
63,68
65,80
65,78
73,86
75,93
77,79
79,92
83,91
86,87
89,97
91,96
94,96
