0,7
0,9
0,72
1,52
1,41
2,20
2,56
2,26
3,52
3,20
3,69
3,55
3,23
3,68
4,7
4,43
4,25
4,11
4,70
4,59
5,66
5,30
5,46
5,65
6,10
6,43
7,55
7,27
7,59
8,53
8,32
9,10
10,67
10,28
10,71
10,11
11,55
11,67
11,63
11,65
12,62
12,28
12,67
12,30
12,48
12,64
13,48
13,35
13,31
14,32
15,71
15,51
15,24
16,63
16,49
17,29
17,41
19,52
19,50
20,38
20,51
20,26
20,71
21,45
21,28
22,27
22,46
22,44
24,34
24,63
25,47
25,61
25,65
25,42
25,36
25,49
26,38
26,27
26,57
26,64
27,45
27,62
28,69
28,43
28,68
31,40
31,72
31,57
33,68
33,49
34,41
34,62
35,59
38,72
38,54
38,55
38,67
39,48
39,56
40,46
40,63
40,72
40,66
42,45
45,53
47,63
47,49
47,57
48,49
52,69
54,67
57,61
58,72
59,67
60,68
61,65
67,68
68,69
