0,20
0,91
1,51
1,89
1,84
2,5
2,55
3,38
4,91
4,94
5,14
5,88
5,29
6,42
6,74
6,71
6,19
7,72
7,18
7,70
9,90
9,64
9,46
10,42
11,37
11,17
12,34
12,26
12,36
13,73
13,93
14,64
14,31
14,55
15,92
16,26
16,43
16,94
16,63
17,68
17,37
17,70
17,19
17,46
17,96
17,65
18,20
18,33
18,51
18,44
18,89
19,79
19,37
19,74
20,66
20,70
20,49
20,72
20,96
21,97
21,81
22,77
22,36
22,47
23,33
24,73
24,69
24,93
25,27
25,34
26,88
26,81
28,36
28,80
29,76
29,48
29,58
29,54
29,70
29,92
30,55
31,69
31,66
31,74
31,80
32,94
33,55
33,36
33,96
33,57
34,37
35,92
35,37
35,43
35,51
36,51
36,94
36,61
37,68
37,79
37,96
37,88
38,62
38,54
38,74
39,63
39,66
39,83
39,69
40,44
40,76
40,95
40,52
40,92
43,96
43,94
44,54
45,76
45,78
46,72
47,88
48,82
49,89
49,62
49,96
50,75
50,97
50,73
50,63
52,91
52,58
53,59
54,56
54,63
55,76
55,80
55,85
56,88
56,70
57,61
59,88
60,79
62,88
63,87
64,69
65,89
65,69
67,75
68,79
68,96
68,83
69,87
70,83
72,80
73,82
73,88
75,97
75,85
75,90
75,92
75,86
75,81
76,89
76,86
80,82
82,87
86,87
88,89
89,92
90,92
92,95
94,95
