0,30
0,21
0,1
0,57
0,49
1,10
1,21
1,32
1,44
1,26
2,56
2,33
2,15
3,45
4,57
4,54
4,10
5,31
5,20
6,56
7,27
7,31
8,19
8,27
8,60
10,27
11,53
11,31
11,39
12,48
12,16
12,35
13,60
13,35
13,48
14,16
14,59
15,31
15,38
15,44
15,50
16,56
17,21
17,43
17,24
17,39
19,28
19,41
20,45
23,59
23,37
23,52
23,38
24,33
24,53
24,42
24,56
25,26
25,48
26,42
26,29
26,46
26,50
28,60
28,38
30,40
30,48
30,42
30,57
30,52
31,47
32,34
33,37
33,50
35,36
36,48
37,38
37,44
39,43
40,57
40,59
40,49
41,60
41,54
42,43
43,53
45,53
50,56
56,60
58,60
