0,2
1,39
1,20
1,43
1,26
1,17
2,55
2,46
2,60
3,42
3,6
3,24
3,14
4,41
4,66
4,48
4,23
5,53
5,62
5,27
5,68
5,59
6,58
6,50
6,57
7,13
7,67
8,56
8,20
8,41
9,52
9,65
10,32
10,39
10,17
10,18
10,40
11,40
11,55
11,36
12,52
12,48
12,69
13,21
13,27
13,33
13,64
14,51
14,44
14,60
14,52
14,50
15,39
15,43
15,28
15,42
16,41
16,63
16,22
16,47
16,62
16,61
16,57
16,42
16,56
17,31
17,18
19,51
19,65
19,40
20,38
21,46
21,57
22,50
23,33
23,60
23,37
25,35
25,67
25,60
26,61
26,29
26,35
26,45
27,64
27,38
27,35
28,50
28,68
28,45
28,61
29,69
29,56
30,54
31,46
31,60
31,65
31,34
33,45
33,47
33,56
34,67
35,66
36,65
36,53
37,40
37,68
37,55
37,44
38,46
38,53
38,60
39,63
40,41
40,63
43,67
44,53
44,68
44,65
45,62
45,65
46,56
47,62
47,55
47,63
47,65
48,66
49,60
50,69
52,54
54,64
54,59
54,69
55,56
57,68
59,65
60,62
60,67
63,64
