1,42
1,21
1,59
1,35
2,31
2,7
2,12
3,67
3,61
3,66
3,75
3,68
4,21
5,35
5,15
6,78
7,15
7,45
7,69
7,70
7,18
8,85
9,90
9,24
10,76
10,94
10,47
10,80
11,54
11,49
11,94
12,78
12,79
12,63
13,90
13,21
13,14
13,28
14,61
14,51
15,35
16,59
17,49
17,44
17,57
18,71
18,69
19,32
19,20
19,62
19,82
20,37
20,32
20,68
20,83
20,42
21,76
21,60
21,80
22,23
22,90
23,90
23,77
23,28
24,35
24,55
24,56
25,51
25,59
25,33
25,85
25,29
26,45
26,41
26,68
28,32
28,88
29,91
29,64
29,90
29,94
30,40
30,50
31,88
31,61
33,43
33,66
33,74
33,93
34,75
34,51
34,87
35,92
35,54
36,85
36,84
36,89
37,85
37,88
38,81
39,68
40,58
40,73
41,85
41,66
42,55
42,58
43,75
43,67
43,51
44,73
44,91
45,48
45,49
47,82
48,81
48,55
49,82
49,74
50,81
51,62
52,64
52,58
52,84
53,81
53,84
54,59
55,77
56,69
58,79
59,82
60,70
62,71
65,76
65,92
65,87
66,80
67,77
67,91
67,74
68,80
69,79
69,87
70,82
73,83
77,87
79,83
79,94
