0,17
0,48
1,37
1,60
1,15
1,64
1,47
2,53
2,30
2,55
2,70
2,67
3,5
3,73
3,35
4,40
4,67
4,41
4,9
5,7
5,63
6,15
8,44
8,21
8,27
8,31
8,48
8,52
9,60
9,54
11,31
11,21
11,12
11,25
12,35
12,15
12,25
14,26
14,40
14,72
14,48
14,38
16,22
17,18
17,44
17,33
17,30
18,40
19,45
19,47
20,38
20,29
21,64
21,43
22,38
23,50
23,45
24,27
24,43
25,63
26,69
26,64
27,32
29,33
29,71
29,72
30,58
30,73
31,60
31,53
31,55
32,58
32,53
33,35
33,50
33,40
35,47
36,66
37,46
40,50
40,41
40,48
44,66
44,63
44,53
45,67
45,72
45,59
45,48
46,71
49,56
50,72
51,68
52,71
53,73
54,58
56,66
56,62
56,58
