1,53
2,72
4,69
4,50
4,64
5,37
5,43
6,12
7,68
7,46
8,31
8,70
8,25
8,19
8,38
8,36
9,10
9,78
9,51
10,27
11,70
11,63
11,43
11,62
11,30
12,53
12,38
12,39
12,75
13,71
13,70
14,38
15,77
16,48
16,55
16,67
16,17
16,25
17,77
18,22
18,76
18,34
18,65
19,28
20,60
20,39
21,44
22,30
22,62
23,62
23,76
25,44
26,75
27,78
27,73
28,79
28,48
29,63
29,58
29,72
31,67
31,46
31,57
31,52
32,64
33,55
34,77
34,63
36,73
36,65
37,77
38,76
38,43
39,55
41,73
41,76
42,63
42,50
43,71
43,47
44,73
44,78
47,69
49,50
50,56
50,67
50,53
51,71
52,77
53,71
55,59
56,78
57,69
67,77
69,78
69,76
