0,63
0,57
1,30
1,64
2,45
3,52
3,15
3,34
3,39
3,4
3,12
4,59
5,51
6,40
7,30
8,54
8,28
8,38
8,52
8,10
10,55
10,57
10,11
10,56
11,45
11,24
11,26
12,44
12,34
13,24
13,19
13,52
14,64
14,37
15,28
15,45
15,49
15,54
17,55
18,65
18,56
20,29
21,30
21,56
22,52
24,45
24,49
25,55
25,35
26,44
26,56
26,60
27,35
27,37
30,60
30,36
30,53
30,35
32,48
33,55
33,35
33,57
34,46
34,56
35,36
35,56
35,52
36,48
37,46
37,48
38,44
39,58
39,63
39,47
39,57
41,54
42,51
45,46
45,52
45,60
45,50
46,48
49,54
50,62
54,60
55,65
59,63
60,64
62,63
