0,6
0,30
1,14
1,13
1,8
1,4
1,39
1,24
2,20
2,57
2,50
3,42
3,58
3,47
3,28
4,28
4,6
4,56
4,23
4,55
5,38
5,32
5,57
5,33
6,31
6,20
6,22
6,15
6,48
6,8
6,16
7,24
7,53
8,45
8,26
8,58
9,42
9,47
9,61
10,20
10,47
10,51
10,53
11,35
11,52
11,19
12,29
12,58
12,34
12,25
13,29
13,38
14,57
15,35
15,30
16,32
16,33
17,52
17,44
17,39
17,37
17,47
17,33
18,24
19,58
19,41
19,22
19,27
20,50
20,56
20,43
21,61
23,58
24,29
25,53
25,32
26,32
27,39
27,40
27,43
28,34
29,57
29,38
29,56
29,45
29,53
30,50
30,49
31,39
32,43
33,44
33,34
34,50
34,53
34,36
34,39
37,49
37,59
39,44
39,58
41,60
41,47
42,44
42,59
43,58
45,53
46,52
46,49
47,61
49,57
51,57
51,56
52,60
53,56
55,60
