0,53
0,1
1,39
1,47
2,9
2,42
3,64
3,28
4,46
4,25
4,57
4,51
5,21
6,40
7,48
7,60
7,14
7,46
7,25
7,61
8,59
9,12
9,60
9,27
9,24
11,33
11,16
12,47
12,44
12,50
13,39
14,24
14,33
15,24
16,25
16,31
17,55
17,41
17,39
18,54
18,61
19,53
20,26
20,51
23,58
23,46
23,64
23,41
25,27
25,39
26,45
26,58
27,56
27,40
28,62
28,34
29,64
29,43
29,38
30,60
30,64
31,37
32,62
33,37
33,45
33,57
34,50
34,41
34,57
35,52
35,36
35,39
36,58
36,46
36,53
37,50
38,42
39,40
39,55
40,44
40,64
40,59
40,49
41,43
41,60
42,63
42,50
43,55
43,63
44,45
45,61
46,59
49,54
54,65
55,65
57,60
58,61
