0,13
0,85
1,86
1,40
1,91
1,26
2,52
2,48
2,50
2,34
3,24
6,54
7,35
7,77
7,9
8,21
8,90
9,64
9,34
10,54
10,78
10,88
10,45
11,36
11,47
12,70
12,46
13,23
14,91
14,84
14,42
15,22
16,65
16,92
16,55
17,74
17,46
18,50
18,85
18,59
18,57
18,80
18,82
19,90
20,82
20,88
21,93
21,27
21,36
21,45
21,81
22,51
24,32
24,94
24,81
25,34
25,37
25,82
25,84
26,83
27,63
28,71
28,82
28,69
28,93
29,79
29,57
29,40
29,82
29,60
30,46
31,86
32,66
32,61
32,36
33,58
33,66
33,77
34,79
34,83
35,37
35,44
37,55
37,78
37,49
38,52
38,41
38,55
39,46
40,52
40,60
41,48
42,59
42,51
42,49
42,46
42,78
42,48
43,87
43,45
44,89
44,91
44,58
45,67
47,90
48,94
49,68
50,72
52,81
53,55
53,65
54,84
54,82
54,69
54,79
55,66
55,70
57,68
59,86
60,74
61,62
61,68
63,73
64,70
64,90
64,72
66,77
67,89
68,72
68,81
68,75
68,92
69,81
76,77
78,89
80,87
83,90
86,94
