0,75
0,14
0,66
1,23
2,29
2,84
2,31
3,24
3,33
5,31
6,31
6,38
6,55
6,29
6,83
7,44
7,40
8,41
9,34
9,61
10,29
11,35
12,24
12,97
13,94
13,23
13,61
13,93
14,33
15,57
16,45
16,86
16,77
16,80
16,39
17,70
17,53
17,56
17,78
18,36
18,76
19,62
19,64
21,36
23,69
23,30
24,63
24,31
24,85
24,81
25,46
26,59
27,93
27,74
28,44
28,49
29,79
30,42
30,87
31,62
31,93
31,44
31,46
34,69
34,73
37,84
38,60
38,67
40,54
42,64
42,78
43,77
44,81
45,47
45,78
46,91
47,63
47,80
47,87
50,93
51,74
54,61
56,62
57,65
58,91
59,69
61,66
62,70
63,75
66,71
68,85
68,79
69,93
70,97
73,96
73,78
74,95
76,95
78,88
