0,44
0,82
1,24
1,94
2,18
2,19
3,67
3,74
3,46
4,58
4,98
4,80
4,15
4,88
4,8
5,99
6,61
6,52
7,62
7,29
7,56
8,41
8,40
8,9
9,41
9,86
9,58
9,40
10,77
10,73
12,16
12,55
12,38
13,14
13,81
13,23
14,81
14,54
14,58
15,58
15,55
15,82
15,77
16,69
16,21
17,19
17,36
18,98
19,29
20,33
20,44
20,32
20,22
20,78
20,76
21,31
21,26
21,92
22,55
22,72
22,63
23,77
23,28
23,27
24,65
24,38
24,89
24,97
25,38
25,99
25,59
25,86
25,37
25,53
26,45
26,29
26,97
27,41
27,44
27,46
28,89
28,36
28,45
28,94
28,41
29,61
30,80
30,94
31,54
31,39
32,45
33,89
34,79
35,81
35,51
36,83
36,79
36,76
37,41
37,99
37,44
37,85
37,46
37,53
37,59
38,65
38,42
39,68
39,54
39,79
40,85
40,68
41,94
41,96
41,72
42,58
43,91
43,95
44,88
44,69
45,97
46,89
47,81
47,70
47,62
49,96
50,74
50,95
52,92
52,55
52,59
52,75
53,64
53,63
53,90
53,86
54,81
54,77
55,99
56,63
57,75
57,63
59,86
59,66
61,86
61,99
62,64
62,91
64,83
65,68
67,93
68,97
69,90
70,81
70,76
70,89
71,96
72,87
72,97
73,81
74,84
74,80
77,81
79,97
79,81
81,97
84,86
87,94
