0,14
1,7
1,54
1,37
2,19
2,36
2,57
2,21
3,55
3,19
3,15
4,39
4,13
5,32
5,31
5,49
6,52
6,41
6,31
7,20
8,25
8,47
8,35
11,43
11,40
11,37
11,31
11,34
11,36
12,33
12,47
12,16
12,34
12,29
12,31
14,40
14,29
15,38
15,56
16,42
16,43
16,17
16,30
16,56
17,57
18,47
18,55
19,49
19,31
19,56
20,21
20,23
21,48
21,45
22,38
22,26
22,29
23,36
24,42
24,43
25,55
25,35
25,27
27,49
27,36
27,58
28,34
31,56
31,33
32,49
32,33
32,46
33,45
34,51
36,53
38,53
39,40
39,58
39,42
40,41
40,52
41,45
42,53
43,50
44,45
47,49
51,52
51,57
