0,29
0,77
0,40
0,21
0,75
0,71
0,30
0,37
1,91
1,10
1,23
3,30
3,50
3,26
3,6
3,66
3,7
4,86
4,53
5,40
5,85
6,83
6,41
6,62
6,93
6,81
6,88
7,74
7,20
8,66
8,35
8,37
8,16
9,74
10,80
10,82
10,24
11,83
11,59
11,45
11,18
11,34
11,27
12,40
12,87
13,79
13,38
13,91
14,31
14,62
14,27
14,73
14,93
14,42
14,59
14,79
15,60
15,68
16,61
16,66
17,81
17,55
17,19
18,33
18,59
19,60
19,56
19,75
20,45
20,32
21,63
21,26
21,48
22,75
22,48
23,76
23,83
23,86
23,44
24,81
24,82
25,44
26,86
26,79
27,48
28,67
28,85
29,83
29,58
29,48
29,30
29,55
31,87
31,79
32,85
32,50
33,43
35,80
35,74
36,73
36,40
38,93
39,52
39,83
40,82
40,59
40,66
41,62
41,79
42,73
43,70
44,52
45,57
45,49
45,72
45,92
46,57
46,87
47,80
47,49
48,86
49,63
49,76
50,72
50,68
51,90
53,58
53,88
53,67
54,67
56,57
56,62
57,83
59,77
59,66
60,91
61,80
61,83
61,63
63,86
66,80
66,73
67,87
73,91
73,81
74,89
74,82
80,92
85,87
85,91
87,92
