0,17
0,29
0,5
1,23
2,46
2,49
3,26
3,14
3,85
3,93
4,59
4,7
5,39
6,62
7,51
7,53
7,66
8,60
8,69
9,58
9,82
9,41
10,88
10,53
10,87
10,34
11,83
11,53
12,21
12,22
12,30
12,90
13,19
13,76
14,75
15,55
15,75
15,67
16,77
16,47
16,48
17,52
17,24
17,48
17,73
18,33
18,78
18,39
19,69
19,45
19,79
19,63
20,32
22,42
23,50
23,46
23,35
24,35
24,78
25,85
26,47
26,49
27,87
27,85
27,61
28,32
30,73
30,39
30,84
30,90
31,80
31,56
32,62
33,40
33,53
34,55
34,86
34,72
38,65
38,51
38,91
39,41
42,72
42,48
42,77
43,91
44,49
44,46
45,77
46,60
47,73
48,74
49,61
50,84
50,53
51,79
52,64
52,65
53,71
53,72
54,90
54,57
55,80
56,88
57,78
59,83
59,66
59,89
63,73
64,75
66,79
67,79
68,79
71,90
71,88
74,85
75,87
75,85
81,89
