0,15
0,56
0,72
0,54
0,24
0,86
1,8
1,72
1,55
1,11
2,59
2,52
2,57
2,35
3,73
3,50
3,4
3,65
3,39
3,64
4,43
4,33
4,6
5,50
5,22
5,71
5,33
5,27
6,69
6,70
6,82
6,76
6,7
7,55
7,17
7,61
8,80
8,39
9,60
9,15
9,53
10,41
10,76
10,73
11,69
11,18
12,66
12,55
12,16
12,44
12,89
12,38
13,43
13,75
13,50
13,14
13,89
13,22
13,46
13,82
14,60
14,45
14,24
15,46
15,36
15,60
15,29
16,60
17,24
17,79
17,61
17,55
18,88
18,53
18,22
18,50
19,24
20,47
20,65
20,38
20,82
20,61
20,54
21,39
21,24
21,31
22,65
22,49
23,25
24,47
24,32
24,42
25,46
25,83
25,86
25,67
26,74
26,59
26,28
26,68
26,43
26,48
27,76
27,60
28,36
28,67
28,58
28,34
28,89
28,45
28,44
29,52
29,78
30,47
30,53
30,33
31,83
31,84
31,54
32,52
33,53
33,61
34,53
35,54
37,57
37,69
38,80
38,85
39,45
40,63
40,86
40,85
41,48
42,59
43,69
43,71
43,57
44,63
44,49
44,61
44,87
45,77
46,63
46,51
46,71
47,56
49,71
49,65
51,57
51,88
52,62
52,84
52,63
53,60
54,83
55,80
55,77
57,88
58,73
58,59
61,86
62,84
63,80
63,79
64,75
64,76
64,88
67,80
67,88
69,86
73,76
74,88
76,86
78,81
82,83
84,89
86,87
