0,21
1,3
1,11
1,51
1,5
1,66
2,71
2,46
2,15
2,72
3,40
4,15
4,46
4,43
4,47
5,48
5,34
7,61
7,39
9,48
9,43
9,33
9,20
10,39
10,30
11,30
11,47
11,72
11,28
12,73
12,34
12,44
13,72
14,73
14,16
15,43
15,68
15,52
16,78
16,68
18,48
18,43
18,46
19,28
20,73
20,45
20,75
20,72
21,39
21,69
22,58
22,77
22,74
23,40
24,47
24,37
25,61
25,60
26,51
26,29
26,71
27,35
28,57
28,54
29,58
31,77
32,58
33,57
33,64
34,61
34,46
35,68
35,47
35,58
35,54
36,70
36,55
37,55
37,74
38,40
38,72
39,44
39,71
40,57
40,50
40,41
41,69
41,68
41,57
42,54
42,59
42,45
43,54
43,70
44,60
46,48
46,75
47,76
48,65
48,62
49,55
50,74
52,72
54,66
54,65
55,62
58,71
58,60
62,68
63,78
73,75
