0,34
0,19
0,14
1,48
1,17
1,27
1,40
1,39
1,47
1,41
2,6
2,15
2,17
3,8
3,15
3,19
3,37
3,24
4,51
4,28
5,9
6,44
7,19
7,26
8,34
9,31
9,25
10,30
10,47
10,38
10,28
10,20
11,47
11,41
11,30
12,20
13,17
14,45
15,24
15,31
15,48
16,44
16,37
16,24
17,50
17,49
18,19
18,49
18,24
19,42
19,35
19,22
20,43
21,40
22,28
22,23
22,27
23,35
23,28
24,40
24,28
24,45
24,26
25,46
25,42
26,38
28,42
28,43
28,46
29,49
29,37
29,51
29,35
30,51
30,32
30,33
31,38
31,50
33,37
33,42
33,48
33,47
34,51
34,44
35,50
36,48
36,47
36,43
37,51
38,43
39,46
40,50
41,47
41,49
43,46
