0,40
0,34
0,15
0,21
1,19
1,10
1,37
1,17
1,51
1,7
2,42
2,41
2,37
3,31
3,37
3,18
3,21
4,49
4,38
6,18
6,43
6,44
6,48
6,26
6,27
7,26
7,25
7,22
7,35
7,9
8,19
8,44
8,32
9,22
9,50
10,49
10,37
10,24
10,17
10,38
10,48
11,18
12,50
13,39
13,20
14,50
14,30
14,29
15,41
15,33
15,51
16,45
16,38
16,51
17,49
17,38
17,30
18,21
18,51
21,35
21,31
21,39
23,47
23,30
24,46
24,42
25,29
25,51
26,28
26,33
27,37
28,30
28,47
29,36
30,50
30,45
31,34
32,48
34,39
35,44
35,52
35,40
36,37
38,40
39,54
39,53
39,51
40,44
40,49
46,50
47,49
