0,44
0,43
0,30
1,57
1,5
1,14
1,25
1,38
2,5
4,12
4,58
4,30
5,17
5,42
5,24
6,43
6,61
7,15
7,21
8,51
8,31
8,38
8,34
8,9
8,53
9,24
9,26
10,56
10,44
10,53
11,50
13,61
13,32
14,41
14,16
14,62
15,24
15,56
15,31
16,31
16,19
16,17
17,56
18,51
18,45
18,32
19,31
19,26
19,35
20,59
21,32
21,29
21,39
22,52
23,31
23,33
24,27
24,44
25,46
25,65
26,31
26,30
26,64
28,33
28,40
30,50
31,34
32,35
34,43
35,40
35,46
36,39
38,41
38,61
39,62
39,51
40,52
40,41
42,50
43,65
45,51
45,61
45,64
46,55
47,51
47,50
47,54
47,63
48,49
49,55
50,65
50,62
55,64
63,64
