0,34
1,70
1,78
1,8
1,38
1,53
1,87
2,80
2,72
3,47
4,33
5,67
5,34
5,55
5,58
6,88
8,23
9,31
10,76
11,52
11,19
11,63
11,15
11,81
12,15
12,67
14,91
16,62
16,92
16,88
17,18
17,45
18,72
19,23
21,82
21,41
22,61
22,49
23,60
24,93
24,90
25,56
25,87
26,88
27,58
27,87
27,82
28,75
28,95
28,83
28,53
30,78
30,82
31,38
31,55
31,90
32,71
33,49
34,52
37,93
37,83
38,84
38,52
40,61
40,73
41,45
42,73
42,44
42,62
42,96
43,77
44,55
45,76
45,66
45,89
47,89
47,67
49,56
49,95
50,82
51,52
51,97
52,53
53,74
53,55
54,56
56,87
57,75
57,67
58,73
59,80
61,83
62,78
63,83
63,86
63,68
64,75
64,73
67,74
68,93
70,80
74,81
75,76
76,89
76,95
77,93
81,93
84,88
91,94
