0,48
0,83
0,59
1,62
1,7
3,83
3,81
4,7
4,43
4,9
6,86
6,66
6,56
6,35
7,43
9,51
10,23
10,41
10,85
10,90
12,46
12,28
12,29
12,84
12,18
13,36
13,46
13,81
15,77
15,47
15,67
15,55
16,84
16,73
17,56
17,32
17,65
18,49
18,73
19,20
20,58
20,52
21,60
21,50
22,85
22,43
23,80
23,53
23,49
24,76
25,76
26,47
26,64
27,29
27,75
28,55
28,69
30,65
30,39
30,54
32,73
32,70
32,95
34,59
35,82
35,60
36,61
36,52
37,41
37,87
38,84
39,67
39,90
39,83
41,61
41,81
42,51
42,56
42,57
43,56
43,86
43,77
45,51
47,60
48,53
49,70
50,83
50,65
50,90
51,89
51,68
52,71
53,83
53,72
54,70
56,68
57,65
57,78
57,86
58,62
58,71
59,94
59,84
65,73
70,72
70,75
77,83
78,91
79,85
81,99
