0,22
1,46
1,16
1,10
1,5
2,61
2,4
2,47
2,15
4,50
5,36
5,29
6,73
6,14
6,55
6,20
7,59
7,16
7,63
8,41
8,69
8,73
9,50
9,73
10,52
10,39
10,25
10,17
11,39
11,38
11,26
12,70
13,62
13,63
13,36
13,17
14,23
14,42
14,19
15,68
15,72
15,36
16,55
16,37
16,50
16,30
16,38
18,66
18,69
19,48
19,58
19,54
20,39
21,65
21,23
21,55
21,58
22,50
23,63
23,50
24,35
24,27
24,68
25,72
25,63
25,32
25,49
25,44
26,60
26,53
26,46
27,71
27,31
28,59
28,57
29,54
29,68
29,65
30,62
30,59
30,61
30,43
30,51
30,34
31,52
32,70
32,35
32,54
32,66
33,49
34,47
34,72
35,46
35,55
35,70
35,57
35,66
35,44
35,53
36,50
38,60
38,41
38,39
40,48
40,61
40,67
40,62
42,44
42,60
44,60
44,54
47,52
47,65
47,73
47,59
51,64
52,62
55,62
57,66
59,62
60,68
60,73
60,62
63,65
64,65
65,73
70,72
