0,75
0,16
0,1
0,79
0,22
1,19
1,51
1,77
2,7
2,64
2,23
3,55
3,8
3,14
4,35
4,62
4,15
5,83
5,47
5,43
5,71
5,35
5,11
6,51
6,43
6,8
7,71
7,16
7,67
7,53
7,56
7,12
7,63
7,59
8,59
8,12
8,39
8,84
8,46
8,37
8,77
9,22
9,66
10,72
10,17
11,51
11,46
11,37
11,55
12,23
13,58
13,42
13,25
13,78
14,57
14,52
14,15
14,73
15,59
15,18
16,43
16,21
16,73
17,33
17,78
17,74
17,28
17,25
17,41
18,77
18,57
19,49
19,87
19,23
21,33
21,81
21,40
22,70
22,83
22,46
22,44
23,64
23,80
23,52
23,68
24,34
24,85
24,48
24,57
24,74
25,70
25,54
25,34
25,77
25,28
25,43
25,26
25,47
27,61
28,61
28,65
28,60
29,34
29,48
29,38
29,77
29,53
31,71
31,70
31,46
31,61
31,54
33,80
33,39
33,81
33,74
34,68
34,37
34,76
35,70
35,62
35,84
37,72
37,58
38,65
38,50
38,59
39,50
39,54
39,85
40,45
40,81
41,82
41,60
42,57
42,80
45,72
45,49
45,66
46,61
48,65
49,55
50,73
50,53
51,66
51,74
52,78
52,87
54,78
54,68
54,87
55,84
56,61
57,68
57,67
57,73
59,73
61,85
62,75
64,69
66,85
67,72
68,83
69,77
73,77
74,86
75,78
79,87
