0,59
0,50
1,75
2,70
2,62
2,8
2,67
3,57
3,12
5,60
5,30
5,48
6,27
6,53
7,12
7,39
7,52
7,36
7,10
9,27
9,61
9,70
9,32
9,43
10,68
10,30
10,17
11,60
11,26
12,44
12,20
12,45
12,21
13,14
14,24
14,38
15,19
15,23
16,75
16,41
16,46
16,52
17,53
17,65
18,50
18,30
18,44
18,66
19,65
19,40
20,23
20,30
20,69
21,67
22,29
22,23
24,35
24,71
24,58
24,73
24,26
25,54
25,60
26,52
27,45
27,57
27,69
28,42
28,60
28,49
29,47
31,40
31,73
31,63
31,46
31,70
31,44
32,66
32,53
34,61
35,74
35,60
35,38
35,42
36,62
36,68
36,40
36,59
37,39
38,43
38,49
40,56
40,75
40,70
41,63
41,47
42,59
42,60
42,53
42,58
42,70
43,58
43,49
43,67
45,54
46,69
46,73
46,60
47,73
47,68
51,73
53,60
54,61
54,58
55,69
63,72
63,69
70,75
73,75
