1,8
2,49
2,11
2,76
2,36
3,66
3,80
4,37
4,13
4,34
5,51
5,12
6,19
7,25
7,21
7,15
8,18
8,70
8,13
8,38
9,27
9,80
9,15
9,62
9,75
9,35
10,65
11,69
11,64
12,79
12,47
13,56
13,40
13,67
14,36
15,77
15,55
16,38
16,57
16,24
16,78
18,21
22,51
22,77
22,46
23,49
23,64
24,41
24,73
25,34
26,69
28,47
28,29
28,38
29,67
30,34
31,71
34,45
35,59
35,60
36,72
37,62
37,43
40,45
40,82
40,56
40,75
41,60
42,59
43,70
43,47
45,54
46,52
47,77
50,52
50,79
51,72
51,67
52,77
52,60
55,72
56,78
56,57
57,63
58,72
59,68
61,77
61,68
62,66
62,78
63,65
68,76
70,78
71,72
74,82
