0,38
0,40
0,39
0,13
1,50
1,47
1,17
1,44
2,37
2,20
3,71
3,63
3,65
3,8
4,69
4,11
5,70
5,72
5,28
6,43
6,20
6,44
8,62
8,42
8,39
8,54
9,19
9,72
9,58
9,38
11,12
11,42
11,22
12,17
12,16
12,43
12,54
12,48
13,60
13,47
13,73
13,53
14,22
15,64
15,36
16,59
16,49
16,20
17,74
18,49
18,67
18,60
18,58
19,50
20,34
21,39
22,62
22,56
22,72
22,55
23,41
23,71
23,44
23,32
24,27
25,53
26,36
26,48
27,44
27,30
27,40
27,57
27,33
27,34
27,45
29,30
30,54
31,72
31,34
31,38
31,50
32,47
33,46
33,51
34,51
34,44
34,41
36,40
37,60
38,61
38,58
39,67
39,50
40,58
40,52
41,50
43,57
43,45
45,52
46,63
47,69
47,74
47,51
48,60
49,52
50,51
50,61
53,62
53,60
55,60
57,74
57,68
58,65
59,70
65,71
71,74
