0,70
1,75
1,74
2,27
2,8
3,15
4,57
5,41
5,76
6,50
7,54
7,61
7,32
7,82
7,59
7,13
8,57
8,63
8,22
9,64
9,56
9,45
9,76
10,32
10,50
10,59
11,64
12,71
12,57
12,52
13,46
13,18
13,74
13,63
14,32
15,75
15,61
16,35
16,26
16,39
17,65
17,69
18,77
18,58
19,79
20,32
20,33
20,50
21,78
21,31
22,53
22,85
22,47
22,67
23,49
23,68
25,77
27,28
27,75
28,69
28,33
28,43
29,51
30,53
31,75
33,64
34,56
35,45
36,78
40,74
42,79
44,75
44,73
44,70
45,67
46,83
47,85
48,80
50,51
51,84
51,73
52,64
54,69
54,81
57,72
57,79
57,63
60,63
60,77
60,68
62,64
62,83
74,79
74,76
77,82
79,84
