0,15
0,54
0,81
1,71
1,6
2,60
2,49
3,10
4,66
4,72
4,14
4,50
4,64
5,52
6,78
6,53
6,42
7,61
7,39
7,86
8,37
8,70
8,40
8,10
9,50
9,64
9,12
9,72
9,78
10,66
10,30
10,32
10,65
10,20
11,47
12,70
13,23
13,77
13,26
14,85
15,77
15,41
16,62
16,44
17,73
17,43
17,60
17,58
18,59
18,39
18,63
19,48
19,66
19,26
19,84
19,20
20,69
20,80
20,68
22,72
22,68
22,87
22,77
22,56
23,88
23,31
23,60
23,66
24,59
24,51
24,84
25,46
25,71
26,30
26,61
26,32
27,70
27,85
27,45
27,84
28,43
28,58
28,67
28,60
29,43
29,86
29,69
30,37
30,71
31,78
31,70
31,83
32,84
33,36
33,76
34,42
34,84
34,41
34,88
35,44
36,41
37,77
37,80
38,72
39,48
39,46
40,58
40,44
41,81
41,48
41,77
41,83
41,62
43,67
43,66
43,57
43,65
44,50
45,63
46,54
47,48
49,88
49,76
49,63
51,53
52,62
52,71
52,74
54,70
55,69
56,86
56,58
56,63
56,66
56,83
58,62
58,75
61,74
61,89
62,71
62,84
62,76
64,68
66,88
68,84
68,74
69,80
71,85
73,83
77,80
77,89
80,89
85,89
