0,25
0,35
0,65
0,57
1,54
1,21
2,30
2,6
2,42
3,44
3,47
3,71
3,17
3,31
3,74
4,48
4,22
4,5
4,25
5,16
5,46
5,22
5,68
6,9
6,40
6,41
7,19
7,73
7,67
7,37
7,50
8,73
8,33
9,68
9,79
9,37
10,42
10,79
10,74
10,23
11,14
12,25
12,51
13,15
13,39
13,14
13,34
13,64
13,66
13,23
13,20
14,32
15,28
15,30
15,17
15,57
15,34
16,55
17,59
18,71
18,40
18,63
19,36
21,80
21,59
21,69
23,48
23,66
23,67
23,81
23,25
23,82
24,54
25,29
26,36
26,39
27,36
27,38
29,48
29,36
29,80
30,53
31,55
31,47
31,32
32,34
34,40
34,62
34,79
35,52
35,45
35,54
35,55
36,47
36,57
36,66
37,79
39,75
40,79
40,59
42,62
42,48
42,60
43,54
43,70
45,72
47,49
48,58
49,61
49,77
49,62
50,80
50,60
53,74
54,57
55,79
55,58
56,57
56,67
59,81
60,77
60,80
61,67
62,68
67,72
67,77
68,79
74,80
74,75
75,83
77,83
