0,83
0,44
0,56
1,53
1,57
2,30
3,66
3,86
3,62
5,61
6,24
6,72
7,37
7,67
8,56
9,13
9,50
10,68
10,76
10,11
10,82
10,65
13,78
14,51
14,16
15,22
16,22
16,17
17,30
17,47
17,32
17,49
18,69
18,70
19,39
20,89
20,85
20,79
20,56
20,67
20,43
22,72
22,39
22,86
22,87
23,55
23,77
25,89
25,62
26,56
26,52
28,78
29,59
29,53
29,61
30,67
30,54
31,41
34,57
36,79
36,58
36,84
38,50
39,68
39,90
40,77
42,67
43,48
43,60
43,53
44,78
45,51
45,77
45,49
47,56
48,52
50,71
50,54
53,56
55,70
58,87
58,81
59,70
60,73
61,73
61,84
62,85
62,65
64,67
64,80
65,67
68,74
69,85
78,80
81,89
