0,70
0,17
0,50
0,64
1,46
1,36
1,68
1,81
2,11
2,13
2,21
2,28
3,4
3,12
3,10
4,86
4,16
4,10
5,22
6,85
6,68
6,84
7,43
7,32
7,12
7,29
7,9
8,85
8,62
8,30
9,52
10,73
10,25
11,26
11,16
12,56
12,86
12,67
12,80
13,71
13,31
14,68
14,62
14,76
14,37
15,39
16,59
16,76
16,86
16,50
17,83
18,57
18,35
18,80
18,60
18,56
18,73
19,53
20,59
20,66
20,62
20,56
21,49
23,27
23,75
23,56
23,46
23,57
24,69
25,83
25,48
25,46
25,67
25,31
25,63
27,83
28,50
29,55
29,38
30,59
31,52
31,41
32,40
33,73
33,47
33,79
34,82
34,66
36,40
37,48
37,40
37,55
38,85
38,63
38,66
39,67
39,60
39,63
41,66
41,75
41,59
42,75
42,62
44,76
44,67
45,57
46,63
48,56
50,67
51,60
52,64
54,63
54,77
55,65
55,79
58,78
58,61
59,68
60,72
60,66
62,83
64,81
65,66
65,74
66,67
67,73
69,72
70,75
70,74
72,84
73,75
76,83
77,81
77,83
80,82
