0,60
0,85
0,64
0,70
1,16
2,55
2,86
3,23
3,30
3,10
4,35
4,84
4,29
5,14
6,89
6,26
7,42
8,24
8,51
9,78
9,91
9,66
10,94
10,14
10,79
11,30
11,85
11,60
12,65
12,75
13,15
13,17
13,55
13,26
14,81
14,16
15,62
15,53
15,84
16,23
16,80
16,41
17,91
18,88
18,55
18,26
19,88
20,21
22,75
23,86
23,83
24,45
24,94
25,69
26,62
26,43
27,54
27,46
29,39
30,69
32,70
34,94
35,54
36,54
37,75
37,53
37,68
38,53
38,77
40,54
42,62
42,70
43,63
43,71
44,46
45,55
46,83
47,54
49,61
51,90
53,76
54,55
56,68
57,85
57,61
57,93
57,75
58,90
59,64
69,82
69,90
69,92
70,90
71,81
72,87
74,89
79,93
79,94
80,92
86,94
