0,27
0,49
0,97
1,2
1,70
2,13
2,43
2,9
2,52
3,96
3,37
3,60
3,54
4,66
4,36
5,74
6,44
6,97
6,96
6,99
6,55
7,47
9,15
9,32
9,93
10,53
10,91
11,73
11,14
11,78
11,95
12,27
12,14
12,64
12,89
12,71
12,65
13,16
14,69
14,40
14,33
14,95
14,93
14,62
15,45
15,42
15,56
15,28
15,53
16,42
16,69
17,85
17,23
17,84
17,53
17,37
18,93
18,70
18,73
18,60
19,46
21,53
21,94
21,69
22,53
22,82
23,92
23,28
24,27
24,61
25,55
25,66
25,83
26,43
26,71
26,65
26,98
28,60
28,56
28,79
28,65
28,92
29,98
30,65
30,64
30,33
31,32
31,87
31,53
32,55
33,40
33,68
33,78
33,84
34,69
35,91
36,77
37,74
37,40
37,63
37,56
37,49
37,45
38,49
38,93
39,96
39,52
39,86
39,46
40,45
40,74
41,94
41,52
41,44
42,98
42,65
42,44
43,88
45,78
45,89
46,58
47,74
48,87
49,90
49,88
51,61
51,84
51,89
51,86
51,73
52,59
54,58
54,56
54,63
54,96
57,72
57,79
58,96
58,95
58,99
60,66
62,83
62,64
62,86
62,66
63,86
63,94
63,67
64,82
64,79
65,96
73,76
74,77
75,84
77,86
80,86
81,84
82,89
82,95
91,99
95,96
