0,1
1,75
1,57
2,65
2,53
2,60
2,44
3,61
3,17
4,19
4,21
4,54
4,23
4,63
4,46
5,22
6,17
7,47
7,57
8,22
9,34
9,69
9,75
9,54
9,45
9,44
10,13
11,41
11,40
12,39
12,26
13,56
14,17
14,64
14,54
14,61
14,35
14,53
15,76
16,76
16,61
17,40
17,42
17,41
17,43
17,48
17,77
18,37
18,50
18,68
19,67
19,38
19,54
19,36
19,70
19,46
20,48
20,52
20,39
21,53
21,76
21,39
21,35
21,56
21,25
22,50
22,69
23,57
23,52
23,45
24,39
24,74
25,58
25,72
25,26
26,48
27,74
27,37
28,42
29,66
29,36
29,38
29,67
29,43
30,68
30,71
30,53
30,31
31,62
31,36
32,45
32,35
33,58
34,75
34,64
35,63
35,68
36,53
36,46
36,69
36,59
37,48
37,64
37,40
38,67
38,63
38,73
39,60
40,50
42,45
42,46
43,48
43,71
43,64
43,50
44,47
44,53
45,52
45,65
45,72
47,64
47,76
48,69
49,69
49,54
52,75
53,74
54,58
55,58
56,62
56,74
57,61
58,68
64,73
65,73
66,75
66,73
66,67
68,75
69,75
71,72
