0,49
0,54
1,33
1,52
1,63
2,4
2,48
2,56
2,15
3,13
4,10
4,33
4,50
5,29
5,57
5,41
6,59
6,14
6,16
6,7
7,25
7,54
7,56
7,38
7,19
8,48
8,40
8,26
8,12
8,30
9,35
10,14
10,55
10,29
11,19
11,51
12,24
12,16
12,21
13,21
13,39
13,20
13,41
13,33
14,21
14,19
14,22
14,31
15,29
15,45
16,29
16,24
16,53
17,22
17,66
17,58
17,41
18,29
18,30
18,51
19,64
19,27
19,50
19,31
20,60
20,49
20,43
20,51
20,31
21,53
21,58
21,25
21,54
22,26
22,40
22,41
23,33
23,57
23,44
24,55
24,40
24,25
24,60
24,34
25,57
25,52
25,59
26,43
27,50
28,33
28,66
28,60
28,55
29,61
29,44
30,46
30,41
31,32
31,38
32,54
32,50
33,65
34,52
34,41
35,52
35,62
35,46
36,49
37,66
37,42
38,64
38,41
39,42
40,57
40,41
40,60
42,63
42,61
45,50
45,52
49,65
50,58
57,58
58,59
62,64
