0,13
0,41
1,42
1,24
2,24
2,59
2,69
3,17
3,81
3,77
3,21
3,49
4,36
5,86
5,19
5,71
5,17
6,17
6,47
7,45
7,28
7,68
7,11
7,41
7,30
7,8
9,68
9,60
10,90
10,61
10,35
12,83
13,82
14,17
15,49
16,71
17,20
17,61
18,81
19,27
19,31
20,67
21,47
21,64
22,63
22,82
22,44
23,87
23,88
24,56
24,37
27,64
28,67
28,81
29,58
29,32
30,77
30,75
31,54
31,33
33,45
33,71
35,48
35,87
35,42
35,69
36,67
36,62
36,55
36,82
37,75
38,41
38,58
38,51
39,53
39,86
39,78
40,87
40,77
41,48
41,85
42,47
42,56
43,48
43,84
44,68
44,64
46,59
48,70
50,82
50,89
51,52
53,90
54,70
56,81
56,69
56,73
58,87
59,65
60,90
62,83
62,74
63,71
63,87
66,80
67,84
67,86
68,70
73,79
73,74
74,81
77,85
77,80
78,84
78,86
80,88
83,87
86,90
