0,33
1,89
1,2
2,64
2,50
3,54
4,40
4,51
4,34
5,18
5,28
5,33
6,18
6,44
7,74
7,64
7,17
7,20
7,31
8,61
9,40
9,14
9,70
10,76
10,57
10,20
11,22
11,14
11,81
12,83
13,57
14,82
15,69
16,47
16,36
17,28
18,53
18,83
18,45
18,80
19,73
19,60
20,61
20,28
21,46
21,79
21,49
22,52
22,34
23,59
23,81
23,43
23,26
24,46
24,34
24,61
24,73
24,86
25,72
25,80
25,52
26,82
27,37
28,68
28,35
30,77
30,52
31,53
31,85
32,43
32,68
33,88
33,72
35,73
35,66
36,72
36,55
37,51
37,68
38,56
39,87
40,74
41,72
41,51
44,64
47,59
47,71
47,49
50,87
52,70
52,53
52,55
52,71
53,68
53,64
54,59
55,68
58,62
59,67
59,71
59,62
66,78
66,88
68,89
73,87
76,89
81,87
85,89
