0,9
0,44
0,66
0,31
0,47
0,41
0,20
1,38
1,37
2,17
2,68
2,60
2,6
3,5
3,63
3,6
3,37
4,24
4,35
4,7
4,13
4,34
4,9
4,72
5,34
5,16
5,61
5,11
5,50
6,19
6,16
6,33
6,29
7,53
7,29
7,55
7,9
8,32
8,19
8,72
8,11
9,41
9,66
10,20
10,47
10,68
10,57
11,42
12,20
13,58
13,77
13,63
14,34
14,40
14,30
14,64
15,39
16,18
16,74
16,27
17,60
17,67
17,66
17,47
18,43
18,19
18,44
19,57
19,53
19,55
20,72
20,51
21,77
22,53
23,24
23,41
23,48
23,50
23,45
24,73
24,77
25,39
25,30
26,44
27,39
27,43
28,65
28,52
28,44
28,69
28,75
30,70
30,35
31,35
32,49
34,77
35,41
35,74
35,70
36,45
38,60
39,69
39,54
40,59
41,56
43,53
44,68
45,77
45,52
46,50
49,50
50,71
51,67
51,73
51,68
52,62
52,65
54,76
55,71
55,64
55,65
55,75
55,77
57,73
57,71
57,62
58,67
58,64
58,65
59,73
59,66
60,63
61,72
65,67
66,68
67,71
