0,91
0,6
0,19
1,33
1,86
2,71
2,49
2,20
2,58
3,54
3,63
4,38
4,65
4,77
4,40
6,73
7,40
7,27
7,35
7,71
8,44
8,24
8,70
9,62
9,39
10,16
10,49
10,72
11,28
11,66
12,61
13,74
13,58
15,24
16,18
16,84
17,83
18,75
18,85
19,92
19,81
19,31
21,83
23,90
25,60
27,68
27,65
27,57
28,59
28,51
29,90
30,31
30,48
31,40
32,34
33,54
33,60
34,35
35,37
35,94
36,83
36,94
37,83
37,43
38,55
38,93
39,62
39,43
39,92
40,49
41,80
41,69
43,51
43,81
43,72
43,79
44,52
45,52
46,75
47,68
50,54
52,59
52,81
53,55
54,71
54,85
55,75
59,75
60,84
68,78
68,87
69,93
71,94
72,91
73,90
73,92
73,79
74,79
76,81
78,88
81,95
84,93
