0,18
0,9
0,5
0,17
1,6
1,9
1,52
1,54
1,11
2,55
3,39
4,42
4,30
5,29
5,63
6,19
6,57
6,37
6,54
7,38
7,30
7,52
7,8
8,26
8,15
8,27
9,58
9,59
9,30
9,38
10,19
10,62
11,42
11,50
12,47
12,53
12,27
13,61
14,31
14,54
14,63
15,29
15,49
16,61
16,56
17,50
17,58
18,23
18,37
18,52
18,43
19,23
19,27
19,21
20,53
20,44
20,22
20,26
20,47
20,43
20,25
20,30
21,27
21,33
22,36
22,41
23,49
23,29
24,25
25,50
25,45
25,26
26,30
26,35
26,57
26,53
26,37
26,46
27,45
27,38
30,63
30,47
30,41
31,61
32,47
33,34
34,55
35,53
35,47
36,45
36,53
36,48
37,59
37,41
44,47
45,63
45,57
45,49
45,53
46,54
46,51
47,55
50,60
51,58
52,55
54,57
