0,85
0,43
1,45
1,46
1,32
1,58
1,54
1,59
2,84
2,31
2,38
2,44
3,19
3,71
4,70
4,81
5,11
5,32
5,19
5,46
6,46
7,58
7,78
7,91
7,40
7,26
8,87
9,65
10,64
10,18
11,18
12,42
12,92
13,20
13,78
13,43
13,51
13,89
14,39
14,76
14,54
15,73
15,72
15,93
15,37
16,25
16,81
17,95
18,66
18,38
18,60
18,83
19,48
19,87
20,30
21,35
21,70
21,77
21,96
23,83
23,41
23,76
23,56
23,86
24,89
24,84
25,64
26,94
26,82
26,33
26,36
27,38
27,54
28,44
28,41
28,59
29,93
29,88
30,40
31,53
31,52
31,66
32,68
32,87
32,83
32,35
33,66
33,94
33,90
33,88
34,65
34,85
35,56
36,39
36,73
37,40
39,62
39,44
40,55
40,46
42,87
42,66
43,61
44,76
44,47
45,88
46,76
46,67
46,81
47,58
47,92
48,84
49,71
50,69
51,61
52,93
52,86
52,87
53,89
53,64
54,86
54,64
55,91
58,84
59,88
60,86
61,77
61,65
61,72
65,79
66,68
66,78
69,71
69,81
70,90
70,73
71,90
73,82
74,93
75,88
79,85
80,95
82,84
82,93
87,91
87,90
89,94
93,96
94,95
