0,21
0,11
1,30
1,82
1,14
1,55
2,28
2,33
2,80
2,65
2,5
2,48
3,10
3,70
3,55
4,14
4,51
5,59
5,36
5,50
6,78
6,48
6,18
6,36
7,73
7,19
7,54
7,49
8,18
8,51
8,33
9,64
9,40
9,62
10,81
10,64
11,53
11,81
11,12
11,69
11,27
11,30
12,36
12,65
12,19
12,71
13,49
13,70
13,15
13,50
14,38
14,79
14,40
15,41
15,68
15,46
16,76
17,40
17,62
17,26
17,18
18,68
18,73
18,49
19,39
19,43
19,64
20,27
20,83
20,63
20,28
20,38
21,40
21,59
22,54
23,57
23,70
23,27
24,57
24,25
25,68
25,69
26,58
26,42
27,62
27,83
28,50
29,40
29,69
29,60
29,38
29,66
30,47
30,37
30,58
30,44
31,42
31,56
31,71
33,49
33,69
34,81
34,70
34,55
34,65
34,46
35,64
36,39
37,49
38,44
39,49
39,63
39,74
40,60
41,48
41,46
41,64
42,77
42,76
44,65
44,50
45,67
46,78
46,49
46,74
48,63
48,52
48,50
50,67
51,60
51,65
52,78
52,66
53,80
53,71
55,59
56,77
56,82
57,73
57,61
58,63
58,60
58,67
59,77
60,80
60,82
63,67
64,81
65,71
66,82
67,83
77,82
78,81
