0,41
0,13
0,73
1,66
1,44
3,15
3,4
3,12
4,61
4,63
4,16
4,11
4,44
4,33
5,61
6,66
6,31
8,40
8,56
9,52
9,36
10,52
10,42
10,32
12,57
12,20
12,58
13,24
13,25
13,30
14,46
14,41
15,61
15,37
16,81
16,73
16,23
17,77
18,29
18,56
18,35
18,61
18,69
19,70
19,57
21,52
22,64
22,25
22,78
24,58
24,64
25,81
26,40
26,73
27,57
27,76
28,59
28,68
29,67
29,79
29,58
30,57
30,44
30,68
31,53
31,59
32,39
33,75
34,80
35,52
35,57
37,53
37,58
38,73
38,68
39,51
39,73
39,61
40,54
40,76
40,82
40,55
40,52
42,60
43,78
44,52
47,78
47,57
48,68
48,54
49,72
49,71
50,66
50,73
52,57
54,73
56,76
57,80
58,73
59,65
61,74
61,64
63,68
65,69
65,67
66,82
66,71
70,78
71,78
76,77
77,81
