0,51
1,17
1,62
3,54
3,26
3,75
3,74
4,64
4,58
4,59
4,48
5,38
5,45
6,45
6,36
6,16
6,75
7,69
7,26
7,76
7,52
7,59
7,9
7,11
8,42
8,57
8,53
9,54
9,63
9,69
9,29
10,38
11,59
11,45
11,66
11,24
11,35
12,14
12,66
12,33
12,37
14,36
14,49
14,69
14,18
14,33
15,69
15,55
15,73
16,65
16,72
16,21
16,52
16,66
16,56
16,64
17,19
17,56
17,23
17,48
18,64
20,22
20,39
20,72
20,55
21,72
22,54
22,64
22,45
23,43
24,45
25,75
25,28
26,57
27,73
27,56
27,69
27,44
28,65
28,63
30,73
31,59
32,69
32,47
33,47
33,44
34,36
35,55
35,36
35,62
36,62
37,59
38,72
38,67
39,58
39,70
39,51
39,64
40,61
41,70
41,65
42,68
42,49
43,70
45,60
45,61
46,63
46,76
47,54
47,73
47,49
48,71
48,70
48,59
50,64
52,56
52,72
52,61
53,58
54,66
54,60
57,68
58,63
62,66
63,70
64,72
71,72
