0,36
0,60
0,41
0,56
0,19
0,39
0,32
2,31
2,53
2,69
4,44
4,74
4,26
4,27
5,60
5,71
5,66
6,17
6,42
7,49
8,28
8,51
8,68
8,71
8,40
9,32
10,21
10,63
10,29
10,26
10,35
11,61
12,37
12,29
13,38
13,34
14,43
15,73
15,68
15,20
16,43
16,53
16,48
17,52
18,26
18,33
18,23
19,27
20,55
20,23
21,28
21,63
21,52
22,61
22,29
22,50
23,24
23,49
23,66
23,46
23,50
25,59
26,31
26,66
26,60
27,64
27,32
28,43
28,63
28,66
28,52
28,39
29,40
29,70
29,45
29,37
30,53
31,64
32,61
32,45
33,60
34,58
34,35
34,72
35,38
35,74
35,41
35,66
35,63
37,43
37,58
38,40
38,58
38,59
39,55
40,54
41,62
41,61
43,54
44,48
44,62
44,45
45,74
46,68
47,65
50,61
51,55
51,73
51,67
52,68
53,57
54,67
58,66
59,66
61,63
64,72
66,70
66,73
72,74
