0,3
0,23
0,61
0,51
0,78
1,36
1,82
1,73
2,53
2,21
2,35
2,45
2,74
2,79
2,26
2,88
3,47
3,28
3,37
4,37
5,18
5,37
5,65
6,56
6,94
6,24
6,87
6,55
7,9
7,12
8,41
8,25
9,36
9,53
9,15
9,39
9,50
9,73
9,54
9,87
10,46
10,74
11,84
11,19
11,65
11,89
12,53
12,24
12,14
12,82
13,20
14,15
15,41
15,34
15,50
16,62
16,63
16,97
17,77
17,21
18,19
18,93
18,34
18,75
18,86
19,55
19,94
19,87
20,59
20,94
20,54
20,50
20,52
21,71
21,31
21,69
22,61
22,80
22,68
23,49
23,54
23,70
24,31
25,53
25,29
25,40
25,38
26,63
28,74
28,43
28,89
29,84
29,41
29,60
29,38
29,55
30,42
30,91
30,31
31,44
31,43
32,49
32,87
32,59
33,81
33,75
34,90
35,52
35,76
36,45
36,69
36,54
38,94
38,60
38,76
38,52
39,68
40,67
40,80
40,89
42,48
42,72
42,65
43,77
44,45
44,70
44,87
44,84
45,87
45,68
46,58
47,61
47,48
48,80
48,53
48,82
48,75
49,78
49,57
50,94
50,69
50,54
50,81
50,82
51,81
52,97
52,62
52,76
52,80
53,74
53,71
54,57
54,55
54,97
54,59
55,74
55,86
55,71
56,71
56,84
56,88
57,74
57,66
57,58
57,61
58,90
58,74
59,90
60,65
60,86
61,93
62,78
63,77
63,80
63,89
64,75
64,90
65,72
65,71
65,79
66,95
66,84
67,79
69,71
70,85
70,90
70,92
70,89
74,77
78,86
79,93
82,93
83,96
86,96
