0,9
0,56
2,12
2,36
2,62
3,90
3,32
4,12
4,49
4,63
4,25
5,91
5,56
5,51
6,55
6,74
7,89
7,53
8,27
9,52
10,52
10,77
11,90
13,73
14,52
14,79
16,61
16,60
16,83
16,23
16,27
17,22
18,63
18,33
19,85
19,52
19,90
20,52
21,48
21,89
22,54
23,88
23,62
23,84
23,58
24,26
24,79
25,64
25,33
26,28
27,57
28,80
28,49
29,72
29,73
30,90
30,52
30,81
31,66
32,77
32,76
32,81
33,46
33,42
34,43
34,49
34,84
34,61
36,46
36,52
37,93
37,54
39,50
42,59
45,93
47,83
48,73
49,62
49,52
50,57
51,72
51,70
51,85
52,54
53,80
53,66
55,90
56,59
58,60
58,93
60,90
61,68
62,93
62,88
63,66
63,85
63,78
65,80
65,67
67,87
67,96
67,71
70,90
70,94
70,88
71,96
74,88
75,80
78,81
79,92
80,83
84,88
88,91
