0,72
0,27
0,83
0,58
0,14
1,94
1,84
3,82
5,24
6,55
6,65
6,94
8,89
9,51
10,75
10,79
11,14
11,60
12,67
12,54
13,42
13,26
13,45
14,58
14,88
15,71
16,42
17,23
17,29
17,59
18,45
19,81
19,75
20,73
20,33
20,72
20,31
20,57
20,34
20,81
21,79
22,57
23,54
23,62
24,90
25,40
26,55
26,87
27,68
27,96
28,43
29,96
29,40
30,49
31,45
32,73
32,64
32,63
33,86
33,67
33,59
34,50
35,59
35,78
35,50
35,54
36,84
37,40
37,55
37,95
38,58
38,80
40,91
41,64
42,72
46,47
46,57
46,93
48,87
48,79
49,70
49,58
50,67
54,75
54,84
56,99
57,59
59,81
60,71
62,79
66,78
67,70
69,82
70,78
71,76
73,99
73,79
75,87
75,89
76,85
76,90
77,97
81,96
84,86
85,97
85,99
92,96
92,97
