0,22
1,42
1,66
1,59
1,80
2,69
2,87
3,82
3,6
3,72
5,10
5,7
6,52
6,59
6,90
6,39
8,14
9,45
9,15
9,82
10,44
11,70
11,34
11,42
12,32
12,60
13,56
13,51
14,65
14,64
14,33
14,82
14,53
15,84
15,49
15,70
15,56
16,28
16,41
16,24
17,43
17,74
17,76
17,57
18,56
18,51
20,41
20,22
20,82
21,63
21,27
22,88
22,25
22,45
22,52
24,72
24,50
24,30
25,77
25,54
26,53
27,41
27,81
27,64
28,38
28,74
29,87
31,71
31,59
33,67
33,83
33,59
34,58
34,46
34,65
35,51
35,59
35,53
35,72
36,43
40,81
41,55
43,46
43,66
43,71
43,59
44,53
44,50
45,61
46,70
47,71
47,63
48,49
49,52
49,53
49,85
50,76
51,73
53,84
53,89
54,58
56,74
58,61
60,77
61,86
61,62
63,83
65,90
66,72
70,73
70,90
70,74
74,85
79,83
80,85
85,87
