0,38
1,72
1,57
1,61
2,28
3,82
3,6
3,47
3,20
4,53
4,38
5,33
5,35
5,78
5,77
6,64
6,38
6,24
7,38
8,27
8,48
8,42
9,21
9,70
9,43
9,42
9,25
9,50
9,15
10,78
10,20
10,73
10,33
11,37
13,65
13,83
14,16
14,70
16,29
17,62
17,68
17,33
18,73
19,67
20,43
21,25
22,74
22,41
22,78
22,35
23,64
24,34
24,80
25,74
25,34
26,69
27,52
27,28
28,77
29,40
30,65
30,50
31,78
31,62
31,79
31,48
32,80
32,37
32,78
33,80
33,39
33,53
34,39
34,55
35,51
35,36
35,61
35,67
37,62
39,78
39,49
40,62
40,68
41,47
41,68
41,71
41,77
41,74
42,44
42,51
43,67
44,57
45,59
47,66
49,55
49,63
49,53
50,77
55,66
56,77
57,78
58,78
60,64
61,83
61,75
64,82
66,73
66,82
66,77
67,75
68,82
68,72
69,75
72,82
73,78
76,80
78,81
