0,33
0,22
0,14
2,20
2,64
2,3
2,37
2,48
2,6
2,4
3,16
4,35
4,20
4,24
4,15
4,59
4,37
5,56
5,19
5,17
6,9
7,41
7,46
9,29
9,65
9,42
9,18
10,44
11,52
12,62
13,58
13,41
13,65
13,15
13,30
14,58
14,19
14,53
14,57
14,28
15,60
16,17
16,20
17,26
18,59
18,51
18,42
19,38
21,59
21,43
21,54
23,63
23,36
23,43
24,30
24,40
24,55
25,63
26,31
28,56
29,43
30,31
30,53
31,62
32,62
33,35
33,51
33,59
33,42
34,35
35,63
36,44
36,42
37,51
37,38
39,66
39,60
39,67
40,43
40,58
41,67
41,51
45,47
48,49
51,62
54,56
56,65
56,62
57,61
58,59
58,64
67,68
