0,78
0,63
0,62
0,35
0,68
0,72
0,42
0,69
0,26
0,77
1,4
1,44
1,59
1,28
2,73
2,69
2,31
2,44
3,10
3,77
3,18
3,34
4,80
4,22
4,26
5,13
5,60
5,66
5,8
5,69
5,40
5,59
5,36
6,20
6,19
6,81
6,9
7,52
7,19
7,40
9,28
9,63
9,56
9,27
9,39
9,46
10,58
10,73
10,35
11,65
11,59
11,49
11,56
11,79
12,52
13,64
13,22
14,39
14,59
14,49
14,30
14,67
15,35
15,80
16,56
16,21
16,31
17,51
17,54
17,55
18,36
19,66
19,55
19,69
19,42
19,27
19,61
20,60
21,75
22,46
22,33
24,30
26,49
26,54
26,80
27,35
28,77
28,54
28,70
29,59
30,66
31,69
31,79
32,47
33,45
34,52
34,76
34,59
35,41
35,52
35,75
36,65
36,60
36,47
36,62
37,43
37,51
39,42
39,62
40,46
40,78
41,78
41,80
42,43
43,59
44,71
44,66
45,69
45,48
46,79
46,51
47,73
47,69
47,68
47,72
47,60
48,75
48,73
48,71
48,53
48,66
48,77
48,70
48,63
49,61
49,56
49,65
50,53
51,54
51,65
51,56
54,73
54,61
55,67
55,73
55,76
55,63
57,72
58,64
58,79
58,71
59,77
59,66
60,77
60,79
66,78
66,69
67,76
67,77
