0,3
0,56
0,10
0,6
0,8
0,74
1,58
1,30
1,43
1,46
1,10
1,18
2,19
2,82
3,61
3,76
4,18
4,43
4,14
4,39
6,8
6,65
6,50
6,72
6,86
7,40
7,44
8,68
8,75
9,21
9,18
9,10
10,30
10,28
10,19
12,46
14,44
15,89
15,59
15,36
18,21
18,81
19,30
20,53
22,43
22,63
22,47
24,79
25,33
25,91
25,27
25,68
28,54
28,43
29,64
29,72
30,64
31,35
31,64
31,62
32,53
33,79
34,40
35,82
35,80
35,57
36,90
36,87
37,61
38,79
42,61
44,62
44,60
45,85
45,68
46,58
47,80
52,61
52,58
56,75
56,69
56,71
57,80
58,73
59,80
59,76
60,64
62,76
63,78
65,72
69,92
70,72
74,90
77,92
79,81
