0,23
0,52
0,22
0,42
0,67
0,56
0,61
1,37
1,9
1,29
2,13
2,8
3,20
3,36
3,12
3,39
4,68
4,44
5,7
5,69
5,49
6,43
6,56
6,7
6,46
6,35
6,22
7,10
8,24
8,43
8,48
9,19
9,48
9,15
10,14
10,47
11,25
12,34
13,54
13,29
13,26
14,68
14,71
14,31
14,15
15,72
15,40
16,60
16,67
17,21
18,57
18,56
18,46
18,70
18,51
18,68
18,67
19,40
19,39
20,48
20,67
20,31
20,21
20,69
22,49
22,72
22,25
23,71
23,45
23,67
24,33
24,28
25,53
25,50
25,65
25,47
25,67
26,64
26,27
26,61
26,40
26,70
26,49
27,31
28,46
28,50
29,53
29,61
29,63
30,51
31,54
31,52
31,46
31,47
33,36
33,63
33,51
33,52
34,54
35,73
35,54
36,43
36,48
36,41
37,71
37,68
37,41
38,69
38,61
40,47
40,67
41,73
41,71
41,50
42,69
43,68
44,60
46,70
46,49
46,48
46,67
47,62
47,65
47,72
47,56
47,67
47,60
48,62
48,70
48,66
48,54
49,70
50,65
51,71
52,57
52,72
52,63
52,58
53,68
54,72
55,60
57,69
58,71
58,62
61,63
65,67
66,69
