0,41
0,20
1,6
1,7
2,6
2,20
2,30
2,26
2,46
2,9
3,27
3,56
3,45
4,19
4,38
4,16
4,25
5,44
6,56
6,43
7,16
7,23
7,53
7,19
8,56
8,11
8,43
8,14
9,49
10,16
10,45
10,26
11,43
11,40
12,22
12,45
13,49
13,48
13,52
13,38
13,30
14,29
14,28
15,46
16,33
16,41
17,46
17,42
17,38
17,49
18,32
18,55
18,26
19,22
19,47
19,53
19,34
20,54
20,25
20,31
22,36
22,42
22,39
22,27
22,47
22,46
23,56
23,41
23,58
24,31
24,26
24,38
24,45
24,27
25,38
25,39
25,42
26,41
27,41
27,54
28,52
29,45
29,51
30,47
32,48
32,52
33,51
34,53
36,42
36,41
37,49
37,46
37,52
41,50
42,44
43,49
44,51
46,54
49,50
50,52
51,59
