0,10
0,8
0,19
0,35
0,1
1,53
2,12
2,24
2,52
3,22
3,16
4,16
4,41
5,46
5,10
5,21
6,61
6,27
6,12
6,52
6,46
6,60
6,45
7,18
7,29
7,11
7,61
8,10
8,33
8,54
8,49
8,39
8,24
8,14
8,40
9,59
9,47
9,31
9,58
9,23
12,41
13,52
13,46
13,45
14,49
14,56
14,17
15,16
16,48
16,38
16,30
16,24
16,58
17,19
17,43
18,39
18,22
18,55
19,53
19,20
20,44
21,40
21,22
21,27
22,29
22,51
22,32
23,28
24,29
24,26
24,59
24,55
25,32
25,34
26,38
26,44
28,34
28,38
30,55
30,52
31,56
34,61
34,44
34,58
36,39
36,45
36,37
36,49
37,55
39,44
39,49
41,56
41,44
44,50
44,60
45,57
45,58
47,48
48,60
48,55
49,55
51,59
53,58
54,57
54,56
