0,36
0,29
0,38
0,5
0,53
0,18
0,9
1,32
1,35
1,74
1,37
2,55
2,56
2,54
3,12
4,36
4,62
4,52
4,40
5,58
5,23
6,19
6,46
6,18
7,43
7,38
7,77
8,9
8,13
9,21
9,28
9,18
10,75
10,25
10,49
10,64
11,20
12,68
12,62
12,13
13,73
13,20
14,16
14,78
14,20
14,38
14,15
14,21
15,64
15,22
15,60
16,39
16,31
16,80
17,79
18,21
18,61
18,22
19,67
19,60
19,30
19,66
20,80
20,27
21,73
21,48
23,73
23,29
23,32
23,24
23,36
23,48
23,33
24,36
24,79
25,31
25,26
25,39
26,51
26,55
26,54
27,34
27,76
28,40
28,80
28,63
28,34
28,77
29,37
29,43
29,30
29,77
30,60
31,72
31,43
32,58
32,65
33,35
33,45
33,36
34,68
34,42
34,52
34,60
35,40
36,75
38,65
38,46
38,68
39,41
39,56
40,50
41,45
41,67
42,61
42,57
42,64
42,47
43,67
43,48
43,59
46,61
46,57
46,75
47,58
47,53
47,72
48,74
49,57
49,51
49,64
50,55
50,61
50,66
51,69
52,61
53,69
53,55
53,79
55,77
57,70
57,75
57,72
59,61
60,76
62,63
63,68
64,75
66,76
66,79
68,69
72,78
73,74
