0,49
0,33
0,45
0,12
1,23
1,54
1,69
4,66
4,7
5,15
5,33
5,46
6,11
6,28
6,45
6,12
6,49
6,16
7,52
7,66
7,55
7,18
8,34
8,70
8,31
8,20
9,22
9,41
9,69
9,10
10,67
10,62
10,48
10,31
10,42
10,69
11,54
11,66
12,63
12,13
13,39
13,31
14,15
15,45
15,29
15,68
15,30
15,33
15,17
16,38
16,24
16,53
16,45
18,70
18,54
18,31
18,58
18,27
19,61
19,64
19,42
19,27
19,32
20,34
21,22
22,46
22,54
22,36
23,29
23,37
24,68
24,37
24,34
25,51
26,55
26,35
27,60
27,29
28,33
29,60
31,60
32,54
32,36
32,67
33,47
36,65
36,58
37,48
37,46
37,55
38,42
38,44
39,57
39,41
40,61
40,41
41,47
42,67
42,53
42,54
45,46
46,51
47,59
47,56
47,67
47,68
48,52
48,59
49,53
49,56
49,70
51,52
53,55
53,69
54,69
55,60
56,66
56,61
56,68
57,62
59,63
59,70
60,64
65,67
