0,62
0,14
0,52
0,80
1,4
2,65
2,75
2,61
2,35
2,66
4,75
4,9
5,28
5,64
8,43
9,51
9,25
10,77
10,74
10,32
10,28
11,62
11,74
12,45
12,87
13,66
13,43
13,74
13,34
13,65
14,39
14,36
14,43
14,15
14,78
15,47
15,33
16,48
18,22
18,68
18,50
19,61
20,58
20,52
20,68
21,72
21,81
22,85
22,50
22,25
23,53
23,74
23,76
23,75
24,47
24,67
25,79
25,63
25,32
26,39
26,32
27,81
28,39
28,49
29,65
29,37
30,39
30,62
30,38
31,86
31,51
31,79
32,81
33,79
33,63
33,74
33,64
34,83
34,37
36,58
37,70
37,64
42,72
44,69
46,84
46,69
46,50
47,49
49,72
49,64
50,63
50,61
51,67
56,64
57,71
57,65
59,85
59,86
61,63
62,87
62,84
63,82
64,86
68,87
71,80
72,83
73,75
74,77
74,78
76,86
