0,63
0,46
1,57
2,86
2,81
2,49
3,18
4,78
5,34
5,30
7,49
7,72
8,64
8,12
11,52
11,83
11,73
11,25
11,89
11,36
11,46
11,62
12,35
12,54
13,84
13,89
13,42
14,25
14,66
15,58
15,32
15,43
15,65
15,78
16,58
16,81
16,39
17,85
18,74
18,24
19,62
19,71
21,87
22,60
23,48
23,89
23,77
23,68
24,44
25,48
25,32
25,80
26,80
27,61
27,46
27,38
28,81
28,89
32,85
32,70
34,72
34,67
35,62
36,88
37,76
37,41
38,64
38,56
38,63
39,66
42,72
42,61
42,86
43,60
44,78
44,60
45,58
47,86
47,70
48,74
49,52
50,78
50,77
51,71
51,59
54,76
55,59
55,66
57,69
58,62
58,64
58,75
60,74
63,77
67,85
70,80
71,82
73,89
75,83
78,83
82,88
88,89
