0,23
0,29
0,42
0,50
0,55
0,36
1,48
1,52
1,47
1,38
2,54
2,45
2,10
2,6
2,14
3,50
3,43
3,21
4,36
5,8
5,7
7,9
7,50
7,44
8,14
8,46
9,13
9,46
9,27
11,16
11,45
11,30
11,14
12,46
12,35
13,21
13,53
13,25
14,54
15,30
15,39
15,48
15,45
15,49
16,23
16,37
16,17
16,38
16,40
17,21
17,25
17,26
17,35
17,33
17,41
18,21
18,26
19,38
19,39
20,32
21,33
21,37
21,41
21,23
22,51
22,45
22,48
23,28
23,36
24,44
24,34
26,49
26,36
27,30
27,44
27,49
28,38
30,55
30,40
30,35
30,43
31,52
32,43
33,34
33,45
33,37
34,51
34,53
35,38
35,52
36,49
36,54
36,47
37,48
37,54
37,44
37,52
38,52
40,51
41,54
41,46
41,50
43,47
44,50
46,47
48,55
53,54
