0,41
0,30
1,32
1,57
1,58
2,23
2,34
2,48
3,49
3,15
3,62
3,43
3,8
3,44
4,63
4,66
4,30
4,68
5,9
5,13
5,71
5,40
6,34
6,49
7,10
7,43
7,13
8,48
9,40
9,49
9,45
10,72
10,27
10,33
11,71
11,52
11,17
12,72
12,37
12,52
13,29
14,68
14,70
15,43
15,20
16,20
16,65
16,64
17,23
19,44
19,45
19,69
20,43
22,65
22,50
22,31
23,54
23,61
23,28
24,31
25,61
25,37
26,60
26,63
26,37
28,34
30,62
31,44
33,36
33,48
34,52
34,61
35,68
36,42
38,51
38,67
39,72
39,46
41,69
41,53
42,49
42,69
43,46
43,62
43,64
44,58
44,61
45,46
46,60
48,55
48,61
48,60
53,70
53,55
57,59
57,66
58,70
60,61
61,66
