1,37
2,38
3,32
4,47
4,61
4,18
4,7
5,20
5,46
6,47
6,10
7,39
7,25
7,44
7,41
7,9
8,10
8,75
9,79
9,69
9,51
10,58
10,74
11,66
11,69
12,48
12,29
13,59
13,36
14,52
14,35
14,38
15,20
15,70
16,37
16,54
17,24
17,64
18,46
18,55
18,36
19,64
19,65
20,82
20,68
20,55
21,28
22,26
24,63
25,56
25,29
27,37
27,66
27,52
27,71
30,48
30,53
30,81
31,67
32,81
33,52
34,79
34,81
34,40
34,55
34,45
36,57
40,48
41,71
41,60
42,65
43,50
46,60
46,57
47,55
48,53
48,81
48,82
50,52
51,55
52,61
52,64
54,66
54,76
54,56
55,69
55,60
55,80
57,59
59,65
60,66
61,65
62,68
64,82
64,74
67,75
75,77
79,81
