0,80
0,51
0,60
1,5
2,54
2,27
2,36
3,86
3,24
3,80
3,22
3,71
3,75
4,9
4,42
4,6
4,79
5,9
5,82
5,73
5,69
5,63
5,74
6,64
6,8
7,22
7,52
7,79
8,24
8,26
8,61
9,57
9,74
9,28
10,15
11,48
11,60
11,21
11,62
12,65
12,48
12,67
13,42
13,36
13,70
15,61
16,63
16,59
17,34
17,74
17,18
17,82
18,62
18,74
18,69
18,32
19,61
19,68
19,59
19,47
19,39
20,38
21,35
21,61
21,67
22,45
22,52
23,33
23,62
24,80
24,58
25,39
25,60
25,54
26,32
26,57
27,41
27,35
27,85
27,70
28,35
28,60
28,61
30,74
31,57
31,55
32,79
33,68
33,43
34,38
35,36
35,66
36,70
36,39
38,78
38,55
39,59
39,61
39,47
42,71
43,60
43,48
44,59
44,64
44,58
44,75
45,74
46,82
46,75
47,63
48,67
49,68
50,85
52,69
52,67
53,62
54,64
56,58
56,75
58,82
58,85
59,80
61,66
61,73
62,66
65,75
65,78
66,70
68,76
68,71
69,76
69,79
70,79
71,77
71,84
71,74
74,83
74,79
75,85
75,81
78,83
