0,34
0,50
0,44
1,29
1,41
2,50
3,14
3,9
4,25
4,45
4,21
5,50
5,32
5,26
5,31
5,25
6,22
6,39
6,48
6,16
6,27
6,23
7,37
7,23
8,23
8,11
8,20
8,19
8,37
9,29
9,10
9,48
9,50
9,16
9,47
10,17
10,35
10,36
11,49
11,47
12,40
13,29
13,51
13,28
13,31
13,37
15,45
16,46
16,28
17,19
18,45
18,47
19,30
19,43
20,23
20,34
20,48
21,52
21,23
21,31
22,45
23,47
23,42
24,26
25,41
25,33
27,31
28,52
28,53
28,38
28,40
29,37
30,49
30,32
31,34
31,47
31,33
31,32
31,41
32,39
32,42
33,35
34,39
35,40
36,44
39,41
40,43
44,48
44,52
44,51
47,48
