0,16
1,49
1,48
1,5
1,3
1,4
2,37
2,22
2,43
2,12
3,30
3,51
3,64
3,50
3,46
4,27
4,44
4,64
4,68
5,58
5,6
5,77
5,44
5,73
5,61
5,74
6,39
6,27
7,63
7,70
7,76
7,15
7,38
7,58
7,71
7,46
8,71
8,63
8,38
9,44
10,70
10,33
10,56
11,36
11,40
11,33
12,65
12,76
12,56
13,64
13,55
13,18
13,30
14,29
14,46
14,76
14,71
14,63
15,22
15,68
16,63
16,24
16,67
17,29
17,34
18,24
18,56
18,19
19,40
19,29
20,52
21,47
21,67
22,67
22,27
23,58
23,69
23,56
23,25
24,68
24,61
25,34
25,51
25,37
26,34
27,61
27,64
28,77
28,65
28,35
29,56
29,41
29,39
30,61
30,51
31,59
32,45
32,67
32,77
33,34
33,64
33,40
33,48
34,62
34,44
34,54
34,77
35,37
36,57
36,72
36,56
36,73
37,50
37,39
37,77
38,50
39,53
39,78
39,77
40,58
41,53
42,71
42,43
44,72
44,69
44,67
45,63
45,75
46,68
48,55
48,70
50,55
51,70
51,69
52,58
52,53
52,63
54,74
54,56
56,69
58,63
59,68
59,77
61,74
63,64
64,72
67,72
68,71
68,76
69,73
70,71
75,77
