0,16
0,49
0,70
1,43
2,14
2,34
2,6
2,38
2,46
3,79
3,16
3,49
4,33
4,60
4,14
4,51
4,68
5,76
5,64
6,11
6,40
7,70
7,39
8,61
8,44
9,11
9,38
9,17
9,83
10,78
10,17
11,71
11,40
12,84
12,31
12,25
12,27
13,22
13,33
14,42
15,39
15,75
15,30
15,65
15,34
16,35
16,67
16,57
17,49
17,25
17,30
18,25
18,64
18,30
18,58
19,33
19,73
19,84
19,70
20,53
20,57
21,68
21,71
23,73
23,40
23,38
23,76
23,29
23,81
24,29
24,30
24,40
24,57
24,59
24,52
25,81
26,42
30,62
31,72
31,81
32,52
32,69
33,79
33,64
33,59
34,52
35,75
37,66
37,43
37,72
38,82
38,57
38,75
38,81
39,44
40,51
40,54
43,74
43,64
43,82
44,54
45,61
45,54
46,53
46,57
47,65
47,58
47,51
49,56
50,56
53,76
53,63
54,77
54,61
54,73
55,77
56,59
56,80
58,81
59,80
59,75
61,64
61,77
62,65
62,73
65,83
65,82
68,71
76,83
77,80
77,81
