0,53
0,25
1,51
1,53
2,36
2,69
3,22
4,39
5,49
5,63
6,8
6,24
7,30
7,57
7,70
7,27
7,47
8,47
8,66
8,63
8,19
9,57
9,33
10,33
10,20
10,62
10,34
10,16
11,18
11,32
11,59
11,51
12,47
12,45
12,48
13,69
14,20
14,21
15,34
15,70
15,61
16,18
16,22
16,70
17,64
17,35
17,61
17,42
17,54
17,45
19,44
19,50
19,56
20,71
21,72
21,27
22,57
23,28
23,40
24,27
24,36
24,32
24,48
24,68
24,57
25,49
25,52
25,41
26,33
28,41
28,68
29,32
32,71
32,67
35,63
38,63
39,61
39,63
39,56
40,42
42,66
44,45
45,69
45,59
45,58
47,69
48,62
48,64
50,55
51,70
53,57
58,66
60,62
