0,32
0,8
0,52
0,62
1,55
1,36
1,60
2,55
3,37
4,65
4,26
4,43
5,69
6,23
6,24
7,16
7,66
8,42
8,31
9,63
9,74
9,18
10,49
10,19
11,74
11,73
11,69
11,16
11,35
12,51
12,34
13,62
13,15
14,24
14,20
15,36
15,21
15,26
18,71
19,31
19,43
19,70
20,32
20,62
20,64
20,44
21,46
21,30
22,47
23,30
23,25
23,34
24,51
24,37
24,54
25,60
25,41
25,44
26,70
27,36
27,71
28,63
28,62
29,65
30,60
30,35
32,58
32,52
33,74
33,34
35,52
36,62
36,53
36,47
37,41
38,55
39,67
39,52
40,52
42,66
43,64
43,71
44,68
44,49
44,62
46,48
47,60
49,69
50,70
53,66
54,64
54,58
56,74
57,73
58,69
58,68
62,63
62,68
67,72
