0,66
0,46
0,56
0,7
0,44
0,26
1,14
1,63
1,70
2,64
2,11
2,23
2,6
2,59
2,49
3,23
4,5
5,51
5,59
6,23
6,29
6,26
6,57
6,46
6,19
7,24
7,35
9,64
9,29
9,57
9,60
12,68
12,51
13,66
13,57
14,50
16,22
16,63
16,23
17,36
18,38
18,43
19,35
20,32
20,60
20,51
21,32
21,29
21,47
21,43
22,36
23,53
23,32
24,40
25,52
25,53
25,59
27,37
28,69
29,39
30,64
30,37
31,55
32,40
32,56
33,39
33,44
34,41
34,60
34,56
39,40
40,45
41,69
43,70
43,61
43,59
46,66
47,63
47,51
48,68
49,67
49,54
49,50
50,55
51,55
52,69
52,53
52,64
53,70
54,59
54,66
56,60
57,60
57,66
58,64
68,69
