0,28
0,60
1,11
1,7
2,14
2,55
2,51
3,45
3,11
3,38
4,62
5,43
5,48
5,53
6,10
6,11
6,63
7,11
7,27
7,28
8,52
8,38
8,15
8,20
9,53
10,55
10,62
10,54
10,20
10,13
11,36
11,21
11,33
12,23
12,33
12,63
12,40
13,28
14,60
14,37
14,42
14,41
15,37
15,29
15,58
15,44
18,41
18,35
18,24
19,28
19,44
20,46
20,27
20,59
20,65
21,57
21,47
22,42
22,34
22,39
23,55
23,61
24,65
24,57
25,38
25,32
26,64
26,55
26,57
27,39
28,31
28,52
28,61
29,62
30,53
31,46
31,54
32,44
33,64
34,50
35,57
36,59
36,54
37,55
38,59
39,56
39,60
40,64
41,56
42,59
44,52
44,46
46,65
47,65
47,49
48,57
49,51
51,53
55,56
56,63
56,62
57,64
58,59
59,63
60,65
