1,88
2,14
2,50
3,83
3,9
3,8
3,55
4,82
4,11
5,31
5,58
6,54
6,53
6,80
7,85
8,77
8,54
8,80
10,20
10,67
10,18
11,61
11,19
13,38
13,34
14,18
14,73
14,29
15,52
15,78
15,88
15,19
15,65
15,29
16,71
16,53
16,35
17,63
17,27
17,37
18,82
18,20
18,85
19,35
19,51
20,34
21,65
23,73
23,30
23,84
23,26
24,60
24,36
24,26
26,49
26,67
26,78
26,69
27,63
29,62
29,56
29,35
30,80
30,33
30,78
30,87
30,75
30,37
30,65
30,88
31,84
32,76
32,73
32,61
34,60
34,59
35,57
36,60
37,59
37,76
37,50
39,66
39,70
41,66
42,62
43,58
45,51
46,87
47,75
47,82
47,74
48,59
48,74
48,76
49,81
51,86
52,60
53,66
55,85
57,59
58,63
58,65
62,64
62,66
63,66
65,73
