0,54
0,62
0,7
1,56
1,48
1,3
1,51
1,41
1,68
1,12
1,18
2,19
2,57
2,40
2,70
2,68
3,69
3,16
3,27
3,38
4,24
4,60
5,49
5,22
5,43
5,37
5,51
7,67
7,43
7,26
8,36
9,32
9,48
9,39
10,14
10,75
10,71
10,11
11,15
11,30
11,20
11,79
11,27
11,49
11,65
12,53
12,27
12,71
12,35
12,62
12,24
13,75
13,53
14,16
14,61
15,17
16,53
16,74
16,45
18,30
19,65
20,23
20,35
20,28
21,66
21,31
21,37
21,67
21,39
22,77
22,80
22,51
22,50
23,74
23,38
24,44
24,39
24,65
25,44
25,80
25,38
25,26
26,46
26,29
26,75
26,34
27,71
27,61
27,77
28,70
28,60
28,45
30,45
30,54
31,54
31,35
32,74
32,62
32,46
33,55
33,43
34,51
35,50
35,67
35,53
36,43
37,46
37,48
38,71
38,66
39,41
39,43
39,51
40,80
40,46
40,78
41,55
41,48
41,63
41,42
41,54
41,69
42,49
42,53
42,52
43,47
44,45
45,67
46,57
47,56
47,50
48,61
49,57
49,64
50,65
50,63
51,80
52,73
55,67
55,65
55,74
55,75
56,68
57,71
61,67
63,64
64,68
