0,86
0,90
1,9
1,44
2,84
2,34
3,10
4,86
4,73
5,47
5,39
5,97
6,78
7,57
7,17
7,31
9,44
9,38
9,36
10,96
10,91
11,21
11,77
12,90
12,80
12,72
12,76
13,90
13,26
14,54
15,94
15,75
16,43
17,19
19,60
19,33
20,93
21,94
21,88
22,47
23,57
23,41
24,83
25,89
26,52
27,69
29,88
30,82
31,84
31,48
31,79
32,77
33,71
34,52
36,72
36,66
37,94
39,95
40,53
41,65
42,62
42,78
42,67
42,63
42,58
43,71
46,68
46,50
48,76
49,58
51,53
51,60
51,94
53,91
54,59
55,66
56,93
57,94
57,63
58,90
60,80
61,64
61,89
61,81
62,85
62,77
68,81
70,76
71,84
71,96
72,81
74,79
75,97
79,92
80,93
84,97
85,92
87,95
94,96
