0,27
0,22
0,36
1,31
1,23
1,29
2,69
2,41
2,37
3,15
4,10
4,28
4,72
4,11
5,55
5,18
5,25
5,44
6,49
7,17
7,66
7,38
8,50
8,28
8,30
9,38
9,16
10,26
11,63
11,13
11,73
11,65
14,59
15,24
15,22
16,42
17,54
17,72
18,51
18,27
18,49
19,45
20,55
21,66
22,36
22,52
22,72
22,40
22,50
22,63
24,26
25,26
26,45
27,55
27,30
28,48
28,49
28,55
29,68
29,71
30,50
30,65
31,68
31,39
32,47
32,68
32,67
33,63
34,35
34,38
34,43
35,36
35,60
36,74
36,63
38,49
39,65
40,54
41,73
41,63
42,45
43,50
44,56
46,71
47,67
47,63
48,73
48,52
49,54
51,74
52,69
52,65
54,69
56,72
58,60
63,64
63,70
64,74
66,74
70,71
