0,52
0,46
0,11
0,68
0,76
2,66
3,30
3,36
3,17
4,21
4,52
5,27
5,20
5,61
8,20
9,17
10,79
11,68
11,88
11,35
11,61
11,48
11,30
12,76
12,13
12,64
12,34
15,80
15,48
15,86
16,32
17,39
17,55
18,50
18,36
19,65
20,37
20,79
21,37
22,60
23,62
23,50
23,73
25,33
26,31
27,75
27,31
28,38
28,53
31,89
32,62
32,86
33,44
33,39
34,52
34,77
34,81
35,38
36,78
37,54
39,82
42,50
43,79
44,67
45,91
47,61
47,86
51,65
51,73
53,64
55,68
56,91
57,72
58,70
58,89
59,70
61,64
63,67
63,64
64,92
65,68
65,88
67,87
68,80
71,72
72,90
73,86
74,84
77,90
78,79
84,89
85,92
85,91
