0,43
0,10
0,20
1,19
1,59
1,56
2,26
2,43
2,28
2,25
3,11
3,51
3,47
3,28
4,50
4,55
4,31
4,24
5,28
5,16
5,22
6,46
6,40
7,30
8,51
8,12
8,54
8,34
8,55
9,20
9,28
9,15
9,17
9,50
9,31
11,31
11,40
11,60
12,22
12,52
12,59
12,39
13,43
13,24
13,56
14,49
14,42
14,59
15,55
16,27
16,44
17,60
17,51
19,22
19,49
19,26
20,28
20,41
20,59
21,27
22,40
23,58
23,36
23,33
24,54
26,43
26,37
26,56
26,57
27,48
28,39
28,57
28,47
29,52
30,43
30,54
30,56
31,52
31,46
32,51
33,59
33,49
34,54
34,58
36,49
37,60
38,59
38,47
39,59
39,56
40,41
41,44
42,58
42,45
44,53
45,54
46,59
46,58
51,59
54,56
59,60
