0,60
1,47
1,95
1,80
2,54
2,76
2,68
3,8
3,42
5,89
6,90
6,34
7,21
7,82
8,13
8,49
9,11
9,47
9,61
10,83
10,24
10,38
10,33
10,63
11,60
11,52
11,79
11,91
11,75
11,55
12,41
13,77
13,60
13,92
14,46
14,40
14,69
15,50
15,54
16,17
17,35
18,27
19,49
19,40
19,93
21,37
21,51
22,89
23,38
24,67
24,57
24,43
24,61
25,53
25,96
25,37
27,70
28,37
28,93
29,75
29,38
29,67
30,63
31,34
31,94
31,49
31,36
32,35
34,35
34,70
34,38
35,59
36,40
36,49
37,86
37,64
37,73
37,96
38,92
38,57
38,61
39,58
39,91
39,95
40,75
40,59
41,44
42,73
43,93
44,89
44,96
45,63
45,53
46,80
46,92
47,92
49,71
49,89
50,79
50,53
51,75
51,89
53,68
53,82
53,63
53,71
53,69
53,94
55,57
57,67
58,83
58,77
58,65
59,63
61,62
61,85
62,85
62,67
63,93
64,92
64,96
66,75
67,71
68,86
71,78
73,77
74,85
75,93
76,92
76,87
78,88
83,84
85,87
88,94
