0,31
0,57
1,21
1,45
1,22
1,39
1,6
1,41
1,57
2,18
2,4
2,55
2,54
2,5
3,27
3,56
4,8
4,48
4,59
4,14
5,51
5,21
7,43
7,53
7,20
7,21
7,19
8,57
8,36
8,47
8,11
9,15
9,59
10,55
10,15
10,28
11,56
11,55
11,36
12,32
12,53
12,45
13,48
14,59
14,41
14,57
14,35
15,43
15,24
15,32
16,50
16,49
17,48
17,54
17,21
18,44
20,33
20,50
21,42
21,51
21,47
22,38
23,51
23,40
23,54
24,33
25,27
25,29
26,54
26,50
27,53
27,34
28,59
28,40
29,56
29,41
30,38
32,54
32,42
32,38
34,45
35,52
35,57
35,46
37,48
37,39
38,45
39,52
39,58
40,53
42,52
42,56
45,52
45,55
47,53
51,53
52,59
55,59
