0,33
0,34
0,57
1,42
1,53
1,48
2,29
2,51
2,21
2,28
3,39
3,6
3,32
3,9
3,54
4,52
5,36
5,34
5,48
7,8
8,58
8,61
8,55
8,19
8,23
9,56
9,49
9,64
10,35
10,56
11,63
13,30
13,37
13,32
14,54
14,46
14,32
15,41
16,23
16,57
17,52
17,31
17,36
18,49
20,34
21,34
21,44
21,52
22,44
23,30
23,37
23,33
23,38
23,45
24,26
24,61
25,53
25,28
26,54
27,62
28,36
28,43
28,49
28,35
28,61
29,55
29,43
30,58
30,48
30,36
30,38
30,61
31,59
32,62
33,60
34,39
35,39
37,54
38,43
38,40
38,47
38,49
39,54
40,60
40,53
40,56
41,56
43,54
45,46
46,47
46,64
48,62
50,56
50,59
51,57
51,63
52,60
53,63
54,59
55,63
56,62
59,62
61,64
