0,79
0,21
1,71
1,76
1,2
2,48
2,39
3,40
3,29
3,75
4,71
4,93
4,17
4,92
4,23
5,22
6,60
6,74
7,90
7,18
8,25
9,15
9,72
10,46
11,20
11,24
11,45
12,85
13,42
14,95
14,16
14,39
14,61
15,73
15,38
16,44
16,30
16,39
16,38
16,24
17,56
18,68
18,78
18,25
19,91
19,53
19,87
20,87
20,42
22,87
23,96
23,28
23,76
23,72
26,89
27,67
28,63
29,88
30,79
30,67
30,49
30,80
30,91
31,43
32,38
33,41
35,62
35,43
36,83
36,55
36,54
37,84
37,93
38,95
38,51
39,41
41,88
41,60
41,44
41,55
42,80
42,51
42,48
42,70
43,49
43,83
44,54
44,58
45,76
45,56
46,66
46,89
46,83
47,57
48,58
49,89
50,61
52,71
55,58
55,78
57,89
60,77
61,72
61,87
62,72
63,71
66,67
66,70
71,85
72,75
76,96
77,93
79,85
82,95
85,94
88,94
