0,39
0,74
1,10
1,9
1,36
1,5
1,65
1,11
2,54
2,28
2,61
3,69
3,44
6,60
6,63
6,80
7,18
7,58
8,59
8,38
9,28
9,76
9,86
9,74
9,34
10,80
11,58
11,26
11,53
12,26
12,51
13,85
13,42
13,35
14,49
14,70
14,64
15,71
15,38
17,80
18,80
18,79
18,69
19,33
19,48
19,50
19,85
20,62
20,84
20,53
20,33
21,66
21,41
21,44
21,68
22,67
24,48
24,44
25,37
26,50
27,80
28,62
28,58
29,56
29,82
30,41
30,56
30,47
31,78
31,65
32,75
32,42
33,46
33,36
34,48
34,41
34,52
34,62
36,75
37,61
37,67
37,65
38,41
38,57
38,66
39,76
39,70
39,49
39,51
39,66
40,50
41,79
41,86
42,61
42,59
42,43
44,78
44,64
49,56
49,77
50,66
50,77
52,68
53,79
53,69
54,69
55,65
57,81
60,83
62,72
65,70
70,84
71,72
71,74
72,78
74,84
75,86
76,85
82,85
