0,55
0,80
1,10
1,32
2,64
2,56
5,75
5,16
6,52
6,83
8,39
8,71
9,19
9,29
9,13
10,46
10,22
10,45
10,67
11,13
11,29
11,58
12,78
13,85
13,77
13,64
14,23
15,85
15,30
15,18
15,46
16,78
17,65
17,37
17,28
18,27
18,69
19,37
19,54
21,62
21,65
23,39
24,83
24,59
25,73
26,41
26,62
27,35
28,70
28,75
29,35
29,52
30,87
31,38
31,69
31,68
33,51
34,35
35,51
36,68
38,53
39,43
41,73
41,84
44,60
44,83
44,65
46,78
47,54
48,72
49,54
49,60
49,65
49,76
51,74
51,61
51,53
52,67
55,79
55,56
55,63
58,85
60,72
61,86
65,69
66,68
68,86
76,79
79,80
82,85
