0,49
0,48
0,57
1,28
1,22
1,21
2,39
2,65
2,29
3,34
3,44
3,25
3,61
4,74
5,39
6,61
6,40
6,8
7,73
7,46
7,80
7,65
7,67
8,60
9,78
10,85
11,73
13,41
13,74
13,82
13,44
14,59
14,40
16,37
16,85
17,80
18,88
18,70
18,81
18,35
19,82
19,69
19,29
19,26
19,52
20,71
20,74
20,30
20,33
21,74
21,48
22,87
22,33
22,45
23,63
24,79
24,37
24,88
24,67
24,52
24,80
25,74
25,70
25,80
26,72
26,84
28,53
28,66
28,87
29,36
29,45
29,85
30,88
30,83
30,75
30,38
30,66
30,35
31,81
31,50
32,52
32,62
32,80
33,49
33,82
33,86
33,46
34,66
36,50
36,70
37,83
37,53
37,67
37,84
38,69
38,84
38,39
39,51
40,44
41,78
42,74
43,49
43,65
44,65
44,56
45,59
45,71
47,64
47,70
47,51
47,74
48,68
49,81
49,55
49,63
49,78
50,52
50,70
51,54
51,61
52,73
53,70
55,77
58,79
58,69
58,70
60,71
60,83
64,76
65,78
66,79
67,85
67,68
68,86
69,80
70,85
71,74
71,79
72,74
73,81
74,83
76,80
84,88
