0,3
0,63
0,71
1,63
1,19
2,30
2,46
3,44
3,67
3,59
3,36
3,33
4,10
4,28
4,50
4,35
5,69
5,38
5,16
5,36
6,37
6,10
7,58
7,53
7,47
7,64
7,13
7,38
8,41
9,58
9,71
9,51
10,19
10,71
10,66
11,30
11,40
13,37
14,48
14,17
15,20
16,55
16,42
17,58
17,25
17,51
18,32
18,63
18,55
19,61
19,47
19,23
21,66
23,46
23,57
23,36
24,66
24,37
24,59
24,52
24,35
25,57
25,49
26,35
26,46
27,53
27,59
27,34
28,69
28,65
29,56
29,66
29,71
30,41
30,45
31,38
31,58
31,45
33,51
34,37
34,48
39,60
40,60
40,48
43,62
45,52
45,68
45,48
46,59
47,51
48,57
48,54
50,64
53,59
56,62
56,67
57,60
58,65
60,65
61,64
61,63
62,67
