0,26
1,55
2,5
2,56
2,38
2,49
3,44
3,57
3,14
3,48
4,11
4,57
4,25
4,23
5,32
5,53
5,13
5,14
6,40
7,19
7,52
7,11
8,60
8,15
8,45
9,51
9,50
10,60
11,20
12,41
13,21
13,42
13,40
14,30
15,23
16,54
17,25
18,43
18,32
18,58
19,34
19,49
19,57
20,56
21,56
21,29
21,34
22,26
23,33
23,30
23,32
24,25
24,40
25,35
25,55
26,40
26,44
27,43
28,52
28,55
28,29
29,30
29,33
29,40
29,35
31,36
31,45
31,59
31,33
31,34
32,57
32,43
33,50
34,48
35,52
37,46
37,38
38,39
38,55
39,54
40,42
40,60
43,51
43,47
45,49
45,51
46,48
46,57
47,54
50,52
51,58
52,53
