0,62
0,5
1,53
1,36
2,9
2,54
2,34
3,51
4,62
4,7
4,55
4,42
4,24
4,50
4,15
4,6
4,64
5,9
5,6
6,22
6,47
6,46
6,59
7,47
7,62
8,42
8,22
8,56
8,18
8,52
9,48
9,41
9,43
9,34
10,15
10,62
10,56
10,55
10,29
10,45
10,67
11,34
11,51
11,47
12,58
12,39
12,38
12,47
13,26
13,47
14,59
14,61
14,36
14,32
15,34
15,40
15,49
16,50
16,58
16,45
17,44
17,41
17,31
18,25
19,45
19,66
19,65
20,34
20,39
20,63
20,52
20,58
20,21
20,24
21,40
21,53
22,31
22,50
22,23
23,54
24,28
25,45
25,61
25,49
25,44
26,52
26,58
26,57
27,39
28,52
28,64
29,50
29,40
29,44
30,40
30,46
32,55
32,44
33,53
33,38
34,51
37,39
37,67
37,57
37,52
38,53
39,64
39,48
39,50
39,56
40,56
40,52
44,50
45,59
48,50
48,54
48,57
49,57
50,62
51,58
51,59
51,67
52,68
52,64
52,65
53,55
53,63
54,62
54,64
56,68
59,63
64,67
64,66
