0,4
0,67
0,5
0,66
1,24
1,17
2,92
2,24
3,58
3,54
3,11
3,37
4,15
4,48
4,70
4,49
4,9
5,64
5,37
5,13
5,57
6,46
6,40
7,46
7,44
7,21
8,62
8,81
8,73
9,82
9,21
9,88
9,29
10,22
10,15
11,69
11,75
11,73
12,16
12,53
13,30
14,84
15,81
15,62
15,43
15,41
15,68
15,40
15,79
15,65
15,84
16,33
16,20
16,84
17,41
17,29
17,84
18,47
18,90
18,74
18,35
18,40
19,92
20,29
20,66
21,47
21,24
21,91
22,80
22,58
23,46
23,25
23,81
24,74
24,81
26,64
26,38
26,28
27,92
27,36
27,48
27,83
27,52
28,62
28,57
28,83
29,59
29,69
29,71
29,90
30,82
30,35
30,72
30,39
31,93
31,42
31,64
32,84
32,40
32,33
33,35
33,85
33,83
34,60
34,77
34,78
35,47
35,40
36,60
36,77
36,92
36,76
37,52
37,92
38,42
38,49
39,81
39,40
39,72
42,67
42,47
42,53
42,45
43,61
43,56
43,75
43,87
44,61
44,77
45,84
45,65
46,76
47,63
48,66
48,49
49,76
49,51
50,66
50,64
50,92
51,71
52,62
54,55
54,72
56,88
57,90
57,74
58,90
58,62
59,88
61,89
61,91
62,76
62,80
63,75
64,87
64,80
65,72
65,87
66,88
67,80
68,83
68,75
70,72
70,71
72,82
74,93
75,88
76,81
80,83
80,90
82,91
85,87
