0,32
0,20
0,26
0,43
0,37
1,44
1,56
1,59
1,98
1,87
1,84
1,42
2,82
2,90
2,6
3,14
3,46
3,27
4,93
4,29
4,39
4,74
5,37
5,17
5,86
6,24
6,42
6,14
6,12
6,45
7,80
8,29
8,36
9,61
9,55
11,64
11,62
11,40
11,84
11,80
11,83
12,33
12,39
13,83
13,65
13,29
13,75
14,28
14,19
14,94
15,53
15,16
15,67
15,32
16,23
16,87
16,82
16,85
16,52
16,64
17,66
17,34
18,36
18,65
18,24
19,22
19,50
20,54
21,92
23,41
23,31
24,91
24,61
24,50
25,26
27,59
28,82
28,36
28,41
30,96
30,78
32,36
33,65
33,50
33,96
35,86
36,65
37,93
38,87
38,40
38,69
40,63
40,53
40,45
40,61
41,85
41,86
42,67
42,44
43,49
45,64
45,75
45,70
45,95
47,52
49,65
50,60
51,88
53,55
54,89
55,80
55,82
57,74
58,61
58,93
60,79
60,74
61,83
65,76
67,80
68,82
71,80
72,97
74,82
76,97
77,98
91,94
94,96
