1,16
1,68
1,15
1,60
2,22
2,30
2,66
2,3
2,50
3,16
3,21
4,23
4,59
4,36
4,83
5,16
5,30
5,71
6,31
6,92
7,57
7,65
7,79
8,70
8,25
8,71
8,44
8,68
8,35
9,50
9,36
9,38
9,33
9,59
10,67
11,33
11,43
11,28
11,88
11,84
12,13
13,17
13,69
13,51
14,66
14,68
14,32
15,87
15,44
16,27
16,19
16,35
17,67
18,22
18,21
18,91
18,81
18,24
18,71
18,78
19,68
19,89
19,79
20,77
22,64
23,79
24,76
24,39
24,79
24,37
25,58
25,89
26,30
26,50
26,27
27,33
27,91
27,54
28,44
29,69
29,49
29,86
29,50
29,82
30,79
30,40
30,58
30,69
30,73
31,46
31,60
31,83
32,68
32,71
34,63
34,46
34,68
35,76
36,64
36,66
38,62
38,82
39,57
40,86
42,88
42,87
42,44
43,55
43,60
45,73
46,87
47,80
47,84
48,63
48,88
51,83
52,78
52,59
52,84
53,59
53,87
54,72
55,69
55,84
55,78
55,81
56,79
57,63
59,73
61,76
62,78
62,64
63,91
64,68
64,75
64,79
65,82
66,73
68,76
68,87
69,76
70,76
70,88
71,75
72,90
73,74
77,85
80,85
80,84
83,85
