1,55
2,25
2,22
2,18
2,37
3,75
4,49
4,35
4,37
4,26
4,61
5,59
5,68
5,11
5,85
5,41
6,68
6,17
6,84
6,47
6,42
7,63
8,78
8,34
9,81
10,85
10,52
10,79
12,17
12,41
14,26
14,53
14,21
15,40
15,48
15,53
17,53
17,36
18,35
19,82
19,69
20,56
20,25
21,46
21,34
21,89
22,78
22,45
22,28
23,32
23,33
23,77
24,47
24,67
25,36
25,74
25,84
25,37
25,34
26,85
27,85
28,88
28,89
29,32
29,35
29,55
29,61
29,46
30,79
31,35
31,66
32,77
33,89
34,80
34,57
34,43
36,37
36,56
36,77
38,57
39,87
39,71
39,44
40,58
40,71
40,90
43,81
43,67
43,70
43,65
44,77
44,78
44,46
45,87
45,57
47,51
48,65
50,74
51,70
55,79
55,58
60,80
60,65
61,67
62,72
62,89
66,76
73,79
73,90
78,81
83,87
84,89
85,90
