0,81
0,45
0,19
1,22
1,36
3,68
3,84
4,61
5,62
5,32
6,11
6,44
6,70
6,12
7,84
7,13
7,20
7,73
8,37
8,42
8,20
8,36
9,54
9,16
10,47
11,14
11,75
12,13
12,24
13,25
13,79
14,46
15,26
15,82
16,70
16,43
18,63
19,63
19,30
19,41
19,43
19,81
20,60
22,47
23,55
23,57
23,67
24,48
24,36
24,38
24,43
25,73
25,64
26,52
26,67
26,75
27,55
27,54
27,39
27,53
28,49
30,83
35,77
36,58
36,42
36,69
36,39
37,84
37,42
37,44
38,72
38,43
38,74
39,70
40,59
41,68
41,79
42,58
42,49
42,48
43,52
43,86
44,74
45,80
45,84
45,79
46,49
47,75
47,86
47,60
48,69
48,75
49,70
49,57
50,64
51,63
52,71
53,81
53,68
55,58
57,68
59,68
60,74
60,66
64,74
65,70
66,79
67,85
67,74
70,75
75,80
76,80
78,86
81,82
83,84
