0,47
0,56
0,71
0,27
0,30
0,32
0,14
1,67
1,66
1,24
2,22
2,54
3,17
3,32
3,38
3,27
3,72
3,59
3,22
4,6
4,61
4,58
5,20
5,33
5,58
6,20
7,36
7,58
7,16
8,70
8,9
8,61
8,12
9,24
9,36
9,18
10,34
10,50
11,49
11,52
11,33
12,32
12,22
12,50
12,46
12,29
12,52
12,37
13,43
13,21
13,70
14,25
14,49
15,70
15,71
17,32
17,39
17,49
18,35
18,24
18,55
18,42
18,27
19,46
19,43
19,25
20,46
20,30
20,62
21,32
21,73
23,34
24,61
24,63
24,68
24,62
24,47
25,49
27,39
27,66
27,57
27,53
28,41
28,60
28,65
28,71
29,65
30,60
30,55
31,71
31,42
31,69
32,67
33,62
33,41
34,39
35,45
37,48
37,66
37,40
37,54
38,53
38,72
39,60
39,54
39,72
39,50
40,62
40,59
40,65
41,63
42,53
43,68
43,51
44,52
45,57
45,62
46,54
47,61
48,65
49,68
50,73
51,59
51,58
51,54
52,57
54,70
54,73
57,60
58,59
59,60
63,71
67,69
68,71
69,71
