0,50
0,47
1,54
2,45
2,3
2,15
2,20
2,54
2,52
2,51
3,41
3,22
3,5
3,52
3,30
3,16
4,49
4,27
5,48
5,29
6,43
6,22
6,31
7,53
7,32
7,13
7,11
7,39
8,33
8,18
8,21
8,34
8,16
8,42
9,50
9,48
10,24
10,16
11,29
11,55
11,48
11,52
12,14
12,33
13,36
13,42
13,32
14,26
14,43
15,40
15,45
15,43
16,29
17,31
17,29
17,42
18,40
18,50
19,34
19,42
20,45
21,45
21,51
21,54
22,51
22,53
22,29
24,55
25,27
26,48
26,28
27,46
28,35
28,44
29,52
30,53
31,48
31,32
31,44
33,43
33,50
34,53
35,41
35,53
36,40
37,55
39,55
43,44
46,51
48,52
48,50
52,55
