0,48
0,40
0,4
1,64
2,62
2,33
2,30
2,57
2,43
3,62
3,13
3,15
3,47
4,22
4,31
4,64
5,57
5,50
6,23
6,68
6,67
6,12
7,65
7,39
7,17
7,13
7,44
7,35
7,20
8,13
8,30
9,12
10,34
10,66
10,16
10,45
11,63
11,16
11,27
11,20
11,15
11,48
11,46
11,50
12,15
12,61
12,40
12,20
12,46
12,16
12,29
12,31
13,17
13,24
13,35
14,44
14,26
14,63
14,40
15,27
15,51
15,68
15,48
16,55
16,23
16,40
17,38
17,19
18,46
18,51
19,57
20,50
20,61
21,35
21,34
22,36
22,27
22,35
22,63
22,67
23,24
23,38
24,54
24,62
24,37
25,38
26,32
26,52
26,68
27,56
28,68
29,40
30,66
30,46
31,50
32,46
33,38
33,49
33,58
33,54
33,48
34,42
36,41
38,55
39,66
39,58
39,47
41,58
43,66
44,66
44,65
44,45
46,60
46,68
47,56
47,60
49,53
49,60
49,66
50,65
51,68
52,68
53,58
55,67
56,66
57,59
60,63
61,63
