0,64
0,31
0,52
1,72
1,74
1,75
1,55
1,27
1,52
1,81
1,42
1,29
2,36
2,7
2,12
3,67
3,40
3,39
4,73
4,75
4,52
5,18
5,46
5,15
6,23
6,9
6,45
7,79
7,55
8,64
8,10
8,73
9,51
9,54
9,33
9,56
9,62
10,80
11,34
11,57
11,52
12,47
12,15
12,69
13,22
14,21
14,81
14,46
14,22
14,75
16,27
16,67
17,25
17,18
17,20
17,57
17,63
18,65
19,47
19,66
19,20
19,45
20,67
20,57
20,46
20,84
20,79
21,82
21,35
21,49
22,49
22,45
23,26
23,75
24,71
24,35
25,68
25,75
26,53
26,49
27,61
27,70
27,77
27,50
27,29
28,67
28,34
28,49
28,57
28,74
28,42
28,58
28,75
28,81
29,31
29,63
29,80
29,53
31,45
31,55
32,40
32,82
34,37
34,65
34,38
34,43
34,68
34,52
35,41
35,71
36,45
36,70
37,51
38,52
38,76
39,75
39,41
42,72
42,74
44,58
44,75
45,76
45,60
45,72
45,84
46,65
46,56
47,78
47,84
47,73
48,64
48,71
48,68
49,78
50,51
51,64
51,55
53,74
53,62
53,79
54,63
57,60
57,59
57,79
58,76
58,73
60,73
62,81
62,82
64,78
64,74
65,83
69,83
69,81
71,80
71,77
74,81
74,82
