1,29
2,34
2,66
2,71
2,30
2,62
3,11
3,45
4,13
4,45
4,35
4,51
5,46
6,34
8,39
8,53
9,46
9,58
10,56
10,40
10,49
11,40
11,42
12,50
14,67
16,40
18,68
18,31
19,20
19,68
20,31
20,71
20,42
20,27
21,24
22,61
22,54
23,67
23,35
24,29
25,42
25,51
25,30
26,63
26,41
26,55
27,70
27,54
29,37
30,31
31,53
31,36
31,58
31,69
31,47
31,51
32,67
32,63
34,36
34,57
35,70
35,57
36,53
36,58
37,51
37,65
37,56
39,51
39,70
41,51
41,52
42,62
43,49
44,70
45,69
46,56
50,62
52,65
53,55
54,62
54,64
55,64
56,69
56,57
58,67
61,71
64,66
68,70
69,71
