1,55
2,66
2,46
2,25
2,31
3,35
3,23
4,71
4,10
4,5
4,14
5,58
6,53
7,33
7,10
8,15
9,50
9,12
9,62
10,36
10,59
10,11
11,66
12,71
12,25
12,50
12,35
13,33
13,15
14,44
14,41
14,26
14,47
14,21
15,17
15,44
16,63
16,60
17,52
17,69
17,64
17,57
18,37
18,31
19,28
19,69
21,69
21,54
21,25
21,55
22,68
22,65
22,62
24,58
24,54
25,26
25,63
25,57
25,64
26,63
26,39
26,67
27,46
28,47
28,65
29,62
30,61
30,49
30,71
31,60
31,62
32,66
34,67
35,39
37,61
37,39
37,67
37,66
38,58
38,46
39,40
41,68
42,66
44,56
44,55
45,67
45,62
47,48
48,71
48,63
49,51
51,59
51,63
52,66
52,55
53,62
53,69
54,60
58,63
58,59
64,70
64,68
