0,62
0,41
2,36
2,58
2,62
2,64
2,72
3,91
3,46
4,49
4,15
4,68
4,43
5,89
5,35
6,54
6,61
6,75
8,41
8,32
8,11
8,26
9,10
9,11
9,21
10,83
10,87
11,91
11,81
11,61
12,58
12,22
12,59
13,93
13,32
14,26
14,22
14,33
15,56
16,92
17,29
17,75
17,53
18,65
18,47
18,57
18,53
18,71
18,55
19,24
20,44
21,37
21,77
21,24
25,86
25,84
26,68
26,93
27,56
27,70
27,45
28,79
28,86
28,91
28,90
30,58
30,81
30,31
31,50
33,71
33,61
33,76
35,83
35,46
36,57
36,62
38,52
38,45
39,66
39,70
40,42
41,77
41,86
41,91
41,55
42,87
42,53
43,62
44,81
44,75
46,66
47,58
47,71
49,84
50,64
51,74
52,62
53,83
53,92
54,59
54,93
56,82
56,88
58,80
58,88
61,75
61,70
63,87
64,73
64,83
65,71
66,93
66,79
67,80
68,71
70,92
70,71
75,93
76,77
80,93
