0,36
0,28
1,24
1,49
1,53
2,56
3,52
3,42
4,22
4,10
4,82
5,9
5,39
5,6
5,77
5,57
6,35
6,68
7,83
7,65
8,18
9,26
10,75
11,65
11,25
11,45
11,32
12,29
12,23
12,85
12,57
12,51
13,70
13,32
13,72
13,83
14,58
14,64
14,75
14,18
15,21
15,25
15,24
15,48
16,28
16,44
17,36
17,30
17,68
17,56
17,74
18,84
18,33
19,84
20,25
21,22
21,78
22,71
22,24
22,59
22,39
22,69
23,67
23,73
24,70
24,82
25,65
25,75
25,44
26,29
27,57
28,64
30,64
30,51
31,58
31,55
31,32
32,37
33,50
34,42
34,47
35,40
36,81
36,54
37,49
37,45
37,69
38,80
41,73
42,83
42,44
43,83
45,67
45,65
46,65
46,66
46,49
46,71
49,85
50,63
50,62
51,68
51,56
52,69
52,72
52,58
53,64
53,63
53,72
54,71
54,78
54,57
54,56
55,64
56,83
57,70
58,62
59,70
60,70
60,81
61,66
63,84
64,69
64,74
65,84
66,82
67,69
71,75
76,80
79,85
