0,31
0,76
0,93
1,93
2,38
2,29
2,52
2,33
2,68
3,46
3,94
3,19
3,14
3,86
3,76
4,24
4,38
4,66
5,72
5,50
5,69
5,54
5,41
6,45
6,50
7,66
7,82
7,91
7,98
8,86
8,18
9,89
10,28
10,93
10,80
11,70
11,72
11,63
11,19
11,85
11,37
11,13
11,42
12,40
12,26
12,22
12,47
12,61
13,88
13,31
13,24
13,45
13,29
13,23
14,15
14,76
14,45
14,91
15,80
15,74
15,25
16,35
16,45
17,58
17,40
17,35
17,42
18,84
18,22
19,33
19,36
19,95
19,71
19,84
20,21
21,28
21,85
21,74
22,36
23,57
23,95
23,88
23,33
24,67
24,57
24,62
25,86
25,48
25,68
25,57
26,79
27,31
28,48
29,34
30,94
30,40
31,86
31,77
31,62
32,88
32,92
32,48
32,46
33,86
33,96
34,73
34,80
34,87
35,88
35,55
35,77
35,69
36,39
36,52
37,71
37,73
37,54
38,97
38,85
39,61
39,85
39,92
39,62
40,66
40,70
41,82
41,50
42,70
43,79
43,94
43,50
43,73
44,98
44,77
45,95
45,74
45,96
45,56
48,87
48,66
48,81
49,67
51,57
52,67
52,73
52,74
54,69
55,76
56,91
57,72
57,94
59,89
59,67
59,79
62,94
62,74
62,81
63,94
64,76
65,88
66,99
66,71
67,71
68,79
69,82
69,79
70,82
72,89
73,87
73,95
73,74
75,77
79,87
80,82
80,83
83,90
83,93
85,98
85,92
87,92
89,95
91,93
91,92
94,97
