0,56
0,33
0,35
1,19
1,53
1,41
1,4
1,34
2,31
2,44
2,40
3,53
3,47
4,40
4,16
5,51
5,44
5,40
6,26
6,17
6,7
6,23
7,8
7,20
7,36
7,23
8,50
8,44
9,55
9,48
10,30
10,34
10,25
11,45
12,18
12,43
12,27
12,54
13,24
13,53
13,52
14,30
15,17
15,21
15,20
16,32
16,46
16,30
17,30
17,39
17,46
17,27
18,38
18,29
19,38
19,23
20,46
21,44
21,33
21,28
22,35
22,40
22,27
23,44
23,31
24,52
24,45
24,57
25,33
26,44
27,39
27,44
28,49
29,56
29,51
30,46
33,55
34,37
35,49
37,47
38,44
38,42
38,45
40,57
40,41
42,49
43,50
43,55
44,56
45,49
47,54
50,55
51,53
53,55
