0,43
0,66
0,70
1,41
1,74
1,43
1,2
1,78
1,35
2,40
2,42
2,92
3,12
3,51
3,35
3,5
3,32
3,64
4,42
4,47
4,44
4,62
4,16
4,77
4,75
5,16
5,53
5,83
5,87
6,67
6,49
6,43
6,57
6,24
7,25
7,76
7,71
8,74
8,23
8,38
8,36
9,33
10,40
10,80
10,83
10,74
10,79
11,21
12,37
12,42
12,23
13,26
13,76
13,65
13,15
13,54
14,85
14,50
15,65
15,58
15,81
16,68
16,53
17,34
17,21
18,29
18,64
18,67
18,55
18,50
18,44
19,56
19,69
20,28
20,45
20,23
21,73
22,46
22,57
22,45
22,23
23,61
24,79
24,82
24,42
25,58
25,44
25,51
25,77
25,40
26,68
26,67
26,88
26,92
26,41
27,30
27,58
27,71
27,57
28,51
28,82
28,57
29,34
29,58
30,88
30,45
31,54
31,59
31,41
31,63
31,68
33,59
33,91
34,82
35,83
35,61
36,92
36,62
38,65
38,84
39,89
39,52
39,43
40,74
41,62
41,92
41,83
41,84
41,85
41,60
42,51
42,91
44,79
44,90
44,69
44,61
45,77
45,57
45,88
47,89
47,52
47,59
48,90
48,75
48,67
48,68
49,51
50,64
53,73
53,75
54,76
54,72
55,72
55,60
57,80
58,73
59,92
59,76
59,69
62,63
64,71
65,70
65,72
66,72
66,84
68,80
68,72
68,83
69,77
70,87
71,73
73,83
74,85
81,89
86,90
