1,4
1,71
1,73
1,61
2,47
2,32
2,88
2,21
3,75
3,63
3,9
3,83
3,21
4,50
5,50
6,75
6,14
7,23
7,63
7,37
7,44
8,87
8,50
9,18
9,41
9,39
10,52
10,15
10,25
10,31
11,79
11,83
11,85
11,41
13,96
14,93
14,29
14,48
14,55
15,73
15,40
15,85
15,71
15,59
15,24
15,23
15,20
16,73
16,72
16,52
17,98
17,68
18,93
18,54
18,32
19,50
19,56
19,63
19,66
19,43
20,59
20,30
20,36
21,58
21,59
21,52
22,39
23,33
23,62
24,98
24,96
25,54
25,47
25,41
26,68
27,39
27,67
27,83
28,70
29,44
30,68
30,45
30,35
31,68
31,49
31,55
32,37
32,54
33,69
33,51
34,71
34,66
34,52
34,42
34,83
36,67
37,75
38,45
39,56
39,60
39,85
40,60
40,90
40,88
40,81
40,50
40,51
41,55
41,47
43,72
43,93
43,55
44,63
44,70
45,66
46,54
46,94
46,61
47,81
49,63
50,67
51,98
51,79
51,90
51,76
51,72
52,71
52,66
53,63
54,58
54,79
55,61
55,56
56,89
56,95
56,60
56,91
57,92
58,98
58,79
58,85
61,77
62,71
62,65
62,80
62,83
63,95
63,77
64,68
65,81
65,77
65,70
67,97
67,73
68,86
70,79
70,75
70,84
73,84
75,89
76,91
76,95
77,78
78,80
79,81
80,87
83,95
83,91
84,87
86,95
88,89
