0,11
1,75
1,36
1,76
2,70
3,52
3,21
3,31
4,20
5,64
5,24
5,61
5,32
6,39
6,20
6,40
6,65
6,72
6,61
7,66
7,71
7,54
7,62
8,39
11,75
11,19
11,52
11,15
11,64
12,62
14,70
14,51
15,16
15,54
16,37
16,62
16,58
17,35
17,59
18,37
18,27
19,38
19,46
20,39
20,70
21,22
21,33
22,24
22,62
22,35
22,28
24,29
24,75
25,77
25,44
26,54
27,43
27,44
28,39
28,38
29,75
29,78
31,69
32,42
32,68
33,40
33,34
34,46
34,62
34,77
36,70
36,59
36,49
37,39
37,64
37,71
38,49
39,48
40,61
41,56
42,63
43,74
43,69
47,71
47,66
48,51
49,56
49,57
49,52
50,64
51,71
53,59
57,65
57,69
63,67
64,71
68,73
69,74
77,78
