0,58
0,63
0,36
0,74
1,35
2,65
2,56
2,63
3,68
3,78
3,75
3,9
3,21
3,62
3,48
4,71
4,73
4,34
4,78
4,40
5,19
6,32
6,61
6,16
6,51
8,12
8,30
10,40
11,70
11,65
11,22
13,74
13,60
14,19
14,71
14,76
14,30
14,69
16,33
16,17
17,53
18,54
18,61
18,46
18,78
19,72
19,33
20,78
21,77
21,42
21,36
22,37
22,34
23,39
23,24
23,74
23,60
23,64
24,56
24,59
25,31
25,39
26,34
26,47
26,65
26,49
26,29
27,37
27,75
27,66
28,70
28,36
28,61
29,61
29,70
30,74
30,47
31,75
31,74
31,32
31,58
32,50
33,64
34,75
35,73
35,66
35,53
35,58
36,44
36,41
36,40
37,41
37,58
38,46
39,51
41,75
42,74
42,45
45,70
47,73
47,55
48,72
48,51
48,76
48,50
49,60
50,72
52,68
54,63
55,74
57,58
57,65
58,74
59,71
59,75
61,67
63,78
66,69
67,78
74,77
