0,40
0,35
0,82
0,32
1,44
1,56
2,91
2,24
3,41
3,58
3,60
4,14
4,90
4,52
4,16
4,26
4,89
5,59
5,10
5,56
5,43
6,57
6,55
6,45
6,31
6,72
6,56
7,40
7,38
7,80
7,68
8,45
8,67
8,18
8,62
9,53
9,47
9,23
10,86
10,74
10,48
10,21
10,65
11,44
11,82
11,40
11,86
11,66
11,78
11,76
12,66
12,47
12,86
13,60
13,58
13,76
14,39
14,72
14,63
15,55
15,25
15,56
15,65
15,50
15,28
16,22
16,19
16,60
16,92
17,22
18,19
18,60
18,76
18,58
18,51
19,71
19,87
19,91
19,35
19,81
19,23
19,57
20,71
20,68
21,38
21,73
21,83
21,72
22,85
22,50
23,69
23,81
23,59
23,78
24,27
24,41
24,36
25,62
25,26
26,47
26,86
26,62
27,53
27,29
27,82
27,41
28,62
28,84
29,43
29,48
30,65
30,47
31,52
32,54
32,39
32,36
34,47
34,68
35,59
35,89
35,85
36,41
37,52
37,68
37,61
39,85
40,92
41,66
41,85
42,57
42,60
42,92
44,64
45,63
45,85
45,87
46,48
48,56
49,57
49,92
49,54
50,51
50,72
50,62
50,65
50,85
51,68
52,61
52,55
53,76
54,87
54,90
54,64
55,89
55,69
55,75
56,81
56,59
57,71
57,87
58,86
59,87
59,77
61,62
63,92
63,81
63,91
65,66
68,89
69,81
69,74
70,75
71,86
73,82
73,90
74,90
77,83
77,85
82,86
