0,53
0,25
0,3
2,52
2,57
3,7
3,69
4,70
4,42
4,46
5,75
5,52
5,69
6,22
6,30
6,39
7,55
7,31
7,62
7,17
8,73
8,10
9,14
9,34
9,33
10,26
10,32
10,74
10,54
11,56
11,41
11,44
12,53
13,44
14,73
14,70
15,60
15,62
15,45
15,16
16,20
16,31
16,28
16,25
17,54
17,66
17,34
18,21
19,70
20,68
20,47
20,69
20,25
20,41
21,61
21,27
23,38
24,60
25,34
25,39
26,49
27,71
27,68
27,75
27,45
27,41
28,61
28,79
29,37
29,65
29,77
29,32
30,43
30,39
30,61
30,38
31,50
31,34
31,63
31,45
31,47
32,41
33,51
36,54
36,44
38,54
38,55
38,75
39,47
40,64
40,68
41,75
42,62
43,72
45,63
47,69
48,68
48,63
48,59
49,79
50,63
50,75
52,79
54,73
54,69
57,75
59,66
60,74
62,67
65,67
66,72
67,68
69,78
71,75
