0,49
1,17
1,8
2,37
2,51
2,7
2,62
2,48
3,10
3,48
3,51
4,52
4,26
4,53
5,57
6,42
7,39
7,28
7,54
7,19
8,31
8,35
8,56
8,13
8,34
9,40
9,33
10,42
10,34
10,58
10,40
10,18
10,47
10,35
11,62
12,37
12,40
12,47
12,36
12,28
13,22
13,40
13,14
14,15
15,37
15,25
15,38
15,24
15,40
16,51
16,35
16,24
17,56
17,29
17,27
17,44
17,57
18,62
18,46
18,22
18,32
18,26
19,32
19,28
19,25
20,55
21,42
22,35
22,42
22,53
23,44
23,27
24,62
25,50
25,53
25,60
25,47
26,42
26,34
27,37
27,60
27,56
28,31
28,62
28,52
29,50
29,62
29,60
29,36
31,62
31,49
31,37
31,51
32,41
32,59
34,45
35,46
35,54
37,45
38,44
38,53
38,55
38,51
39,41
40,51
40,61
40,59
41,43
41,55
44,49
44,46
45,52
45,54
46,54
47,55
50,56
50,59
52,56
55,60
55,59
56,59
57,62
