0,33
1,52
1,20
2,44
2,74
3,43
3,61
3,57
4,32
4,15
5,65
5,35
5,52
5,27
5,23
5,46
7,56
7,29
7,42
8,54
9,66
9,17
10,11
10,26
11,26
12,51
12,28
12,68
14,61
14,78
14,70
15,76
15,34
15,62
17,20
17,25
17,27
18,31
18,35
21,55
22,69
23,69
23,67
24,36
25,58
26,68
27,62
27,78
27,66
28,37
29,46
29,33
29,73
30,61
30,33
31,71
31,46
31,33
32,36
32,75
32,39
32,34
33,57
33,75
33,64
34,66
34,45
34,41
35,57
39,72
40,43
40,41
41,46
43,59
45,69
48,56
49,72
49,55
50,68
51,72
55,71
56,64
57,64
59,77
61,76
61,69
70,72
74,78
