0,16
0,65
0,26
1,72
1,17
1,14
1,31
2,11
2,45
2,73
2,15
2,58
3,6
3,64
3,14
3,12
3,31
4,61
4,39
5,31
5,23
6,55
7,68
7,70
8,34
8,13
9,15
10,22
10,80
11,39
11,32
13,72
14,64
14,15
15,27
15,60
15,32
15,76
16,79
16,47
16,78
16,55
17,56
17,80
17,67
17,55
17,29
18,31
18,38
18,72
18,49
19,77
19,55
21,39
21,28
21,70
22,34
22,62
23,57
23,61
24,46
24,64
24,78
24,41
26,78
26,27
28,43
28,57
29,69
30,67
30,70
31,73
31,51
31,38
32,73
34,71
35,72
35,60
36,50
38,63
41,43
41,54
41,46
41,75
42,66
43,77
44,54
45,46
46,75
46,61
47,66
47,68
49,52
50,51
51,56
52,68
53,61
53,74
54,63
54,70
57,74
58,63
62,79
62,77
63,78
65,79
65,76
71,80
75,78
