0,10
0,3
0,25
1,7
1,68
2,34
2,9
3,13
3,51
3,58
3,10
5,41
5,49
5,30
5,34
6,10
6,30
6,24
6,67
7,19
8,54
8,33
8,19
9,55
9,70
10,18
11,32
11,71
12,41
13,70
13,44
13,65
13,56
14,68
14,56
14,19
14,21
15,52
15,53
15,58
16,21
16,27
17,66
17,26
18,65
18,53
20,39
21,55
21,39
22,36
23,33
24,48
24,49
24,38
24,57
25,61
25,67
26,63
26,70
27,53
28,45
28,61
29,54
30,56
30,41
30,37
31,49
31,40
32,55
32,57
32,41
33,72
33,68
33,46
33,38
34,44
34,61
34,50
35,69
35,71
35,48
35,67
36,59
36,43
36,53
36,46
37,59
38,68
39,52
39,69
39,42
41,57
41,67
43,58
43,65
45,61
46,62
47,59
50,66
51,64
51,57
51,60
52,63
53,59
55,63
57,64
59,71
60,71
66,69
66,72
69,70
