0,16
1,11
2,34
2,3
3,85
3,42
3,44
4,36
4,35
5,85
5,33
5,91
6,73
7,44
7,33
7,45
9,55
9,49
9,35
10,46
10,60
10,72
11,59
11,44
12,13
13,58
13,89
13,91
14,31
14,71
14,16
14,51
16,73
17,84
17,51
17,45
17,56
18,29
18,70
19,68
20,87
21,62
21,31
21,32
21,47
23,43
24,36
24,81
25,80
25,57
27,53
27,61
27,32
28,40
28,37
29,37
30,78
30,38
32,49
32,84
33,52
36,55
36,49
37,42
37,59
38,80
39,86
42,49
43,80
43,55
45,85
45,58
45,84
46,70
48,68
50,53
50,88
50,83
51,68
51,74
54,73
54,69
55,88
56,90
57,90
58,69
60,89
61,62
61,75
61,66
62,77
63,69
64,69
65,68
66,70
66,75
67,91
67,87
67,79
70,86
73,75
73,85
76,85
77,80
79,80
81,89
83,91
