0,10
1,53
1,4
1,47
1,57
1,35
2,34
2,25
3,54
4,77
4,21
4,57
4,52
4,10
4,63
4,7
4,14
5,48
5,26
5,33
6,57
6,19
7,10
7,25
8,60
8,52
9,24
9,46
9,48
9,61
10,14
10,31
11,42
11,40
12,36
12,71
12,47
13,48
13,19
14,23
14,35
14,41
14,21
15,73
15,45
15,39
16,45
19,72
19,26
20,54
21,69
21,44
22,50
22,45
24,53
24,64
25,55
25,30
25,44
27,73
27,41
28,71
28,36
29,74
30,47
30,32
30,38
32,50
34,47
35,36
36,39
37,68
39,55
40,51
40,76
41,58
41,42
41,62
41,73
42,58
43,67
43,57
44,64
45,63
45,56
45,53
46,47
46,48
47,63
47,60
48,50
49,64
50,65
51,66
52,61
53,56
54,68
54,57
55,73
57,66
57,62
58,59
58,77
59,68
64,73
66,68
67,71
71,75
