1,35
1,48
1,10
2,18
2,3
2,69
2,30
2,61
4,59
4,27
5,75
5,57
5,37
6,81
7,70
7,76
8,40
8,28
8,71
9,44
9,81
10,12
10,80
10,30
10,34
11,53
12,47
12,82
12,29
12,44
13,34
15,71
15,53
15,77
16,70
16,65
17,54
17,72
17,19
17,57
18,24
19,37
19,42
19,79
19,47
19,61
20,54
20,29
20,63
20,28
21,71
21,52
22,79
22,25
22,64
23,36
23,79
24,58
24,49
25,75
25,49
26,48
26,38
26,37
27,59
28,55
28,78
29,80
30,81
30,66
31,41
31,54
32,67
33,68
34,63
34,51
34,37
36,47
36,54
36,44
37,51
39,43
39,62
39,78
42,69
43,64
43,55
44,76
44,68
45,67
45,62
46,67
46,80
46,78
47,77
50,80
50,82
50,78
51,65
53,61
53,67
54,56
54,62
55,79
55,69
57,81
60,76
60,72
61,74
61,69
63,80
65,81
68,71
71,78
71,74
71,80
78,79
