0,21
1,28
2,7
2,57
2,13
3,52
3,16
3,10
3,32
4,11
4,41
5,50
5,25
5,36
5,62
5,16
6,9
7,22
7,54
8,27
9,45
9,21
9,38
10,28
10,41
10,14
10,42
11,18
11,37
11,14
11,26
11,29
12,25
12,28
13,33
13,28
13,57
14,34
15,24
15,21
15,57
15,20
15,16
16,58
16,49
16,54
16,63
17,26
17,61
18,62
18,47
18,42
21,38
21,46
22,24
22,54
24,55
24,48
25,60
25,28
25,61
26,42
28,34
28,46
29,53
30,54
32,37
32,49
32,63
32,46
32,51
32,50
33,55
34,60
35,45
36,46
37,62
37,61
37,49
38,47
40,53
44,54
45,61
46,47
47,55
47,57
48,54
48,58
49,60
49,61
51,54
52,62
55,61
57,63
58,61
59,61
