0,2
0,57
0,44
0,22
1,77
1,5
1,63
2,43
2,45
2,17
3,63
3,60
4,47
5,38
5,60
6,30
7,69
7,59
7,73
8,44
8,14
9,46
9,62
10,32
11,35
11,20
11,78
11,53
12,42
13,32
13,36
13,61
14,71
14,35
14,63
14,46
14,69
14,39
15,23
15,41
15,49
16,46
16,74
16,18
16,48
17,59
17,78
18,58
18,51
18,22
18,56
19,28
19,50
19,42
19,47
19,71
20,60
20,64
20,42
21,79
22,24
22,42
22,62
24,47
24,63
25,78
25,48
26,68
26,29
27,46
28,46
28,56
29,74
30,55
31,46
32,47
32,62
32,45
33,47
34,70
34,66
34,67
35,43
35,42
35,41
35,70
36,45
36,73
37,77
38,62
38,65
39,64
40,57
41,60
41,67
41,78
42,62
44,53
44,51
45,58
46,61
47,63
48,56
49,57
50,61
51,68
51,74
51,54
52,59
52,65
52,79
55,66
55,69
58,63
58,77
59,65
59,74
62,65
63,67
67,76
