0,49
0,10
0,1
1,55
1,15
2,23
2,49
2,34
3,27
3,42
3,34
3,48
4,22
4,30
4,10
4,21
5,53
5,17
5,7
5,55
6,30
6,16
7,31
7,11
7,37
8,44
9,55
10,45
10,27
11,33
11,54
11,28
12,29
12,33
12,13
12,22
13,41
13,39
13,36
13,43
13,47
13,45
15,57
16,29
16,39
16,34
17,44
17,47
17,40
18,32
18,30
18,53
19,37
19,31
20,42
21,29
21,30
23,28
23,27
23,39
23,33
23,56
24,25
25,47
26,47
26,45
26,49
28,44
28,55
29,52
29,53
29,58
30,48
33,38
35,50
37,54
38,51
39,53
40,47
42,48
42,49
45,50
45,58
46,54
49,58
51,56
52,56
53,55
54,58
57,58
