0,19
0,6
0,80
0,40
1,18
1,69
2,21
2,25
2,12
2,13
2,59
2,37
2,63
2,38
3,43
3,56
4,85
4,49
4,18
4,17
4,74
4,9
5,10
5,45
6,27
6,81
6,43
7,8
7,38
7,17
7,77
7,81
7,86
8,81
8,82
8,54
8,84
8,61
8,16
9,78
9,77
9,76
9,39
9,24
9,59
9,52
10,65
10,82
10,58
10,29
11,63
11,29
12,63
12,38
12,72
13,32
13,45
13,46
13,60
14,42
15,31
15,60
15,35
15,21
16,77
17,82
17,40
17,53
18,54
18,80
18,30
19,58
19,62
19,68
19,34
20,69
20,29
21,78
21,29
22,49
22,70
22,63
22,46
23,38
23,83
23,27
23,37
24,75
24,80
25,76
25,83
25,68
27,32
27,78
28,61
29,46
29,60
30,43
31,36
31,49
31,46
31,42
32,65
32,74
32,75
33,59
33,56
34,35
34,66
34,49
35,74
35,70
35,46
36,69
36,54
37,69
38,43
40,56
42,70
42,78
44,64
44,69
46,69
46,47
47,83
47,56
48,62
49,85
50,63
51,71
53,86
53,62
53,57
54,77
55,74
57,74
57,59
58,68
58,81
58,71
59,80
59,65
59,85
59,83
60,66
60,81
64,74
65,77
65,84
66,69
69,70
70,79
70,78
73,82
74,77
76,78
80,86
