2,42
2,32
3,71
3,66
4,53
4,55
4,13
5,41
6,48
6,70
7,22
8,57
9,42
10,43
11,56
11,21
11,53
11,12
13,58
13,34
13,16
13,39
15,25
15,49
16,47
17,19
17,71
17,60
17,59
18,64
18,34
19,49
19,35
19,33
21,32
21,47
23,71
23,26
24,43
24,34
26,34
27,53
28,52
28,40
29,54
30,49
30,72
30,40
31,44
32,40
34,41
34,48
34,35
34,57
35,44
36,69
37,43
37,38
38,43
39,60
39,41
40,61
41,70
42,60
42,65
43,63
43,44
43,61
44,53
44,63
44,49
45,66
46,64
46,65
47,66
49,65
49,61
50,58
51,59
51,58
51,70
52,73
52,57
53,60
53,61
60,70
67,69
