0,83
0,21
0,46
1,57
1,25
1,13
2,37
3,38
3,28
3,13
4,78
4,48
4,28
4,46
5,35
6,51
6,60
6,52
6,38
7,22
8,34
10,89
11,49
12,74
12,54
12,48
13,41
14,78
15,71
15,53
16,35
16,29
17,87
18,28
19,26
19,20
19,28
19,34
19,32
19,59
20,44
20,28
21,23
24,37
24,54
24,50
25,85
28,40
28,60
29,57
29,80
29,68
30,54
30,67
32,64
33,89
34,81
36,84
38,56
38,89
38,81
39,61
39,42
39,89
39,78
40,72
40,55
40,70
41,50
42,74
42,65
43,66
43,50
45,48
45,64
45,75
49,81
49,65
51,71
52,65
52,63
55,87
56,62
60,76
60,73
64,86
66,71
69,80
71,81
72,78
72,86
72,73
80,88
