0,61
0,52
1,11
2,19
2,48
2,8
3,53
3,56
4,64
4,42
4,63
5,44
5,58
5,15
6,36
6,34
6,21
7,47
7,8
7,40
7,39
7,30
7,57
8,56
8,11
9,57
9,36
9,48
9,10
9,45
10,59
11,34
11,12
11,48
11,13
12,13
12,50
12,62
12,43
12,55
13,14
13,55
13,36
14,32
14,48
14,27
15,62
15,36
15,26
16,42
17,60
17,51
17,28
18,53
19,36
19,32
20,52
20,44
21,50
21,38
21,64
21,58
22,48
22,47
23,62
23,59
24,29
24,52
24,46
24,51
24,56
25,27
27,48
27,35
27,59
28,51
28,37
28,30
29,50
29,40
29,32
30,46
31,36
31,42
32,57
33,34
35,41
35,37
35,36
36,46
40,57
41,52
42,65
42,53
43,59
46,53
48,56
48,53
49,56
50,58
51,57
52,54
54,56
56,61
56,65
63,65
64,65
