0,43
0,70
1,53
1,60
1,14
1,64
2,28
2,24
2,34
2,7
3,7
4,57
4,51
5,22
5,45
6,39
6,68
6,53
6,72
8,43
8,30
9,51
9,33
10,47
10,74
11,49
11,78
11,29
13,68
13,47
16,17
16,20
16,73
18,48
18,39
18,34
19,60
20,39
20,77
21,61
22,54
23,34
23,68
24,46
24,52
25,44
25,37
25,71
25,48
26,57
26,58
28,75
28,38
28,58
29,69
29,37
29,57
30,65
30,77
32,48
32,33
33,38
35,50
36,43
37,39
37,44
38,70
38,39
38,58
39,61
39,51
39,75
43,59
44,47
46,50
46,54
47,69
48,57
49,72
49,64
49,63
53,74
53,68
53,69
54,57
55,71
56,70
56,62
58,64
58,62
71,73
72,73
