0,43
0,31
0,9
1,14
1,18
1,13
1,36
1,34
1,40
1,43
1,30
1,7
1,12
1,35
2,25
3,44
3,38
3,16
3,21
5,15
6,29
6,26
6,43
7,11
8,44
8,45
8,37
8,39
9,14
9,22
9,13
9,20
9,39
9,11
10,29
10,20
11,12
11,35
12,24
12,39
12,13
12,15
12,18
12,37
13,15
13,14
13,40
13,37
13,25
14,21
14,25
15,17
15,25
15,33
16,20
16,41
16,23
17,44
17,40
17,38
18,40
18,29
19,26
19,46
19,25
20,40
21,43
21,35
21,40
21,45
21,27
22,25
22,29
22,30
23,29
24,43
26,36
27,33
27,39
27,34
27,37
28,40
29,45
30,35
31,32
31,37
34,45
36,39
37,40
40,42
44,46
