0,8
0,29
0,23
2,19
2,26
2,20
2,9
2,10
2,23
2,45
3,11
4,17
4,46
4,22
6,43
6,32
6,23
7,23
7,43
7,17
8,59
8,34
9,57
9,45
10,56
10,38
10,11
10,26
10,46
10,24
11,49
11,56
11,19
12,20
12,55
12,39
12,29
13,24
13,43
13,51
14,53
15,28
15,39
15,16
15,57
17,27
18,41
18,24
18,54
18,35
18,43
18,47
19,43
19,54
19,23
19,35
20,44
20,28
21,27
21,49
21,32
21,31
22,30
23,31
23,39
23,57
24,45
24,29
25,27
25,50
26,50
26,40
26,57
26,45
27,39
27,55
28,37
30,46
30,42
32,33
32,55
33,56
33,36
34,49
34,47
34,35
35,50
35,52
35,56
35,44
38,39
39,41
40,53
42,59
42,45
43,55
43,49
44,59
44,50
45,51
45,46
45,48
46,47
47,58
47,50
47,49
49,59
