0,37
0,45
0,25
1,79
1,7
1,59
1,71
1,64
2,55
2,74
2,57
4,47
4,36
5,67
5,69
5,45
5,29
5,38
6,39
7,10
7,29
8,22
8,52
9,60
10,45
11,49
11,42
11,35
11,54
12,27
13,66
13,64
14,63
14,52
14,23
15,63
15,27
16,45
17,25
17,21
19,59
19,52
20,76
21,33
21,38
21,45
23,45
23,50
23,27
24,26
24,72
25,66
25,45
25,78
26,31
27,48
28,78
29,39
31,37
32,76
32,39
32,51
33,37
34,35
35,78
35,48
36,53
38,67
38,64
38,61
40,58
42,62
46,69
46,75
48,58
48,51
50,76
51,59
51,55
53,69
56,68
60,64
62,78
63,78
65,77
68,69
68,78
68,73
73,75
74,78
75,78
