0,5
0,2
0,11
0,49
1,33
1,39
1,4
1,38
2,44
2,29
3,19
3,26
4,43
4,16
4,42
5,15
5,29
5,10
5,48
5,19
5,44
6,15
6,31
7,32
7,52
7,37
8,29
8,13
8,11
8,40
8,48
9,19
9,21
9,36
11,26
12,18
12,29
12,28
13,52
13,25
13,29
17,21
18,48
18,28
19,28
19,30
19,24
19,21
20,30
21,33
21,23
21,44
22,40
22,43
23,46
23,25
23,40
23,30
24,30
24,28
24,33
24,37
26,44
26,47
26,40
27,30
27,43
27,52
28,31
29,40
29,42
29,30
29,47
30,33
31,47
32,50
33,51
33,48
33,50
34,37
35,52
35,46
35,51
35,50
35,38
36,43
37,51
39,40
44,46
47,52
48,51
