0,84
0,91
0,47
0,28
1,87
1,35
1,19
2,22
2,85
2,52
2,90
2,35
2,43
3,13
3,89
3,86
3,30
3,24
3,9
4,40
4,70
4,27
4,60
4,89
5,63
5,72
5,82
5,54
6,92
6,53
6,40
6,51
7,49
7,51
8,72
8,63
9,11
9,69
9,31
9,77
10,64
10,53
12,13
13,45
14,45
14,23
14,73
14,27
16,88
16,38
17,86
17,53
17,41
17,49
17,83
18,69
20,52
20,86
20,63
21,38
21,28
21,84
21,30
21,62
22,36
22,87
23,24
23,67
23,32
24,51
24,61
25,54
26,55
26,33
26,32
26,71
26,82
26,50
26,61
26,39
26,60
26,40
27,63
27,50
27,42
28,58
28,79
28,56
29,85
29,48
29,45
29,78
30,39
30,56
30,51
31,71
31,90
32,57
33,52
33,73
33,78
33,72
34,50
34,51
34,91
35,36
35,55
36,86
36,68
36,43
37,72
38,63
40,79
40,56
41,53
41,63
41,72
41,45
41,57
43,49
43,63
43,70
44,52
45,52
45,70
46,81
46,87
46,60
47,81
47,62
47,75
48,65
48,56
49,53
50,58
51,57
52,74
53,77
53,67
55,69
57,67
59,76
59,60
59,91
60,89
62,82
62,89
62,87
63,85
63,76
66,67
66,83
67,87
67,91
67,84
68,84
71,79
71,75
72,90
73,85
73,80
74,75
75,82
76,79
81,86
84,89
86,90
