0,43
0,34
1,48
1,54
1,15
2,24
2,20
3,37
3,54
3,38
4,19
4,36
4,56
4,37
5,12
5,60
5,15
5,33
6,13
6,67
6,63
6,37
7,53
7,18
7,59
7,45
8,60
8,37
9,56
9,30
10,57
10,52
10,29
11,23
11,63
11,27
12,19
13,55
13,56
13,38
14,29
14,54
14,43
14,53
15,60
15,35
15,56
15,68
15,46
15,41
15,16
15,25
16,41
16,18
17,20
17,36
18,30
18,36
19,64
19,67
19,27
19,35
20,41
20,38
20,35
21,49
21,44
21,46
22,57
22,24
22,65
22,62
23,30
23,34
23,26
23,40
23,68
23,51
24,50
24,33
24,29
25,30
26,39
26,35
26,37
27,29
27,56
29,43
29,57
29,40
29,63
29,37
29,50
30,63
30,58
31,47
31,37
32,61
32,50
32,37
33,41
34,52
34,44
34,41
36,39
37,54
38,50
38,63
38,59
38,65
39,63
41,53
42,67
42,51
43,68
44,64
46,50
46,53
47,64
50,56
52,56
54,63
54,61
56,64
56,58
56,67
57,66
57,62
59,68
59,64
