0,66
1,57
1,32
1,37
1,49
1,73
1,19
2,47
2,23
3,73
3,27
3,49
4,5
4,69
4,27
5,25
5,70
6,60
6,65
6,43
7,49
7,24
7,64
7,14
7,79
8,70
9,64
9,74
9,26
10,63
10,14
10,17
10,57
12,52
12,46
12,41
13,80
13,49
13,82
13,64
14,24
14,72
14,70
14,20
14,23
14,50
14,75
15,77
16,80
16,59
16,47
16,33
17,37
17,67
17,32
17,49
17,55
18,24
18,61
18,26
18,30
19,21
19,82
20,25
20,38
20,54
20,32
20,51
20,81
20,41
21,59
22,64
23,36
23,82
24,30
24,68
25,35
25,49
25,56
25,78
26,55
26,72
27,65
27,53
27,57
28,50
28,66
28,64
29,49
29,69
30,49
30,35
30,66
31,65
31,74
33,70
33,52
34,65
35,59
36,75
37,81
37,47
37,80
38,80
38,42
39,77
39,72
39,49
40,55
40,53
40,82
41,72
41,70
41,56
43,74
43,79
43,57
44,81
44,71
45,69
46,69
46,55
47,74
48,72
48,68
49,52
51,66
51,79
51,62
52,79
52,73
53,67
53,79
58,66
58,70
59,62
60,79
61,67
63,71
63,74
67,80
80,82
