0,7
0,34
1,30
1,18
1,39
1,19
1,32
1,28
2,38
2,48
2,61
2,6
2,53
2,19
2,24
3,6
3,19
3,8
4,34
4,53
4,28
5,24
5,59
5,39
5,8
5,30
6,53
6,62
6,14
7,56
7,42
7,27
7,12
8,40
8,62
8,13
9,49
9,10
10,49
10,29
10,13
10,34
11,50
11,51
11,38
11,45
11,40
12,55
12,40
12,45
12,20
12,23
13,15
13,52
13,65
13,35
14,54
14,65
14,49
14,42
15,28
15,45
15,34
15,17
15,35
15,25
15,33
16,17
16,48
16,63
17,39
17,38
18,22
19,29
19,46
19,54
19,34
19,61
19,26
20,63
21,42
22,44
22,39
23,51
23,50
23,31
23,57
24,50
24,38
25,59
25,45
26,59
27,50
27,46
27,41
28,30
28,58
28,55
29,42
29,49
29,48
29,52
31,57
31,38
32,56
32,64
32,44
32,55
32,43
32,53
33,59
34,59
34,65
34,43
38,54
38,59
38,56
41,43
42,59
43,54
46,65
47,48
48,57
48,58
49,63
50,52
51,63
51,54
52,54
57,62
58,65
