0,48
0,53
0,9
1,30
1,33
1,37
1,36
1,16
2,19
2,47
2,16
2,37
4,10
4,42
4,52
5,7
5,43
5,26
6,41
6,19
6,49
6,7
7,44
7,20
8,40
8,39
9,32
9,12
9,53
10,18
10,11
11,44
11,49
11,25
11,13
11,41
12,42
13,33
13,28
14,32
14,20
15,16
15,35
15,19
15,33
16,22
16,53
17,24
17,27
17,48
17,23
18,40
19,24
20,22
20,37
21,37
21,47
21,40
21,51
22,30
22,37
23,40
23,42
23,49
23,36
23,28
23,53
24,31
24,44
24,41
24,50
24,26
25,51
25,49
25,48
26,53
26,39
27,50
28,42
28,36
28,52
28,43
31,38
31,39
31,53
32,36
34,52
35,36
35,52
35,53
36,43
36,49
37,51
37,49
37,53
38,48
40,52
41,50
41,42
41,45
42,52
47,52
48,50
51,52
51,53
