0,55
0,34
0,57
0,9
1,56
1,81
1,40
1,18
1,63
1,34
2,52
2,32
3,19
3,84
4,39
4,12
5,87
6,61
6,21
7,57
7,53
7,71
7,42
8,86
9,35
10,84
10,28
10,55
10,83
11,78
11,44
12,66
12,43
13,39
13,18
13,55
14,66
14,87
14,26
14,21
15,53
16,83
18,81
18,44
18,25
19,53
19,77
19,24
19,54
20,23
20,51
20,57
20,50
21,34
21,49
21,53
21,59
22,36
22,62
22,80
24,58
24,86
25,78
25,26
25,37
26,54
26,88
26,64
27,75
30,60
31,45
31,81
32,78
32,61
32,34
32,88
33,64
33,74
37,52
37,51
37,60
37,75
38,40
38,49
38,60
39,52
39,54
42,73
45,48
45,85
46,71
47,53
47,49
47,64
48,58
48,67
49,75
50,58
52,67
54,69
56,84
57,64
57,68
58,61
63,80
64,82
64,87
65,88
66,70
66,79
68,83
79,84
80,87
81,84
83,87
