0,33
0,31
0,80
2,4
2,43
2,58
2,72
2,25
3,7
3,50
4,64
4,46
5,74
6,75
6,74
6,69
7,8
7,46
8,52
8,51
8,84
8,40
8,73
9,82
9,68
10,72
10,25
11,17
11,19
11,16
11,84
14,72
15,86
15,80
15,37
16,80
17,68
17,35
18,39
19,44
20,68
21,68
21,59
22,30
22,83
23,86
23,25
24,76
24,46
24,41
25,45
25,63
26,52
26,59
26,79
27,57
28,29
28,30
29,37
30,44
31,72
32,79
32,34
33,59
35,64
35,77
37,60
37,78
39,77
40,75
40,80
41,63
41,79
42,73
43,79
43,72
46,85
46,52
47,80
49,50
49,68
49,86
51,54
51,79
52,78
52,62
54,75
55,76
56,73
59,82
60,80
67,83
68,77
79,81
80,85
