0,71
0,50
1,80
1,29
1,57
2,4
2,23
3,70
3,67
4,32
4,36
4,28
4,12
6,31
6,57
6,25
7,68
7,74
7,21
7,52
7,31
7,23
8,33
8,30
8,39
8,79
8,64
9,40
9,63
10,56
10,68
10,36
10,11
11,19
11,63
11,66
12,28
13,52
13,27
14,35
14,48
14,29
14,15
14,22
15,66
15,26
15,47
16,66
16,54
17,79
17,31
19,70
19,45
22,50
22,74
23,79
23,54
23,80
24,29
25,62
25,30
31,34
33,34
33,73
33,50
35,45
35,61
36,71
36,37
37,49
38,81
38,54
38,47
39,48
39,52
40,46
40,57
41,69
42,59
42,50
43,68
44,64
44,46
44,77
45,69
47,70
48,67
49,59
50,76
51,78
52,63
52,64
52,77
55,59
55,61
55,72
56,65
58,66
58,62
59,60
61,72
61,70
63,69
64,75
64,68
66,78
67,76
69,77
72,77
76,80
