0,61
1,90
1,46
2,9
3,17
4,68
4,32
4,47
6,33
7,15
7,46
8,12
8,14
8,94
8,98
8,22
9,40
9,41
10,16
10,92
11,65
11,81
12,49
12,37
12,93
13,48
14,73
14,97
14,53
14,16
15,18
15,19
16,19
17,22
17,80
18,68
18,57
18,59
19,59
20,73
20,54
20,97
21,61
22,28
22,42
24,48
24,62
25,96
26,30
26,72
27,89
27,55
28,40
28,30
31,92
31,36
32,82
32,50
32,72
33,47
34,66
36,83
37,73
38,61
38,70
39,92
42,53
42,62
42,89
43,78
45,91
45,86
46,57
47,98
47,96
49,73
49,67
50,63
52,55
52,54
52,83
53,98
53,85
54,89
55,72
55,70
55,88
56,95
58,95
62,78
64,69
64,81
66,95
66,82
68,76
68,71
68,90
69,89
69,87
69,94
76,89
80,86
81,90
84,86
88,90
89,92
89,98
