0,23
0,16
0,37
1,52
1,13
1,27
1,59
1,33
3,47
3,41
3,20
3,60
3,58
3,28
5,42
6,52
6,36
6,62
6,33
7,56
8,42
9,34
9,28
10,62
10,48
10,12
10,19
12,62
12,50
12,52
12,20
12,17
13,29
13,36
13,61
14,24
14,49
14,51
14,27
14,45
15,60
15,50
15,18
16,45
17,48
17,50
17,44
18,62
18,36
22,25
22,34
23,52
23,62
24,37
25,47
25,65
25,40
26,42
27,38
27,61
27,33
28,65
28,51
29,59
30,45
31,63
31,59
31,34
31,33
31,50
33,65
33,39
34,51
34,61
34,46
34,49
35,51
37,58
37,52
37,49
37,62
42,49
43,51
43,59
44,63
47,60
48,64
48,56
48,58
49,52
50,59
50,63
52,63
60,64
