1,10
1,34
1,60
1,5
2,21
3,26
3,48
4,80
4,61
4,20
4,13
4,17
4,21
5,12
5,71
5,19
5,61
5,72
6,75
6,43
6,65
6,77
6,19
6,8
7,60
7,63
8,48
8,75
9,12
9,79
10,72
10,13
10,68
10,20
10,39
11,15
11,64
11,32
11,57
12,34
12,47
13,49
14,72
14,69
14,81
15,23
16,48
16,58
17,28
17,19
18,58
18,31
18,80
19,32
19,41
20,23
20,81
20,59
21,60
21,79
21,78
21,73
22,69
22,32
23,48
23,30
23,59
23,78
23,43
23,50
24,70
25,28
25,46
25,72
25,32
26,54
27,55
27,48
28,42
29,53
29,49
29,62
29,78
29,40
31,60
31,71
31,33
32,58
32,39
32,69
33,36
34,70
34,39
34,49
35,67
35,72
35,53
35,70
35,62
36,68
36,80
36,44
37,48
37,63
37,52
38,46
38,81
38,64
38,45
38,70
39,42
41,79
41,63
42,57
42,58
43,53
44,70
44,77
45,80
45,54
46,51
46,75
47,80
47,79
49,63
49,59
49,61
50,53
51,59
51,70
51,58
52,66
52,74
52,62
53,70
53,54
53,77
53,71
54,71
54,55
55,75
55,81
56,70
58,71
59,77
60,67
60,65
60,74
61,69
61,72
62,73
64,75
64,76
64,73
65,75
73,74
75,77
80,81
