0,13
0,10
0,16
0,29
0,4
1,68
1,48
1,52
1,8
2,51
2,49
2,64
3,73
4,89
4,72
5,30
6,89
6,10
7,23
8,66
8,9
8,64
9,81
9,71
9,16
9,39
9,24
10,22
10,71
11,74
11,45
11,58
12,84
12,48
12,54
12,25
12,20
12,30
12,18
12,24
13,32
13,77
13,39
14,58
14,56
14,38
14,41
14,78
15,40
15,51
15,24
15,66
16,82
17,52
18,86
18,53
19,34
19,69
20,68
21,56
21,45
21,84
22,59
22,60
23,27
23,47
23,35
24,73
25,51
25,56
25,67
26,72
27,38
27,56
27,64
28,73
28,74
30,32
30,51
31,86
31,78
31,67
31,58
32,50
33,75
33,53
34,80
35,69
35,47
35,45
35,74
35,86
37,63
37,47
37,48
38,39
38,64
38,78
40,51
42,70
42,59
42,60
43,72
43,74
44,67
44,86
45,49
46,70
47,63
48,51
52,67
52,69
52,66
52,86
53,75
56,66
57,68
59,65
59,80
59,73
62,88
65,88
65,81
67,82
68,88
69,74
71,88
71,83
72,85
72,87
74,86
76,87
77,89
77,81
83,84
85,87
