0,55
0,31
1,40
1,23
1,54
1,57
1,14
2,44
2,28
2,29
2,56
3,39
3,57
3,13
4,39
4,41
4,27
5,6
6,30
6,35
6,49
6,53
7,40
7,37
7,45
8,21
8,22
9,58
9,45
10,22
11,12
13,51
13,46
13,25
14,19
14,29
15,30
15,32
15,35
16,37
16,43
17,54
17,25
18,58
19,56
19,24
20,28
21,47
21,34
21,24
21,55
21,33
21,42
21,56
22,28
23,43
23,36
23,53
24,51
24,49
25,48
25,32
25,45
25,44
26,48
26,34
26,46
27,28
28,55
31,56
31,55
31,38
32,36
32,39
33,52
33,49
33,38
33,44
34,46
34,38
35,39
36,37
36,52
37,44
37,57
38,48
38,55
38,39
39,54
39,58
39,45
39,48
39,40
41,58
41,56
42,52
42,43
44,58
45,58
46,48
48,56
49,56
50,53
