0,89
0,70
0,84
0,55
1,35
1,14
1,83
3,68
3,70
3,57
4,50
4,11
5,99
5,82
5,66
5,96
5,55
6,32
6,60
6,30
6,50
7,79
7,45
7,60
7,58
7,77
7,12
8,97
8,46
8,72
9,19
9,57
9,75
9,28
11,17
11,93
12,61
12,18
12,95
13,87
14,25
14,55
15,42
16,64
16,72
17,77
17,30
17,89
17,26
18,68
20,33
20,80
20,62
20,37
20,49
21,56
21,88
21,62
21,34
22,88
22,59
23,32
23,53
23,46
24,29
24,25
24,50
24,62
25,82
25,55
25,61
25,86
26,36
26,47
27,52
27,35
28,46
28,41
28,67
28,38
28,34
29,39
29,48
29,78
29,41
30,43
30,47
30,57
30,92
31,61
31,82
32,62
33,60
33,92
33,40
34,70
34,59
35,67
36,51
36,68
36,43
36,66
37,50
37,62
37,68
37,47
38,79
38,45
39,65
39,78
39,93
40,58
41,64
41,75
41,55
41,72
41,58
42,55
43,58
43,51
44,63
44,51
44,75
44,78
44,53
44,46
45,76
46,70
47,63
47,91
48,79
48,93
48,95
48,63
49,65
49,93
50,91
50,90
50,93
51,72
51,69
52,65
53,95
53,97
53,73
53,82
54,86
54,93
58,64
58,89
59,79
62,73
62,72
63,81
63,83
65,86
68,73
69,97
69,79
70,76
70,71
72,74
73,90
74,85
75,91
78,99
78,88
86,94
86,89
87,89
90,92
