0,1
1,13
1,17
1,18
1,11
1,32
2,30
2,19
2,63
2,7
2,25
2,54
4,39
5,19
5,43
5,53
5,36
6,22
6,42
7,40
7,34
7,25
8,30
8,45
8,41
8,53
8,46
9,20
9,10
9,59
9,28
10,28
10,63
10,19
10,59
10,46
11,43
11,50
11,38
11,33
11,18
11,35
12,24
12,67
12,63
13,28
13,65
13,51
14,58
14,34
14,22
15,46
15,17
16,53
16,65
17,29
17,41
18,50
18,45
19,63
19,69
19,50
19,58
19,36
20,48
21,41
21,68
21,39
22,32
22,24
23,63
23,53
23,59
23,26
24,66
24,42
25,42
26,54
26,29
27,53
28,52
29,34
29,50
30,58
31,53
31,41
33,59
33,58
33,39
34,61
34,59
34,53
35,44
35,55
35,51
35,41
36,62
36,54
38,58
38,42
38,53
39,40
41,44
43,65
43,59
43,45
44,63
45,66
45,58
48,56
49,54
50,53
50,60
50,58
51,62
52,68
54,63
55,68
57,65
57,66
60,65
66,67
