0,47
0,39
1,76
1,74
1,55
2,28
3,44
4,29
4,69
4,53
4,10
5,38
6,60
6,77
7,48
8,72
8,16
8,54
8,64
9,69
9,43
9,44
9,12
9,58
10,73
10,71
10,77
11,43
11,53
11,18
12,53
13,53
13,74
13,32
14,59
14,69
15,73
15,54
15,75
16,68
16,66
16,40
16,72
16,65
17,48
17,66
17,29
17,24
17,53
17,21
18,64
19,80
20,50
21,51
21,50
22,47
22,40
23,52
23,28
24,48
24,51
25,66
25,65
25,49
26,57
27,50
27,31
28,51
28,54
30,55
31,76
33,54
33,69
34,44
34,57
36,52
36,57
37,56
37,45
37,47
37,71
37,65
38,75
38,50
38,72
38,55
39,45
39,67
40,65
42,53
42,73
43,61
43,49
44,65
44,70
44,73
45,55
45,49
45,70
46,64
46,50
47,66
47,71
48,75
48,64
48,58
49,63
51,53
52,67
52,77
52,78
53,56
56,60
56,76
57,70
57,65
58,69
58,78
60,68
62,66
62,80
63,69
63,74
64,71
64,66
67,78
67,68
70,76
71,74
73,79
74,78
