0,8
0,38
0,70
1,76
2,67
3,11
5,78
6,7
6,67
6,54
7,16
7,34
7,56
7,8
7,43
8,16
9,64
10,20
10,78
10,63
11,41
11,25
11,68
12,67
12,55
12,27
13,18
13,79
14,63
16,72
16,37
18,81
18,39
18,44
19,63
19,47
19,70
20,86
20,25
20,67
20,26
22,80
22,27
23,47
24,34
24,72
26,58
26,37
26,44
29,38
30,40
30,66
30,48
31,47
32,62
34,42
35,52
36,38
38,73
38,49
38,43
39,49
40,52
41,82
43,72
44,77
44,63
45,81
47,86
48,64
50,68
50,71
53,85
54,82
56,75
56,68
58,63
59,81
59,61
62,70
62,67
68,79
70,80
73,86
73,83
76,84
76,85
78,80
