0,45
0,20
1,55
1,71
1,36
2,18
2,8
3,18
3,69
3,66
3,11
4,26
4,80
5,14
5,25
6,58
6,69
6,79
6,39
6,68
7,74
8,58
8,71
8,41
9,66
9,77
9,36
9,18
9,53
10,17
10,86
11,13
11,38
11,88
11,58
11,75
12,49
12,39
12,58
12,68
13,28
13,73
14,25
15,41
15,76
15,64
16,59
16,79
18,32
18,75
19,59
19,86
19,25
20,48
20,41
21,80
21,63
21,40
21,54
21,51
21,26
22,86
22,25
23,43
23,85
24,85
24,52
27,53
28,30
28,81
28,66
30,46
30,68
30,82
31,86
32,36
32,33
33,42
33,41
33,77
35,75
35,46
37,80
38,43
38,83
38,73
39,83
40,66
41,73
42,58
43,88
43,45
44,84
45,87
45,63
46,68
46,79
47,62
48,77
49,69
49,61
51,69
52,59
53,63
53,87
53,61
56,70
59,74
60,68
61,65
63,67
63,77
65,77
66,74
68,76
70,86
73,81
73,85
74,85
75,80
81,83
85,88
