0,69
0,48
1,44
1,18
1,89
1,55
2,89
2,28
2,82
3,37
4,7
4,55
4,69
4,10
4,76
4,53
5,49
5,47
5,89
5,90
5,32
6,73
6,64
6,90
6,50
6,7
7,62
8,28
8,26
9,82
10,87
11,67
11,70
11,91
12,15
12,67
12,62
12,36
13,25
13,56
13,62
13,87
13,71
14,40
14,78
14,22
14,32
15,63
16,62
17,91
17,71
18,85
18,84
18,50
18,41
19,80
19,27
19,73
19,56
19,65
19,77
20,72
21,80
21,70
21,66
21,62
22,93
22,86
23,71
23,69
23,38
24,74
25,44
25,31
25,61
25,26
25,43
25,47
26,70
26,35
26,88
26,89
27,45
27,63
27,70
27,52
28,78
28,75
28,62
28,34
29,81
29,60
29,47
30,93
30,84
31,72
31,77
31,34
32,37
32,85
32,51
32,63
33,90
33,63
34,83
35,44
35,67
35,89
36,68
36,44
36,57
36,84
36,80
37,67
39,83
39,82
39,79
39,45
42,53
43,67
43,89
43,54
44,75
44,55
46,82
46,53
47,71
47,52
48,86
50,74
50,59
50,72
50,67
50,71
51,76
52,78
54,81
55,91
55,92
55,89
55,73
55,81
56,79
57,75
57,63
58,84
58,87
58,66
59,92
60,65
61,76
61,83
65,75
67,84
67,69
67,79
69,87
70,77
70,87
72,92
74,76
75,80
79,92
82,83
84,91
88,90
