0,31
0,24
0,27
0,33
1,56
1,7
1,27
1,21
2,10
2,23
2,50
3,30
3,22
3,56
4,29
4,17
4,26
5,22
5,23
5,53
6,40
6,10
6,34
7,26
7,38
7,55
7,44
8,24
8,21
9,48
9,39
10,54
10,40
10,52
11,29
12,47
12,48
12,55
13,37
13,23
13,56
14,41
16,51
17,34
17,46
18,27
19,33
19,38
20,56
20,39
20,48
20,27
20,45
20,41
21,47
21,53
22,25
22,33
23,28
23,26
23,38
24,37
24,52
24,45
25,49
25,34
25,39
25,48
26,47
26,35
26,52
26,29
27,33
27,48
27,47
28,29
28,41
28,32
31,42
32,51
33,40
34,52
35,52
36,43
38,41
38,42
39,40
41,56
42,50
42,43
51,56
51,53
