1,74
1,24
2,33
2,10
3,82
5,38
5,15
6,19
6,27
7,76
8,39
8,46
8,56
8,29
11,79
12,29
12,17
12,66
13,27
13,61
13,66
14,69
14,44
14,24
15,80
15,47
15,35
15,30
16,46
18,59
19,26
20,21
20,50
20,38
21,67
21,63
21,61
21,43
22,44
22,80
22,79
23,26
23,72
24,74
24,73
25,37
26,78
27,66
28,33
28,59
29,52
29,32
30,72
30,45
31,60
32,58
32,52
33,53
33,54
33,70
33,73
33,76
34,68
34,71
34,61
35,69
36,82
36,70
37,82
37,46
37,62
38,40
39,67
40,53
40,80
42,67
44,63
44,74
45,58
47,74
48,63
49,76
50,58
50,62
52,53
52,65
55,58
56,75
57,73
57,77
60,78
60,72
63,74
63,79
63,73
63,75
66,77
67,77
68,70
71,73
74,75
81,82
