0,5
0,35
0,58
1,60
2,52
2,72
3,7
3,20
3,46
3,11
4,75
4,58
5,76
5,42
6,14
6,37
6,24
6,58
6,49
7,89
7,47
7,60
8,72
8,84
8,71
8,27
8,25
8,22
8,49
8,15
9,45
9,68
9,69
9,16
10,49
10,35
10,73
11,62
11,38
12,79
12,24
13,40
14,23
14,42
14,60
15,25
16,66
16,78
16,57
16,39
17,64
17,26
18,45
18,78
18,51
18,21
18,35
18,65
19,87
19,21
19,54
19,64
20,37
20,39
20,68
20,60
21,51
21,66
22,31
23,78
23,34
24,53
24,64
24,81
25,75
25,27
26,27
26,34
27,75
28,44
29,60
29,85
29,80
30,32
30,37
31,47
34,88
34,78
34,85
35,68
35,61
35,49
36,43
36,67
37,42
37,82
37,65
38,63
38,44
39,49
40,64
40,41
41,51
42,76
42,75
43,71
43,61
43,89
45,53
45,64
45,67
46,62
46,70
46,57
47,67
48,66
51,83
54,55
54,77
55,81
62,74
65,76
65,80
66,74
66,71
67,71
68,86
68,76
78,82
