1,16
2,89
3,45
3,20
4,47
4,36
4,62
5,88
5,42
5,57
6,58
8,80
8,27
8,63
9,39
9,56
9,18
10,47
10,31
11,25
11,61
11,33
11,75
12,21
13,14
13,48
14,45
14,61
14,25
15,32
15,21
16,59
16,42
17,45
17,32
18,32
18,34
18,64
19,49
20,50
20,57
21,35
21,71
21,69
22,56
22,25
23,87
23,54
24,43
24,88
25,60
25,69
26,52
26,40
27,40
27,70
29,48
29,33
31,47
31,82
32,35
32,47
33,78
34,35
34,66
34,83
35,86
35,56
38,82
39,56
39,71
41,79
42,78
42,44
43,45
43,89
47,86
50,77
51,81
51,86
56,81
56,84
56,57
59,82
61,88
62,74
67,77
68,82
70,88
71,75
79,86
83,84
