0,34
1,66
1,38
1,11
1,34
1,4
2,41
2,39
2,34
2,31
3,64
3,40
3,9
3,37
3,23
4,67
4,68
4,48
4,34
4,27
5,47
5,8
6,30
7,43
7,54
8,19
8,16
9,56
9,54
10,65
10,42
11,12
11,64
12,14
12,52
13,30
13,17
13,39
13,31
14,51
14,68
15,62
15,18
15,35
16,25
17,39
17,33
17,31
18,27
18,22
19,61
19,67
19,23
19,65
20,32
21,61
21,43
23,57
23,63
23,47
23,51
23,54
24,61
25,51
25,44
25,42
25,48
26,67
26,64
26,58
27,68
28,49
28,40
29,38
29,70
29,52
30,70
31,37
32,35
32,52
33,51
33,63
33,47
34,37
34,66
35,46
35,68
36,56
37,62
37,68
38,46
39,50
39,47
40,62
41,48
41,56
44,65
45,66
45,60
45,65
45,67
47,60
48,59
48,58
49,68
49,55
50,62
51,63
53,55
55,58
56,59
57,59
58,62
62,66
