0,14
0,20
0,45
1,11
1,49
1,60
2,41
2,15
2,4
2,58
3,27
3,18
4,17
4,8
4,53
4,23
5,6
5,51
5,57
6,33
6,32
6,40
6,59
6,30
7,49
7,15
8,61
8,12
8,40
9,24
9,16
9,10
9,12
10,40
10,50
11,46
11,16
11,32
11,40
12,48
12,58
12,18
12,33
13,46
13,22
14,39
14,59
14,49
14,56
14,26
14,65
15,17
16,45
16,23
16,17
16,65
16,52
17,68
18,23
19,56
19,36
19,39
20,28
20,24
20,56
20,39
20,53
20,37
21,49
21,25
22,40
22,58
23,65
23,39
23,49
23,57
23,41
24,47
24,60
24,48
24,34
24,31
25,31
26,41
26,67
26,70
27,68
27,40
27,44
27,55
28,36
28,45
28,32
29,53
29,40
30,48
31,61
32,43
33,58
34,69
36,64
37,42
37,44
38,53
39,61
40,57
41,64
42,63
43,58
43,44
44,50
46,62
46,55
47,50
48,68
48,53
50,57
51,68
51,56
52,55
54,55
54,65
61,63
63,65
