1,7
1,46
2,21
2,5
2,42
2,56
2,6
3,39
3,40
3,20
3,56
3,58
3,46
4,31
4,11
4,36
5,43
5,38
5,45
6,53
6,25
7,21
7,22
7,41
7,59
7,39
8,51
8,23
8,27
9,21
9,52
10,13
10,36
10,17
10,43
12,31
12,23
12,41
14,29
15,43
15,53
16,26
16,57
16,45
16,31
16,18
17,18
17,31
18,30
19,31
19,49
19,36
20,53
20,33
20,36
20,43
21,25
21,32
21,51
21,36
21,45
22,54
22,26
22,40
22,55
23,53
24,54
24,46
24,30
25,56
25,39
26,34
26,50
26,55
29,33
30,31
30,45
32,58
32,47
33,56
33,43
33,58
33,48
34,56
34,53
35,52
35,46
36,58
38,46
39,48
40,51
42,47
42,59
45,46
47,56
48,52
48,57
49,58
49,55
54,55
55,57
