0,32
0,37
1,4
1,52
2,21
2,50
3,32
3,11
3,4
3,29
4,13
4,24
5,29
5,50
5,21
6,16
6,12
6,10
6,41
6,31
6,20
7,42
7,36
7,24
7,20
7,52
8,40
8,28
8,9
9,13
9,44
9,22
9,27
10,32
10,37
11,46
11,21
12,45
12,42
12,29
13,45
13,20
14,30
15,27
15,29
15,51
15,39
16,30
16,24
17,23
18,22
18,47
19,42
19,25
19,45
19,22
20,39
20,40
21,33
21,40
21,22
22,37
22,38
22,39
22,28
23,49
23,37
24,53
24,25
24,37
25,48
26,44
26,49
27,29
27,51
28,41
28,48
29,42
30,46
33,42
33,48
33,43
34,35
35,46
36,39
36,51
38,48
38,43
43,53
43,46
43,50
52,53
