0,79
0,34
1,78
2,65
2,3
2,40
3,47
3,54
3,18
3,78
3,4
4,58
4,18
4,56
5,20
5,34
5,43
5,30
6,53
6,33
7,63
7,15
7,27
8,43
8,65
8,64
9,80
9,29
9,38
9,67
9,28
10,77
10,38
10,62
11,28
13,62
13,66
13,21
13,72
13,33
14,46
15,19
15,45
15,72
15,29
15,39
16,30
16,33
17,75
17,66
17,56
17,49
18,47
18,68
18,40
19,78
20,79
20,48
21,52
21,79
22,42
22,38
22,60
22,37
23,48
23,33
24,32
25,66
25,67
25,76
26,55
26,47
27,58
27,66
27,61
28,65
28,35
28,56
30,66
30,55
30,41
32,63
32,57
33,45
34,74
34,36
36,67
36,38
37,50
37,64
37,73
38,73
38,41
38,46
38,57
40,46
40,62
40,63
41,62
44,77
45,75
46,77
46,66
47,77
48,76
48,65
48,52
49,75
51,64
53,69
55,76
57,63
57,69
58,60
58,71
59,79
59,63
60,78
62,63
62,73
65,71
67,76
70,75
71,75
71,74
71,72
72,77
72,73
