0,8
0,1
0,18
1,9
1,11
2,59
2,62
2,53
3,13
3,54
3,22
4,44
4,51
4,15
4,66
4,55
4,45
4,47
4,52
4,13
5,14
5,61
5,39
5,22
6,54
6,62
6,36
6,7
6,56
7,44
7,24
8,14
8,66
8,28
8,54
9,55
9,10
9,61
10,57
10,33
10,30
11,35
12,26
12,66
12,40
13,64
14,39
14,40
14,15
14,26
14,30
14,49
15,56
15,38
15,29
15,41
15,40
16,27
16,40
17,61
17,45
18,24
18,55
18,59
19,65
19,64
20,55
20,28
21,39
21,25
22,30
22,31
22,45
23,46
23,60
23,43
23,63
23,50
24,51
24,44
24,27
24,53
24,56
25,44
25,40
25,47
25,37
26,58
26,45
26,33
26,32
28,54
29,38
30,51
31,56
31,48
31,52
32,33
32,52
33,48
33,53
34,53
35,61
36,49
36,61
37,47
38,49
40,43
40,62
41,60
42,65
42,53
43,44
44,50
44,49
45,47
47,65
49,51
49,65
49,55
51,52
56,61
59,63
60,62
62,63
