0,77
0,31
0,32
0,79
0,39
1,32
1,65
2,33
2,24
2,4
3,38
3,41
4,81
4,18
4,65
4,30
5,51
5,86
5,61
6,27
6,58
6,84
7,14
7,41
8,21
8,52
8,66
9,59
9,80
10,38
11,19
11,62
11,33
12,44
12,79
12,57
13,63
13,82
13,17
13,15
13,53
14,28
14,15
16,18
16,43
16,42
18,30
18,46
18,35
19,76
19,48
20,55
20,85
21,58
21,76
21,48
21,61
21,35
22,79
22,86
22,48
22,69
23,58
23,36
24,69
24,80
24,48
24,29
25,62
25,52
26,40
27,51
27,75
27,71
28,80
28,49
29,40
30,47
30,84
30,83
31,43
31,58
31,75
31,79
31,71
32,63
33,57
34,76
34,53
34,39
36,49
36,39
37,70
37,81
38,63
38,41
38,79
41,57
43,68
44,83
47,59
48,81
48,56
49,67
49,53
49,75
49,56
50,66
50,78
51,79
51,64
51,57
52,53
54,76
54,77
56,69
56,75
58,81
58,71
59,74
59,77
62,85
67,76
68,72
68,70
71,82
72,79
74,83
75,76
79,80
79,82
81,84
