0,15
0,14
1,5
1,26
1,3
1,7
1,61
1,16
2,51
2,14
3,22
3,38
4,51
5,7
5,59
5,67
5,62
5,61
5,10
6,42
6,7
6,18
6,64
6,11
7,62
7,26
7,40
8,18
8,16
9,38
9,17
9,11
9,29
10,44
10,15
11,32
11,19
12,37
12,21
12,58
12,23
12,63
13,53
13,22
13,56
14,40
14,50
14,34
14,46
14,45
15,59
15,60
15,43
16,26
16,67
16,30
16,20
17,27
17,49
18,61
19,64
19,46
19,54
20,64
21,31
21,53
21,46
22,48
22,26
23,52
23,28
23,66
23,60
23,56
23,26
23,32
24,65
25,62
26,31
26,44
27,37
28,54
29,57
30,54
31,42
32,45
34,48
34,36
34,53
34,65
34,46
35,54
35,62
36,38
36,41
36,46
37,38
39,53
39,55
40,61
41,61
42,47
42,62
43,67
43,49
46,65
48,53
48,61
49,57
49,59
50,61
51,52
54,61
55,59
57,67
60,67
