0,22
0,48
0,7
1,11
1,36
1,43
2,50
3,21
3,60
3,4
3,47
3,54
4,55
4,27
5,60
5,39
6,60
6,50
6,11
6,24
7,26
7,52
8,28
8,35
9,28
9,54
9,31
10,17
10,33
10,34
11,61
11,24
11,12
11,34
12,26
12,42
13,50
13,35
14,44
14,40
14,53
14,50
14,23
15,27
15,48
15,54
15,32
16,41
16,39
16,24
17,40
17,46
17,25
18,28
18,30
18,31
19,25
20,34
20,61
20,42
22,23
22,28
22,31
22,24
23,55
23,56
23,58
23,28
24,47
24,44
24,53
24,59
24,61
25,28
26,42
27,43
27,58
27,38
27,57
27,40
28,60
28,55
28,36
30,44
30,40
31,38
32,55
32,36
33,61
33,44
33,46
34,40
35,42
35,40
36,49
36,50
40,41
40,48
40,47
40,44
40,55
43,56
44,53
45,59
46,56
46,55
51,56
54,57
55,57
