0,15
0,8
0,11
0,35
1,2
1,39
2,11
2,34
2,58
2,12
3,31
3,16
3,24
4,42
4,53
4,29
4,51
4,48
5,12
5,10
5,32
5,59
5,45
5,15
5,27
5,39
6,50
6,57
6,32
7,53
8,48
8,9
9,43
10,18
10,33
11,52
11,45
12,56
12,38
13,28
13,25
14,45
14,26
16,38
16,30
16,42
16,44
16,28
16,17
17,28
17,20
18,36
18,39
19,28
19,46
22,35
23,24
23,28
23,59
24,41
24,49
25,43
25,52
25,58
29,30
30,33
30,34
30,49
32,35
32,39
33,34
33,52
33,57
34,41
36,55
36,47
36,40
36,58
37,58
39,55
40,46
40,48
41,56
43,45
44,59
44,50
45,57
47,48
48,55
50,55
51,52
52,58
53,54
53,56
