0,51
0,6
1,33
1,26
1,20
2,14
2,58
2,41
3,23
3,5
3,63
3,37
4,36
4,48
4,22
4,7
4,10
4,67
4,17
5,61
5,62
5,65
6,33
6,16
7,19
7,51
8,39
8,21
8,18
8,16
8,41
9,60
9,47
9,28
10,58
10,44
10,62
10,39
11,30
11,21
12,23
12,31
12,64
12,53
12,40
13,27
13,21
15,50
16,22
16,28
16,39
16,55
16,44
17,23
17,44
17,41
17,60
17,29
18,63
18,42
19,68
21,27
21,36
22,57
23,59
24,37
24,50
24,66
25,55
25,28
25,54
25,46
26,33
26,48
27,64
27,67
27,51
27,34
27,54
27,31
28,50
28,64
29,46
29,47
29,53
30,38
30,52
30,55
30,39
30,66
30,31
31,48
31,67
31,34
31,68
32,67
32,62
32,37
34,53
34,62
34,38
35,44
35,65
36,47
36,42
39,44
40,42
40,54
41,60
41,56
42,68
42,63
45,62
47,57
47,55
47,53
47,64
50,61
50,58
51,54
51,59
52,62
52,64
53,57
53,58
54,55
54,61
55,62
55,70
56,60
58,69
58,62
63,67
64,70
67,70
69,70
