0,67
0,70
0,69
1,15
1,65
2,17
2,38
2,55
2,54
2,49
3,79
4,82
4,59
4,58
4,8
4,51
5,77
5,34
5,76
6,16
6,31
6,23
6,41
7,11
7,73
7,93
7,50
8,84
9,63
10,40
10,78
10,37
10,63
12,91
12,19
13,57
13,55
14,24
14,69
14,78
14,93
14,25
15,64
15,60
15,23
15,54
16,24
16,39
16,89
17,85
17,53
18,53
18,34
19,85
19,81
19,90
19,70
20,31
20,65
20,60
21,75
21,31
21,39
22,50
22,24
23,58
23,86
24,47
24,43
24,49
25,91
25,26
26,58
26,75
26,66
26,55
27,81
27,30
27,49
28,85
29,71
29,53
29,39
29,92
30,48
30,38
30,88
30,77
31,37
33,91
33,92
33,65
33,57
34,35
34,51
35,61
35,50
36,85
37,76
37,75
38,64
39,55
39,59
39,76
39,73
40,46
40,81
40,56
41,75
41,86
41,51
41,64
42,51
42,90
42,55
43,80
43,90
44,91
44,70
44,83
44,45
45,87
47,57
48,59
48,65
49,74
50,77
51,85
52,79
53,93
54,64
55,77
55,74
55,69
56,86
56,80
57,68
58,64
58,77
59,82
60,63
60,69
60,74
60,83
61,77
62,76
64,66
64,91
64,88
65,88
65,89
66,76
66,73
67,74
68,80
69,87
69,85
70,90
72,91
72,80
72,92
73,88
73,82
74,88
74,82
75,91
76,78
77,83
81,84
81,82
82,87
