0,66
0,32
0,58
0,42
1,51
1,30
2,62
2,16
2,40
3,45
3,35
4,59
4,19
5,33
5,21
5,19
5,52
5,54
5,42
5,34
6,71
6,61
6,43
6,23
6,44
7,55
7,23
8,33
9,36
9,35
10,70
10,40
10,20
10,30
10,49
11,47
11,61
12,72
12,21
12,43
13,63
14,16
14,27
15,37
15,49
15,54
16,51
16,44
17,38
17,56
18,35
18,50
18,27
18,33
18,19
19,62
19,30
19,37
19,67
19,23
20,43
20,49
21,43
21,23
21,46
22,29
22,60
22,65
23,62
23,35
23,27
23,45
23,29
23,50
24,47
24,63
25,54
25,50
26,27
26,59
27,47
27,41
27,39
28,62
29,51
30,56
31,62
32,63
32,62
33,61
33,49
33,72
34,63
34,39
34,43
35,54
35,58
36,55
36,66
38,51
38,39
39,42
40,67
40,69
40,46
41,69
41,64
41,61
42,49
43,48
43,56
43,69
45,74
45,66
46,70
46,72
47,55
47,51
49,67
49,61
50,60
51,66
57,74
58,65
59,70
61,62
63,64
64,66
66,74
67,70
68,69
68,71
