0,11
0,14
1,62
2,56
2,51
2,61
2,71
2,86
2,92
2,8
3,47
3,8
3,69
4,37
4,5
4,81
4,63
5,86
5,52
6,40
6,82
6,46
7,74
7,38
7,86
7,61
7,59
8,44
8,39
8,90
9,84
9,34
10,26
10,40
10,65
10,72
10,30
10,63
10,16
10,64
11,71
11,24
11,49
11,54
11,63
12,49
12,64
12,91
12,68
14,50
14,47
14,92
14,54
14,30
15,57
15,84
15,51
15,24
15,73
16,76
16,24
16,43
16,79
17,43
17,84
17,27
18,32
18,58
18,70
18,80
18,71
18,47
19,38
19,37
19,51
19,46
20,59
20,52
20,62
20,68
21,24
22,60
22,56
22,50
23,53
25,90
25,67
25,44
25,71
25,72
26,47
26,58
26,45
26,43
27,84
27,43
28,29
28,50
28,37
28,53
29,89
29,43
29,64
31,55
32,64
33,34
33,90
33,55
34,87
34,54
35,89
35,70
35,87
35,83
35,82
36,53
37,87
37,82
38,60
38,51
39,71
39,79
39,57
40,89
40,69
41,78
41,65
42,79
42,69
42,51
42,61
43,90
43,58
44,71
45,60
45,83
45,65
45,76
46,81
47,51
48,71
50,71
50,85
50,52
50,75
50,78
51,67
51,61
51,84
52,72
52,70
53,72
54,70
54,69
55,60
55,68
55,59
56,76
56,72
56,60
56,87
57,88
57,81
61,82
62,81
64,78
64,81
66,71
66,77
67,91
68,71
68,87
70,91
70,90
73,88
74,86
75,93
75,88
76,77
85,89
86,87
86,88
