0,25
0,14
0,82
0,7
0,64
1,25
1,15
2,39
3,9
3,52
4,77
4,26
5,67
5,62
5,61
6,27
6,56
6,31
6,84
7,60
7,14
7,63
7,13
7,46
7,9
8,80
9,52
9,65
9,78
10,82
10,73
10,17
11,16
11,27
11,64
11,55
12,31
12,27
13,28
13,27
13,24
13,17
14,30
14,69
14,85
14,26
15,39
15,32
17,77
17,22
17,42
18,33
18,67
19,49
19,62
19,41
19,37
21,25
21,67
22,69
22,36
22,73
22,62
23,37
23,66
24,64
24,56
24,70
24,37
25,40
25,37
26,53
28,36
28,53
28,62
30,42
30,69
31,42
31,66
32,66
33,41
33,71
34,35
35,52
36,49
37,77
37,38
38,84
39,60
39,54
39,59
39,66
39,46
40,61
40,81
41,77
42,52
42,61
43,59
45,56
47,51
47,78
48,79
49,70
50,82
51,74
52,61
53,61
53,71
54,76
55,80
55,56
56,57
57,84
57,63
58,77
59,83
60,70
63,85
65,74
66,79
70,74
72,75
75,78
81,84
