0,52
0,85
1,42
2,16
2,86
2,95
2,91
3,43
3,56
4,53
4,95
5,51
5,16
5,13
6,41
7,75
7,59
7,8
8,40
8,25
8,32
8,86
9,49
9,31
9,77
9,48
10,76
11,35
11,59
13,28
13,20
14,76
14,44
14,88
14,31
15,71
17,45
17,76
17,48
18,69
19,82
20,58
20,83
20,38
21,36
22,91
22,61
23,64
24,35
24,83
25,85
25,39
26,60
27,78
27,66
27,62
28,84
28,77
29,49
31,45
31,73
32,93
32,48
33,40
33,70
35,55
36,44
37,80
37,78
38,70
38,77
39,63
40,56
41,59
41,45
41,87
42,51
43,46
44,50
44,68
45,71
45,49
47,81
47,71
48,85
50,62
52,77
53,72
53,92
54,83
54,64
54,90
57,74
57,65
59,83
60,77
60,62
62,73
62,77
63,83
63,78
65,74
66,92
67,85
68,79
71,89
72,74
73,92
74,87
74,91
74,77
77,88
86,95
86,89
87,88
