0,11
1,66
1,57
1,80
2,50
3,70
3,5
3,27
4,39
4,65
5,72
5,12
6,22
6,55
6,37
6,8
6,74
6,9
7,48
8,74
8,26
8,36
8,52
8,45
9,55
9,22
9,38
10,51
10,21
11,17
11,25
11,33
11,37
11,63
12,50
12,86
12,24
12,75
13,69
13,83
13,24
13,59
14,15
14,86
16,68
17,28
18,79
19,84
19,41
19,63
19,80
20,38
20,54
21,75
21,53
21,80
21,92
22,23
22,82
22,36
23,31
25,69
25,94
25,30
26,72
26,35
26,88
27,65
27,75
27,43
27,49
27,59
28,38
28,74
29,64
29,41
30,51
30,58
31,73
31,53
31,34
32,92
32,69
32,89
33,89
33,56
33,45
34,40
34,86
34,50
34,55
34,41
34,83
35,93
35,86
36,56
36,61
38,54
38,73
38,91
40,87
41,84
41,48
41,51
41,47
42,46
42,59
44,79
45,87
45,80
45,92
46,60
47,94
48,67
49,91
51,68
51,81
51,56
52,88
52,73
53,90
54,92
54,82
55,68
55,91
56,64
57,64
57,63
57,93
58,92
59,62
62,67
64,74
64,66
66,88
67,87
70,77
71,75
71,90
71,77
72,80
72,87
73,74
73,80
74,85
76,94
76,79
80,84
83,84
84,93
85,91
88,90
89,90
90,93
