0,38
0,66
0,15
1,46
1,17
2,33
2,43
4,22
4,61
4,5
5,32
5,72
5,78
5,65
6,36
6,79
6,55
6,7
7,55
7,58
7,53
8,35
8,34
9,77
9,31
9,59
10,60
10,68
11,54
11,51
11,45
12,53
12,45
12,62
12,65
13,32
14,15
15,24
15,29
15,71
16,37
17,29
17,49
17,44
18,31
18,73
19,52
19,44
20,43
20,40
20,61
20,53
20,78
21,56
22,62
22,74
22,73
23,31
24,53
26,33
27,33
27,68
28,76
29,67
30,72
30,31
30,40
31,68
31,56
31,42
32,75
32,38
33,40
33,41
35,56
35,72
36,46
36,60
37,45
38,77
38,71
40,78
40,50
42,72
42,47
44,64
44,75
45,63
47,56
47,65
47,74
48,52
48,50
49,51
50,69
53,58
53,61
54,57
55,72
55,76
55,69
57,79
57,74
59,62
60,61
61,72
62,76
71,73
77,79
