0,30
0,21
0,11
0,32
0,47
1,13
1,3
1,52
2,48
2,33
3,28
3,9
4,54
4,6
4,46
4,8
5,40
5,26
6,47
6,34
6,16
6,11
7,44
7,10
7,26
7,48
7,47
7,28
7,22
8,21
8,30
9,54
9,23
9,50
10,34
10,43
10,33
10,27
10,55
11,42
11,52
11,18
12,34
12,40
12,15
13,45
13,41
13,29
14,15
15,44
15,18
15,41
16,47
16,46
16,19
17,50
17,52
17,19
17,21
20,49
20,26
20,37
22,37
22,33
22,52
22,27
23,25
23,34
24,34
24,35
25,37
25,57
27,48
27,39
28,34
28,55
28,32
28,48
29,57
30,41
30,37
31,51
31,37
32,51
32,34
32,36
35,46
35,40
35,42
36,38
36,57
37,50
37,38
38,53
38,49
39,43
40,43
41,44
41,49
42,47
43,57
44,50
47,49
