1,81
1,74
1,45
1,75
1,16
2,43
3,15
3,53
3,45
4,16
4,82
4,84
4,77
5,78
6,49
6,33
6,52
7,72
7,83
7,36
8,31
9,76
10,36
10,67
10,77
10,63
11,82
11,38
11,57
12,15
12,62
13,45
13,67
15,25
15,23
16,18
17,37
19,71
19,58
20,83
20,69
20,53
23,68
23,49
24,72
24,71
24,74
25,73
25,76
26,37
27,55
28,37
28,70
30,72
30,79
32,51
34,73
34,62
35,76
35,78
35,39
35,72
36,42
36,82
37,39
37,52
37,82
37,45
37,47
39,70
40,45
40,55
40,53
41,75
41,48
42,48
42,52
48,79
48,84
49,74
50,78
51,59
51,67
53,59
54,73
54,70
55,56
56,81
59,74
60,83
60,62
60,72
61,62
63,74
72,79
73,84
73,75
74,77
77,79
