0,49
0,25
1,11
1,50
1,34
2,9
2,29
2,15
2,36
2,11
3,43
3,19
3,30
3,16
3,33
3,39
4,20
5,20
5,49
5,56
6,17
7,44
7,54
7,41
7,52
7,39
7,25
7,47
7,55
7,45
8,9
8,28
8,49
8,20
8,21
8,27
9,57
9,34
9,35
9,25
9,30
10,30
10,27
10,12
10,49
13,46
13,28
14,47
14,33
15,54
15,37
15,31
16,36
17,40
18,42
18,52
18,21
19,51
19,47
20,23
20,49
20,21
21,32
21,26
22,57
22,48
22,51
22,25
22,24
23,24
23,25
24,45
25,33
25,39
25,30
26,50
27,57
27,30
27,49
27,34
29,51
30,50
30,37
30,53
31,37
31,44
32,47
33,34
33,39
33,35
33,47
34,55
35,52
35,45
35,49
36,41
36,47
37,51
37,40
38,42
38,46
38,40
39,41
40,54
41,44
41,53
41,43
43,49
45,49
47,52
49,53
