1,72
1,25
2,49
2,4
2,3
3,41
3,18
3,60
3,72
3,42
4,46
4,45
4,48
4,17
4,29
4,25
5,15
6,25
6,67
6,34
6,62
7,24
7,43
7,25
8,24
8,14
8,51
8,50
9,26
9,24
9,56
9,51
10,54
10,49
12,15
12,39
12,68
12,17
12,27
13,15
13,41
14,46
14,35
15,30
15,35
16,74
16,21
17,53
17,28
17,46
18,55
18,43
19,71
20,23
20,38
21,61
21,66
21,46
21,35
21,48
22,54
22,60
23,66
23,27
24,66
24,63
24,42
24,39
24,33
25,27
26,53
27,70
27,74
28,49
28,31
29,39
30,48
30,31
31,64
32,73
32,37
32,65
33,71
35,56
36,60
36,57
36,68
36,64
38,46
38,58
38,55
39,46
39,74
39,50
39,52
41,70
42,47
42,51
42,63
43,51
44,55
45,51
46,64
46,63
47,60
47,59
47,69
47,48
50,63
50,60
50,72
51,68
54,63
54,64
56,73
57,66
60,73
62,63
