0,14
0,39
0,49
1,73
1,24
1,89
2,72
2,82
2,49
3,66
3,7
4,57
4,87
4,33
4,74
4,66
4,25
5,21
5,46
5,10
6,44
6,39
6,85
7,46
7,86
7,38
7,51
7,62
7,61
9,13
9,19
9,48
10,56
10,36
10,16
10,57
11,28
11,76
11,31
12,17
12,46
13,30
13,87
14,38
14,37
15,27
15,43
15,70
15,22
16,31
16,44
17,82
17,86
17,79
18,60
18,66
18,72
19,32
19,20
19,39
19,44
20,34
20,48
21,34
22,82
23,33
23,72
24,80
24,58
25,86
25,85
25,39
25,72
26,28
27,36
27,31
28,35
28,42
29,77
30,88
30,44
30,31
31,80
31,57
31,60
32,71
33,39
34,69
34,72
34,62
35,62
35,82
35,70
35,77
36,44
36,46
36,67
36,76
37,86
37,73
37,87
38,44
38,89
38,46
39,71
40,41
40,52
41,70
42,49
43,54
44,65
44,72
44,77
44,47
44,49
46,47
46,82
46,88
46,81
46,74
47,80
48,60
48,88
49,77
49,83
49,52
50,64
50,59
51,82
52,61
53,74
53,63
53,56
53,76
53,62
53,69
57,58
57,72
58,72
59,74
60,87
60,71
61,68
61,71
62,86
62,63
63,73
63,80
65,70
66,83
66,71
68,77
69,81
70,75
75,77
75,82
77,83
78,81
80,85
81,86
84,89
