0,21
0,56
0,66
0,53
1,56
1,66
1,63
3,28
3,24
3,37
4,52
5,10
5,64
5,28
6,48
7,30
7,50
7,13
7,45
7,66
8,24
8,15
8,48
8,19
9,59
9,16
10,12
10,56
10,54
10,33
11,62
11,66
11,42
12,41
12,31
12,37
13,39
14,58
14,44
14,27
15,25
15,52
15,27
15,26
16,42
16,57
16,38
17,65
17,27
17,58
18,47
18,54
19,44
19,46
19,40
19,45
20,62
20,56
20,61
20,35
22,39
22,45
22,26
23,42
23,27
24,27
24,59
24,35
25,59
25,52
25,56
25,45
27,37
28,51
29,35
30,56
30,47
30,64
31,42
32,49
32,40
33,45
33,63
35,54
35,37
36,56
37,57
38,49
38,53
38,50
39,49
40,50
40,54
40,51
42,59
42,53
42,44
42,43
42,50
43,64
43,50
45,46
46,48
47,48
47,61
49,58
50,51
50,55
52,55
53,56
54,58
55,57
60,66
