0,15
1,48
1,62
1,27
1,6
2,18
2,59
3,53
3,47
3,57
3,43
4,43
4,64
5,38
5,53
6,41
6,56
6,63
6,65
6,53
6,61
7,18
7,21
7,71
8,18
8,60
8,14
9,66
9,14
10,71
10,25
10,22
10,72
10,33
11,57
11,23
12,46
12,49
13,58
13,47
13,50
14,59
15,49
15,18
15,31
16,26
16,22
16,57
17,37
18,39
18,57
20,33
20,24
21,67
21,35
21,40
21,49
21,69
22,60
22,46
22,67
23,72
23,53
23,29
24,45
24,71
24,62
25,34
26,51
27,30
27,53
28,49
28,57
29,55
29,71
29,44
29,58
31,41
31,67
32,54
32,51
32,61
33,55
34,40
35,48
36,46
36,68
36,62
36,67
37,61
37,46
37,50
37,69
39,52
40,71
40,46
41,47
42,46
42,61
43,45
43,58
44,52
45,53
46,54
46,71
49,63
49,67
51,69
51,65
51,67
52,63
59,67
60,65
60,63
64,68
