0,57
2,74
2,48
2,39
3,52
4,78
4,72
4,14
5,21
5,8
5,78
6,30
6,65
6,69
8,51
8,27
8,18
8,56
9,79
9,78
9,68
9,13
9,59
9,60
10,21
10,19
12,45
12,21
12,64
12,25
15,35
16,33
16,52
17,61
17,79
18,67
19,58
20,73
20,35
20,22
20,37
21,48
21,59
22,31
23,44
24,72
24,65
25,65
25,41
25,26
26,76
26,68
26,55
27,57
29,59
29,35
29,72
29,43
31,33
31,55
31,40
33,52
34,79
34,36
34,65
35,44
36,80
37,76
37,77
41,75
41,51
42,53
43,71
45,54
46,67
46,61
49,63
51,59
51,57
52,66
53,68
57,73
57,69
63,75
63,80
64,77
65,77
78,80
