0,56
0,40
1,58
1,57
2,35
3,6
3,5
3,24
3,20
3,41
4,57
4,60
4,9
4,28
5,30
5,50
5,40
6,44
6,56
6,54
7,28
7,26
7,47
7,9
8,47
8,51
9,13
10,57
10,33
10,47
11,33
11,12
11,42
11,44
11,23
11,48
12,42
12,56
12,20
13,48
13,29
13,24
13,51
13,56
14,34
14,48
15,51
15,46
15,30
16,41
17,34
17,20
17,43
17,23
17,50
18,35
18,58
18,24
18,42
19,26
19,21
19,52
19,38
20,38
20,27
23,44
23,45
23,43
23,57
23,40
23,29
24,55
24,36
24,50
24,44
24,32
25,60
25,56
26,36
26,33
27,49
28,45
28,29
28,61
29,60
29,44
29,31
30,53
30,58
30,61
31,60
31,38
33,50
33,58
33,44
34,53
35,40
36,58
37,45
39,53
40,49
40,58
40,54
40,44
41,55
43,45
43,52
43,61
43,57
44,55
44,58
45,46
46,56
49,55
51,60
52,53
