0,60
0,40
0,34
0,80
1,29
2,25
2,14
2,67
3,80
3,16
3,47
3,4
4,34
4,56
5,65
5,36
5,21
5,27
6,89
6,24
7,57
7,15
8,67
8,25
8,26
9,28
9,68
9,50
10,66
10,76
11,25
11,78
11,15
12,75
12,17
12,51
14,72
14,31
14,34
14,24
14,82
15,52
15,26
15,28
15,86
16,19
16,22
16,42
16,39
17,37
17,67
17,18
17,39
18,22
18,75
19,42
19,68
19,28
20,73
20,27
20,23
20,52
21,74
22,55
22,48
22,45
23,64
23,82
24,45
25,62
25,88
25,61
26,75
26,67
26,51
27,66
27,72
28,50
28,63
28,83
28,72
29,38
30,63
31,65
32,65
32,76
33,84
34,76
34,36
34,72
34,73
34,89
35,66
36,77
36,42
37,54
37,82
38,84
38,42
38,49
39,89
40,49
41,65
41,71
41,68
42,88
43,57
44,82
44,56
45,84
45,77
45,71
46,65
47,50
48,88
48,87
49,74
50,54
50,81
53,73
53,86
54,64
55,74
55,64
56,72
56,76
57,81
57,59
57,65
58,65
59,61
61,86
61,85
61,75
63,87
63,64
65,76
65,75
65,90
66,74
67,88
67,90
70,90
71,76
72,90
73,90
75,83
80,81
81,82
82,83
