0,52
0,17
0,20
0,33
0,42
0,46
1,41
1,22
2,29
3,6
3,60
3,29
3,58
4,55
4,45
4,12
4,17
4,57
5,60
5,22
5,42
5,59
5,10
7,47
7,62
7,49
7,21
8,33
8,46
9,45
9,15
9,46
9,28
9,39
9,29
9,35
10,54
11,37
11,29
12,36
12,44
12,46
12,49
12,34
13,31
13,24
13,21
13,20
14,62
14,53
14,44
16,17
16,25
16,48
17,62
17,18
17,47
18,62
19,31
20,59
20,53
20,34
20,41
20,43
21,24
21,53
22,41
22,44
23,58
24,40
24,58
25,30
25,43
26,45
26,27
27,40
27,33
28,49
28,44
28,38
29,45
29,40
30,43
30,62
31,45
31,59
31,60
31,58
32,52
33,53
34,53
36,42
36,46
37,40
38,40
39,56
39,42
39,59
40,46
43,62
43,57
45,56
46,52
48,52
48,62
48,49
50,62
52,60
54,61
