0,10
0,21
0,66
0,24
0,54
1,10
2,26
3,6
3,75
4,54
4,60
4,72
4,42
4,29
4,56
5,44
5,75
6,50
6,37
6,77
6,60
7,24
7,39
7,68
8,80
8,46
8,16
9,80
9,63
9,24
9,77
10,53
10,46
10,15
11,15
11,30
11,17
13,71
14,42
14,72
14,77
15,37
15,28
15,18
16,75
16,62
16,80
17,23
18,21
18,37
19,45
19,55
21,76
21,68
21,74
22,27
22,45
22,30
22,62
23,63
23,30
23,38
23,42
24,55
24,64
24,46
25,49
26,75
27,78
29,46
31,65
32,57
33,50
34,73
36,40
36,51
38,76
38,54
39,51
39,76
41,80
42,55
45,74
47,59
47,70
47,49
48,49
48,55
48,56
49,62
50,72
50,73
51,57
52,57
53,67
54,72
58,61
59,65
69,81
70,79
72,79
74,75
76,80
77,80
79,80
80,81
