0,90
0,57
2,62
2,83
2,8
2,85
4,94
4,12
5,54
5,94
5,7
6,92
6,20
7,50
7,78
7,14
7,90
7,88
8,20
8,31
9,45
9,71
9,46
10,14
10,50
10,47
10,66
10,29
11,67
13,70
13,45
14,55
15,53
15,42
16,44
16,78
16,91
17,56
18,93
18,87
20,65
20,75
20,68
21,88
21,42
21,33
21,46
21,48
22,49
22,41
23,62
24,49
25,33
25,34
26,94
26,87
26,58
27,67
28,76
28,31
29,67
29,46
29,50
30,87
30,32
30,84
31,77
31,75
31,93
32,88
32,67
32,79
34,69
34,89
35,89
35,91
35,79
36,82
36,64
37,42
37,93
38,80
38,60
39,76
39,94
39,85
40,55
40,52
40,84
40,68
41,69
41,54
41,62
42,82
42,74
43,47
44,54
45,89
45,69
45,50
46,69
46,49
47,88
47,87
48,79
49,90
50,61
52,67
52,59
52,57
53,78
54,88
56,58
57,78
58,69
58,93
62,75
66,89
66,70
67,91
71,87
71,84
73,86
80,82
84,94
86,90
