0,10
1,8
1,63
1,40
1,54
1,36
2,3
2,39
2,55
2,40
2,77
3,35
3,25
4,49
4,67
4,9
6,25
6,49
6,64
6,37
7,22
7,71
7,57
7,53
7,56
7,76
8,64
8,76
8,34
8,32
8,33
9,47
9,40
9,16
10,69
10,37
10,47
11,24
12,78
13,24
13,52
13,66
14,18
14,34
15,40
15,65
16,26
16,32
16,43
17,22
17,72
17,57
17,39
17,75
17,42
18,22
18,45
18,77
18,34
19,40
19,72
20,65
20,37
20,21
20,47
21,26
22,50
23,39
23,68
24,27
24,44
24,29
24,70
25,38
25,33
25,32
25,59
26,71
26,35
26,68
27,76
28,40
28,55
28,36
28,56
29,78
29,31
29,64
29,39
30,55
30,60
31,37
31,67
31,63
32,57
34,48
35,61
35,38
36,48
36,67
36,64
36,51
37,75
38,42
39,65
39,47
39,73
41,52
41,72
41,44
41,50
42,60
45,51
45,74
45,58
46,65
46,49
47,71
47,77
47,59
48,68
48,54
49,76
49,75
49,63
50,74
50,76
51,52
52,63
54,66
54,68
54,59
54,78
61,71
63,73
63,68
65,67
67,78
75,78
