0,12
1,41
1,26
1,44
1,16
2,43
2,32
4,20
4,13
4,5
4,24
4,27
5,27
5,32
5,10
6,21
6,30
6,25
6,57
7,58
7,49
8,62
8,49
8,47
8,53
9,34
10,51
10,20
10,57
11,59
11,25
11,16
11,28
11,39
12,20
12,36
12,58
13,33
14,46
14,35
14,61
15,55
15,60
15,47
15,62
16,50
16,49
17,31
17,37
18,63
18,41
19,63
20,25
21,23
21,41
21,39
22,53
23,59
25,33
26,39
26,47
28,36
28,47
29,42
29,39
30,63
30,61
30,53
30,56
33,56
33,58
33,48
34,42
34,35
36,57
37,48
38,62
38,46
38,59
39,51
40,51
41,49
41,42
42,43
43,47
44,50
44,63
45,47
46,51
46,63
47,51
48,49
49,60
51,57
51,56
52,54
52,63
54,62
56,61
58,60
