0,1
0,9
0,27
1,30
1,52
1,4
1,46
1,11
2,58
4,77
4,74
4,37
4,51
4,52
5,75
5,10
6,35
6,17
7,45
7,34
7,12
8,43
8,25
8,49
8,31
8,37
9,17
9,27
10,44
10,28
11,18
13,38
14,68
14,41
15,73
16,65
16,79
16,60
16,63
17,55
18,75
18,31
18,21
19,25
19,40
21,57
22,43
22,38
22,67
23,69
23,34
24,66
24,59
25,38
25,76
26,77
26,32
26,42
26,79
27,39
27,67
28,38
29,60
29,52
29,46
29,66
31,34
31,39
32,73
32,51
33,52
33,78
34,74
35,66
35,44
36,54
37,73
37,53
38,59
38,69
39,61
39,58
39,42
40,76
40,64
41,78
41,56
42,46
43,52
43,56
43,65
43,72
45,79
46,79
46,74
47,50
49,68
50,72
51,63
51,65
51,56
52,69
53,56
57,67
60,71
61,67
61,63
64,67
65,76
66,79
67,79
67,77
67,75
68,74
71,74
75,77
