0,37
0,29
1,19
1,34
2,44
2,31
2,32
2,36
2,7
3,35
3,49
4,24
4,18
4,51
4,45
4,15
4,33
4,7
5,14
5,43
5,30
6,50
6,48
6,45
7,17
7,42
7,14
7,24
8,47
8,39
8,25
8,29
9,13
9,22
9,46
9,26
9,51
10,23
10,13
10,32
11,17
11,28
12,31
12,15
12,46
13,17
13,36
13,50
14,27
14,45
14,19
14,34
15,31
15,42
15,32
15,24
16,45
17,45
17,34
18,24
18,23
20,44
20,48
21,25
21,45
21,51
21,22
21,31
21,46
21,35
22,46
22,38
23,46
23,52
24,47
24,38
25,50
25,39
26,31
27,30
29,38
30,51
31,49
32,43
33,37
33,41
34,46
34,42
35,38
36,50
37,43
37,44
38,45
39,48
39,51
40,49
41,52
42,47
42,45
44,49
46,47
47,48
