0,8
0,60
1,41
1,31
1,12
2,68
2,51
2,57
4,69
4,19
5,24
6,47
7,69
7,42
8,27
8,52
8,71
9,17
9,32
9,35
9,57
9,22
10,49
10,45
10,53
10,37
10,69
11,59
11,22
12,57
12,36
13,67
13,54
13,41
14,53
16,42
16,26
16,44
16,37
17,45
17,67
17,57
17,23
18,52
18,33
19,23
19,41
19,25
19,55
19,45
21,49
21,47
22,45
23,67
23,25
24,71
24,37
24,34
25,45
26,70
27,71
29,54
30,69
31,69
32,40
33,43
34,64
35,61
36,52
38,64
38,56
40,57
41,52
41,63
42,63
43,44
43,47
44,62
44,60
44,68
46,67
46,59
46,61
47,71
48,59
48,53
50,67
51,71
51,59
52,53
53,55
53,60
54,55
55,69
59,60
59,69
61,66
62,71
69,71
