0,57
0,47
0,14
0,23
0,18
1,60
1,67
1,49
1,73
1,71
2,37
2,23
2,11
2,51
2,47
3,45
3,25
3,41
3,56
4,31
4,44
5,42
5,19
6,52
7,50
7,12
7,53
7,21
7,63
8,29
8,46
8,70
10,29
10,42
10,41
11,12
11,72
12,40
13,29
13,49
14,52
15,17
15,73
16,74
16,63
17,53
17,48
17,63
17,61
18,65
19,64
19,70
19,51
19,74
19,56
20,45
20,48
21,74
21,42
22,43
23,45
23,37
23,49
24,49
25,42
25,57
25,26
26,71
27,64
27,66
28,36
29,59
30,52
31,52
31,56
31,73
31,53
31,71
32,58
33,59
34,39
35,62
39,62
39,68
40,45
40,68
40,57
41,64
44,69
44,73
45,52
45,50
52,60
53,66
55,58
56,65
60,67
63,69
65,68
70,74
