0,9
0,40
0,77
1,2
1,45
1,18
1,19
1,62
1,24
2,68
2,3
2,8
3,42
3,29
3,4
3,74
4,72
4,28
4,30
4,60
5,28
5,58
7,62
8,69
8,37
8,19
9,51
9,56
10,14
10,48
10,44
10,50
11,77
11,31
12,74
12,57
12,60
13,57
13,62
14,29
14,38
15,66
15,44
15,77
15,30
16,59
16,32
16,57
17,58
17,30
17,18
17,65
18,24
18,74
19,75
20,42
21,67
21,45
21,37
21,73
21,50
21,26
23,57
23,76
23,60
23,30
23,25
24,56
25,47
25,72
27,51
27,70
28,49
28,48
28,40
29,56
29,48
29,45
29,31
29,65
29,30
30,64
30,32
30,52
32,59
32,52
32,60
33,53
34,37
34,76
34,44
35,78
36,49
37,55
37,42
37,39
37,63
38,63
39,64
39,65
40,76
40,63
40,46
41,60
41,46
42,52
42,66
43,54
43,70
44,58
44,60
44,63
45,48
46,77
46,58
46,61
49,65
49,52
52,54
52,77
52,69
53,64
53,61
54,77
55,66
55,58
56,72
58,66
59,68
59,69
59,75
61,72
61,68
71,73
71,75
