0,32
1,60
2,35
2,25
3,30
4,66
4,50
4,21
5,45
5,44
6,58
6,34
6,73
7,73
7,40
8,30
8,13
8,61
9,64
10,45
12,13
12,72
12,35
13,65
13,27
13,34
13,53
13,31
14,61
14,56
14,19
15,37
15,16
16,27
16,55
16,44
17,26
17,50
19,22
20,47
21,75
21,30
23,24
23,57
25,47
25,59
26,41
26,57
27,55
30,70
30,43
31,65
32,55
33,43
34,47
34,45
37,71
38,50
38,65
38,75
38,72
39,58
39,57
40,73
43,48
43,65
43,44
46,72
46,53
47,59
47,72
48,52
48,54
50,57
51,66
51,68
52,56
52,64
52,66
52,71
53,58
53,60
54,56
54,70
54,58
54,55
55,71
55,63
56,73
58,63
60,72
61,65
64,68
