0,65
0,24
0,12
1,30
1,70
1,4
1,68
1,74
1,29
2,50
2,64
2,54
2,32
3,74
3,8
3,67
4,23
4,11
5,21
5,55
5,51
5,65
5,63
6,86
6,10
6,8
6,32
6,51
7,67
7,81
7,79
8,17
8,47
9,68
9,20
9,40
10,76
10,34
11,62
11,74
11,65
12,78
12,38
12,19
12,33
12,60
13,25
13,27
13,82
13,70
14,62
14,80
14,58
15,26
15,29
17,75
18,46
18,42
19,50
19,27
19,75
19,23
21,61
21,37
21,48
21,84
22,60
22,48
22,78
23,87
23,69
23,79
24,87
24,74
25,85
25,58
25,68
25,64
25,81
26,30
26,39
26,65
27,48
27,57
27,58
28,52
29,72
29,36
29,81
29,40
29,30
30,59
30,50
31,62
31,38
31,55
32,37
32,68
32,62
32,40
32,52
33,45
33,79
33,44
33,36
34,41
35,37
36,49
36,74
37,44
38,64
38,72
38,88
39,52
39,45
40,64
41,45
41,58
41,74
41,71
43,44
43,85
44,45
45,53
45,67
45,81
46,60
46,75
47,60
47,65
47,57
49,86
49,58
50,81
50,77
52,87
52,73
52,78
53,77
53,85
54,88
54,56
54,68
55,58
56,84
56,60
60,67
61,87
61,70
62,79
62,68
63,65
63,85
65,78
66,72
68,78
68,86
72,84
74,89
76,78
81,86
83,87
