0,32
0,35
0,73
0,71
1,29
1,69
1,14
2,14
2,54
2,70
3,45
3,46
4,31
4,45
4,51
5,68
5,90
5,77
5,14
5,35
6,32
6,75
6,55
6,62
6,87
6,40
6,60
6,51
7,32
7,87
7,94
7,52
8,24
8,27
9,69
9,39
9,57
9,50
10,81
10,71
10,82
11,58
11,34
11,13
11,65
11,92
12,33
12,90
12,74
12,92
12,93
12,31
12,43
13,50
14,49
14,22
14,66
14,93
14,33
15,43
15,34
15,49
16,40
16,75
16,26
17,33
17,73
17,23
17,48
18,54
19,90
20,25
20,86
21,62
21,53
22,92
23,44
23,68
24,76
24,54
24,94
25,47
25,30
25,40
26,38
26,42
26,69
26,43
26,54
27,36
27,62
28,59
28,52
28,58
29,38
29,37
29,65
31,59
31,66
32,71
32,93
32,48
32,55
33,92
33,93
33,40
34,42
34,80
34,60
34,58
35,83
37,78
37,91
41,68
41,44
42,71
42,84
42,55
43,53
44,89
44,87
44,84
44,68
46,69
46,93
47,52
47,93
48,93
48,86
48,74
49,51
49,59
50,52
50,63
50,92
51,92
51,64
51,90
52,53
52,72
53,85
54,73
54,74
54,84
54,71
54,83
56,90
56,79
56,61
56,78
58,61
60,72
60,66
61,77
63,64
64,75
64,82
64,88
65,69
65,71
66,88
66,83
68,81
69,78
69,84
69,81
69,80
70,71
72,77
72,85
73,86
75,85
76,91
77,84
78,82
79,90
80,91
80,94
80,85
82,92
89,92
