0,23
0,56
0,54
2,36
3,38
4,43
5,40
5,47
5,76
7,21
8,22
8,41
9,37
10,87
10,22
11,62
12,71
12,64
12,13
12,54
13,86
13,83
14,34
14,64
15,19
17,22
17,57
17,76
18,52
19,62
19,55
20,88
20,48
21,36
21,92
21,26
22,35
22,27
23,49
23,85
24,35
25,69
26,52
26,27
27,31
27,79
28,55
28,87
28,86
30,65
31,48
32,80
33,67
33,92
33,91
33,52
34,91
34,68
35,85
35,47
36,45
36,70
36,84
37,77
37,67
38,49
38,64
38,63
39,40
40,83
41,74
42,78
44,56
44,67
44,79
47,72
47,68
47,86
48,84
50,93
51,58
51,74
52,75
52,65
54,65
54,88
54,85
56,88
57,80
58,93
58,70
59,62
60,63
60,75
60,76
61,82
61,84
63,64
64,78
67,79
69,76
70,93
75,81
79,80
84,85
