0,20
0,1
0,3
0,38
0,23
1,40
1,28
2,9
3,43
3,30
5,37
5,19
5,33
5,39
6,28
6,17
7,15
7,31
8,31
8,41
10,26
10,32
11,37
11,50
11,51
12,22
12,15
12,19
12,14
12,27
12,46
12,24
12,45
13,15
13,33
13,16
14,49
14,37
14,19
15,33
15,23
16,49
16,39
16,24
16,19
17,32
17,27
17,49
17,42
17,44
19,45
19,48
19,52
20,42
20,35
21,49
21,42
22,43
23,44
23,46
24,29
25,39
26,31
26,44
27,44
27,37
28,42
28,35
29,50
29,42
30,35
31,41
31,47
32,41
33,48
34,40
35,47
37,41
37,50
38,46
40,47
41,44
41,45
41,55
41,46
43,45
44,51
46,50
46,48
51,52
