0,80
0,92
1,62
1,96
2,56
2,13
2,23
3,82
3,59
3,22
3,56
4,83
4,79
4,94
4,13
4,9
4,27
5,30
6,34
6,86
6,50
6,14
7,73
7,53
8,76
8,30
8,17
8,60
9,94
9,80
9,43
9,29
9,70
9,82
9,49
10,56
10,40
11,63
11,93
11,48
12,75
12,71
13,40
13,75
13,67
14,58
14,98
15,72
15,37
15,98
15,85
15,30
16,60
16,83
17,83
17,20
17,49
17,69
18,76
18,33
19,86
19,68
19,27
19,31
19,48
19,71
21,77
22,56
23,41
23,26
23,45
24,96
24,93
24,41
25,89
26,84
26,63
26,93
26,32
26,64
27,42
28,30
28,80
28,54
28,41
29,86
29,54
30,49
31,47
31,41
31,84
32,72
32,57
32,76
32,40
33,78
33,75
34,36
35,38
35,65
36,65
36,58
36,51
37,61
37,43
38,81
39,78
39,59
40,51
40,59
43,53
43,81
44,64
44,88
44,63
44,96
44,45
45,76
45,92
46,61
46,78
52,89
52,77
53,67
53,68
54,90
55,96
56,76
56,65
56,72
56,85
57,88
57,83
59,75
60,87
61,78
62,86
62,89
64,84
67,85
68,69
68,82
69,88
69,83
71,77
73,85
81,96
82,96
82,86
85,96
85,93
86,88
87,93
87,96
87,92
89,93
