0,86
0,77
0,59
1,46
1,5
2,10
2,53
2,60
3,42
3,22
3,26
3,36
4,83
4,35
4,75
4,17
5,44
5,27
6,8
6,65
6,26
7,86
7,55
7,87
8,24
8,81
9,81
9,80
9,25
9,11
9,10
9,68
9,30
10,53
10,18
11,90
11,95
12,29
12,33
12,56
13,65
13,60
14,30
14,61
14,37
14,27
14,25
15,48
15,84
15,53
16,24
16,64
17,89
17,21
17,70
17,42
18,31
18,80
18,48
18,49
18,81
19,91
19,26
20,43
20,56
20,62
20,80
22,90
22,57
23,69
23,90
24,73
24,25
25,93
25,81
25,51
26,79
26,57
26,73
27,34
27,40
29,65
29,47
30,50
30,86
30,80
31,64
31,58
32,35
32,61
33,50
33,60
34,81
34,39
34,52
35,52
35,71
36,75
37,82
38,91
39,92
40,66
40,54
41,86
42,65
43,83
45,64
45,95
45,72
46,61
47,69
47,83
48,67
48,70
49,56
50,67
51,75
51,60
53,83
53,76
56,72
56,70
57,73
57,78
58,91
60,62
60,89
60,87
61,83
61,75
61,85
61,72
62,64
62,77
62,90
62,95
62,83
63,90
63,78
65,83
68,95
69,91
70,76
71,80
72,73
73,78
75,81
75,77
76,90
76,82
77,81
78,90
81,94
82,85
83,87
86,92
88,95
90,91
