0,52
0,17
0,68
2,64
2,61
2,79
3,83
3,31
3,57
4,80
4,33
5,84
5,34
5,7
5,61
6,29
6,54
6,19
6,46
6,53
7,16
7,82
7,64
7,43
8,75
8,46
8,42
9,23
9,39
9,81
10,52
10,31
11,56
12,31
12,25
12,20
13,46
13,14
13,25
14,18
14,56
15,46
15,56
15,52
15,64
15,32
15,85
16,31
16,42
17,83
18,39
18,37
18,43
18,70
19,84
19,22
19,70
19,42
20,58
21,39
21,36
22,43
22,61
24,78
24,67
24,77
25,27
25,75
25,78
26,73
26,69
26,28
27,51
27,57
27,69
28,46
28,42
29,47
29,70
29,79
29,66
29,41
30,64
30,35
30,49
31,36
31,32
32,56
32,74
32,58
32,43
33,50
33,46
34,39
34,40
34,52
35,63
35,75
36,81
37,54
38,70
39,70
40,67
40,79
40,77
41,85
41,76
42,82
42,60
43,45
43,76
43,78
45,52
45,63
45,80
45,59
47,52
48,58
48,69
49,85
50,76
50,60
51,62
51,74
51,79
52,73
53,76
54,58
55,62
55,75
55,69
56,67
57,72
57,63
57,62
58,73
59,73
60,64
60,77
64,75
65,85
65,70
66,69
78,81
