0,81
0,74
0,66
0,95
1,22
1,3
2,51
2,28
2,50
2,57
3,98
3,14
3,23
6,80
6,67
6,82
6,13
6,21
7,63
8,66
8,88
8,79
9,63
9,30
9,25
9,55
9,43
9,35
10,72
10,77
10,38
10,56
12,34
12,17
13,98
13,70
14,25
15,77
15,59
15,94
15,53
15,74
16,36
16,68
16,27
16,92
16,25
16,56
16,23
17,19
17,49
17,68
17,88
17,57
17,24
18,91
18,66
19,25
20,28
20,27
21,70
21,56
21,23
21,96
21,59
22,81
22,75
22,98
22,73
23,53
23,36
23,79
23,72
24,32
24,50
24,48
25,74
25,94
25,97
25,60
26,62
26,50
27,85
28,96
28,50
28,56
29,66
29,82
29,99
29,35
29,77
31,83
32,97
33,84
33,70
33,46
33,69
36,56
36,82
37,92
37,45
37,63
38,48
38,54
39,78
39,62
40,58
40,93
41,94
41,75
41,92
41,69
42,50
43,63
44,58
44,95
45,48
46,79
46,47
47,53
48,61
48,62
48,69
49,77
49,69
50,95
50,65
50,96
50,54
51,74
51,68
52,81
52,80
52,69
52,66
52,79
53,60
53,68
54,79
54,77
54,70
55,69
55,66
57,70
57,85
57,76
58,75
58,71
59,65
59,68
60,66
61,90
61,85
61,99
61,64
63,96
63,89
63,92
63,76
64,76
65,71
66,83
66,93
66,94
67,72
69,93
70,73
70,86
71,88
72,82
72,97
73,87
75,94
77,91
77,81
79,88
80,81
82,90
82,84
86,94
89,94
