0,25
0,6
0,57
0,26
1,10
1,5
1,26
2,43
2,35
2,32
2,55
2,3
2,45
3,7
3,42
3,4
3,43
3,16
5,45
5,12
6,11
6,56
6,46
6,44
7,27
8,34
8,26
8,59
8,43
8,20
9,44
9,17
9,22
10,48
10,57
11,64
11,24
11,48
12,59
12,58
12,24
14,51
14,43
15,51
15,52
16,46
17,64
17,62
18,27
18,40
18,57
19,64
19,40
20,62
21,56
21,37
21,29
22,45
25,33
25,29
25,30
28,40
28,38
28,57
29,61
29,57
29,48
30,39
30,57
30,54
31,51
31,61
32,45
32,52
33,40
34,46
35,42
35,61
35,45
37,51
38,60
38,53
38,59
38,45
40,49
40,41
41,46
42,49
42,58
42,55
43,49
44,49
44,51
47,59
49,64
52,64
53,62
54,63
54,60
55,57
56,63
