0,25
0,59
1,15
3,67
3,66
4,53
4,37
4,56
4,27
5,33
6,32
7,37
7,12
7,27
8,43
9,29
9,60
9,49
9,15
10,30
10,52
11,14
11,60
12,25
12,68
13,31
14,52
16,55
16,20
16,35
18,53
19,66
20,70
20,45
21,38
23,29
23,41
23,36
23,37
24,38
24,25
25,69
25,45
27,48
28,52
28,68
28,53
29,42
29,54
29,30
30,45
30,55
31,34
31,54
32,55
32,45
32,47
32,53
33,38
33,60
35,44
35,55
35,68
36,41
36,49
38,54
39,69
40,64
40,58
40,56
41,62
41,60
42,56
42,70
45,58
45,68
48,49
48,60
48,69
49,53
49,67
51,65
51,59
53,66
57,69
58,66
58,68
58,71
58,62
59,72
60,68
61,69
62,65
65,71
