0,83
0,4
0,6
0,63
1,29
2,25
2,52
2,13
3,27
3,25
4,56
5,39
6,14
6,21
6,58
8,21
8,14
8,30
8,65
8,47
8,11
9,18
9,20
9,46
9,83
9,80
10,77
10,28
10,78
11,19
11,76
12,40
12,39
13,54
14,74
14,58
15,42
15,75
16,61
16,20
17,55
17,70
17,58
18,73
18,75
18,36
18,40
19,44
19,50
19,81
19,73
19,24
20,25
20,81
21,29
22,27
22,77
22,37
23,50
23,79
23,43
24,41
24,35
24,53
24,38
24,81
25,27
25,50
26,75
26,72
26,76
27,77
27,33
28,61
28,68
28,75
29,35
30,46
30,70
31,43
31,64
32,81
32,64
32,39
32,68
32,47
34,39
34,44
35,77
35,66
35,48
37,48
37,46
38,42
38,67
38,73
39,46
40,83
40,73
41,74
42,58
42,75
42,81
42,63
42,77
42,50
43,76
43,86
43,48
43,59
43,74
44,85
45,50
47,67
48,73
48,50
50,51
51,81
51,56
52,83
53,54
53,63
53,71
54,70
55,65
55,63
56,67
57,65
59,80
61,65
62,67
64,73
65,66
65,67
67,72
68,81
69,72
71,85
73,85
77,78
