0,60
0,43
0,19
1,52
1,24
1,60
1,46
2,41
2,69
3,64
3,70
3,68
3,54
3,23
4,66
5,20
5,16
6,29
7,13
7,70
8,55
8,71
8,49
9,69
9,17
10,27
11,35
11,63
11,26
12,15
12,21
13,61
14,61
14,72
14,22
14,18
14,38
15,29
15,64
15,57
16,38
16,73
16,36
16,24
16,35
17,42
18,28
19,37
19,22
20,25
20,50
20,30
20,68
21,48
21,29
21,30
21,40
22,33
22,53
22,55
23,58
23,28
23,63
23,38
24,44
25,40
25,30
26,62
26,50
26,38
29,38
30,32
31,41
32,45
33,65
33,59
34,40
34,71
34,41
35,53
35,61
35,68
35,43
38,71
39,48
40,58
41,64
41,48
42,67
43,57
44,68
44,52
44,50
45,55
46,65
48,68
48,63
50,57
51,53
51,69
52,67
53,58
54,64
55,68
58,61
59,60
60,64
62,64
63,67
64,72
