0,17
0,14
1,19
1,25
1,48
2,31
2,46
2,35
2,40
2,15
3,19
3,36
3,40
4,22
4,30
4,6
4,17
5,21
5,25
6,49
7,46
8,20
8,32
8,16
9,48
9,41
9,40
9,19
9,10
9,20
9,31
10,13
10,23
10,49
10,43
10,21
11,49
12,29
13,30
13,37
14,48
14,17
15,46
15,21
15,42
15,16
15,18
16,26
16,27
16,31
16,30
16,45
18,48
18,30
18,41
18,36
19,25
19,29
20,26
20,21
20,35
20,28
20,36
20,48
21,24
21,37
23,25
24,34
25,31
25,26
26,36
26,29
27,37
27,28
27,39
28,32
28,44
28,35
28,48
29,49
30,36
30,31
31,32
32,45
33,48
33,39
33,38
33,34
34,36
35,36
38,45
39,48
39,46
46,48
