0,50
0,74
1,30
1,36
1,22
1,27
2,74
3,78
4,29
4,57
5,21
5,53
5,12
6,55
6,24
7,45
7,77
7,31
7,59
7,51
7,16
7,46
8,67
8,18
9,17
9,75
10,79
10,16
11,61
11,44
12,38
13,65
13,48
13,36
13,31
14,28
14,17
14,20
16,47
17,61
17,57
17,40
18,61
18,71
19,27
19,58
19,41
19,70
20,27
20,76
20,80
20,26
21,81
21,22
23,50
23,26
23,76
24,27
24,79
25,28
25,54
26,29
26,67
26,60
26,78
26,33
27,54
27,41
27,29
29,31
29,80
29,33
29,41
30,47
32,75
33,40
34,53
34,76
35,72
36,59
37,73
37,52
37,69
37,39
37,46
38,72
39,54
39,63
39,49
39,68
40,43
41,65
41,75
42,60
42,56
43,50
44,65
44,62
44,72
45,56
46,69
46,52
48,60
48,62
48,71
49,56
49,80
50,63
50,78
50,69
51,57
51,67
52,57
52,81
53,76
54,73
55,78
57,62
57,63
58,60
61,73
62,73
64,74
70,81
70,71
71,72
71,78
73,76
74,76
75,79
