0,6
0,69
0,50
0,46
1,45
1,22
1,31
1,60
2,62
2,11
3,69
3,66
3,37
3,75
4,25
4,20
4,71
6,28
7,50
7,64
7,41
7,44
7,77
8,71
8,62
8,76
9,41
10,29
10,55
11,44
12,43
12,34
12,59
12,55
13,34
13,66
13,56
13,23
14,63
14,38
15,52
15,21
16,69
16,59
16,35
16,30
16,28
17,56
18,43
19,36
19,59
20,59
21,24
21,76
21,63
21,39
22,52
23,61
23,39
23,60
23,35
24,38
25,68
25,44
25,60
26,75
26,30
27,77
27,54
27,70
28,73
28,67
28,66
28,44
28,76
29,38
30,36
31,50
31,70
31,32
32,66
33,76
33,40
33,47
34,63
34,38
35,49
36,57
37,40
38,47
39,69
42,62
42,54
42,48
43,61
43,69
43,70
43,72
44,48
45,55
45,58
47,59
47,53
47,61
50,63
54,64
63,77
64,65
65,66
70,72
71,74
72,76
