0,18
0,40
0,50
0,14
1,26
2,29
2,48
2,17
2,6
3,46
4,13
4,5
4,32
4,46
5,21
5,52
6,49
6,26
6,17
6,28
6,29
6,45
6,46
7,36
7,34
7,11
7,13
8,21
8,49
9,25
9,13
9,26
9,49
9,27
10,21
10,45
10,52
10,40
11,43
11,19
11,27
12,13
12,49
13,34
13,46
13,25
13,51
15,47
16,49
16,42
17,27
17,51
17,23
18,49
19,21
22,53
22,39
22,25
23,36
23,27
23,40
24,52
24,39
24,28
25,48
26,50
28,48
28,42
28,34
29,45
29,42
30,45
30,39
31,51
32,48
33,44
33,45
34,53
34,42
35,41
35,52
36,52
37,39
38,42
38,41
39,42
40,52
41,43
41,42
43,54
43,48
43,52
44,50
45,51
45,49
