0,9
0,36
0,51
1,52
1,11
2,41
2,23
3,11
3,42
3,41
3,53
3,10
4,57
4,46
4,16
4,49
5,13
5,24
5,11
5,47
6,46
6,54
6,56
6,9
6,45
7,25
7,56
8,55
8,49
9,52
9,29
10,44
10,53
11,25
12,24
12,39
12,18
12,35
13,21
13,33
13,47
13,34
14,20
15,23
16,42
16,19
16,28
16,36
17,46
17,45
18,38
18,53
18,24
18,46
19,56
19,44
20,23
20,41
20,43
21,43
22,43
23,54
23,57
24,49
25,42
25,44
25,38
25,50
26,38
26,48
26,47
27,57
28,52
31,48
31,50
31,36
32,41
33,41
33,34
33,56
36,38
36,43
36,56
36,50
37,57
39,45
39,47
41,48
42,50
43,44
44,47
50,57
51,52
51,54
52,55
52,53
