0,19
0,5
0,25
0,42
1,69
1,68
1,89
1,63
1,24
1,22
1,85
2,69
2,84
2,26
2,86
3,43
3,84
3,16
3,61
3,11
4,56
4,49
4,63
4,93
4,87
5,19
5,15
5,27
5,44
6,78
7,59
7,82
7,83
7,51
7,70
8,14
8,31
8,38
8,79
9,37
9,57
9,74
9,84
10,83
10,53
10,45
11,52
11,15
12,82
12,87
12,88
12,72
12,43
12,21
13,91
13,14
13,27
13,74
14,72
14,80
14,78
15,84
15,50
16,66
16,42
17,94
17,25
18,59
18,38
18,86
19,55
19,64
19,77
20,80
20,74
20,68
21,35
21,98
21,26
22,23
22,89
23,28
23,59
23,70
24,96
24,39
26,41
26,43
26,42
27,30
27,78
27,88
28,39
28,36
28,87
28,84
28,75
28,82
29,90
29,91
29,94
29,73
30,94
30,92
31,56
31,81
31,68
31,78
32,56
32,65
33,71
33,48
33,91
33,98
35,58
35,44
35,64
36,90
36,64
36,82
37,52
37,79
38,60
38,79
39,87
40,82
40,70
40,47
41,96
42,79
43,53
43,85
43,81
44,96
44,45
45,90
45,47
46,90
47,94
47,59
48,56
48,70
48,57
49,66
49,57
49,85
49,58
49,61
50,63
50,59
50,97
51,52
51,59
52,96
52,68
52,80
52,64
52,81
53,62
55,92
55,85
55,95
57,95
57,68
59,95
62,69
62,70
62,95
62,81
63,76
63,96
65,74
65,92
66,86
68,72
68,69
69,95
69,85
70,80
70,94
72,76
73,74
76,89
76,95
77,87
77,84
81,93
81,95
82,94
82,90
82,98
85,95
87,96
90,91
93,97
94,97
96,97
