0,9
0,54
0,62
1,68
1,57
1,78
2,20
2,37
2,13
3,69
3,67
3,4
3,81
3,45
4,27
4,22
4,72
4,63
4,14
5,65
5,71
6,20
6,81
6,51
6,7
7,17
7,12
7,60
7,79
8,12
8,33
8,44
8,19
8,46
8,17
9,25
9,57
9,24
10,33
11,42
11,40
11,45
11,59
12,73
12,47
12,42
13,36
13,32
13,14
14,23
14,28
15,31
15,65
16,33
16,69
16,77
18,79
18,25
19,34
19,24
19,52
20,24
20,31
22,57
22,82
23,52
23,47
23,45
23,51
24,73
24,55
24,60
24,33
25,73
26,36
27,47
27,28
27,64
27,82
28,42
28,59
28,49
29,57
29,50
29,73
29,59
29,68
29,49
29,54
29,78
30,58
30,46
31,33
31,78
32,65
32,34
33,74
33,43
34,65
34,42
34,72
34,76
35,73
35,76
36,47
36,64
36,50
37,70
37,73
38,51
38,43
38,71
39,74
39,47
40,63
40,54
42,82
43,51
45,57
45,56
45,51
46,58
46,69
47,48
48,75
49,78
50,61
50,62
50,60
51,81
51,75
51,72
56,65
58,61
58,75
59,65
59,68
64,80
65,73
65,80
66,80
67,74
68,76
68,81
69,83
73,76
75,83
75,81
79,82
80,81
