0,73
0,46
0,28
0,88
1,14
1,24
2,5
2,24
2,73
2,17
3,13
3,43
3,42
4,48
4,27
4,86
5,81
5,37
6,55
6,58
7,59
7,12
7,72
8,77
8,48
8,57
8,9
8,78
9,27
10,77
10,42
10,90
11,70
11,58
12,63
12,52
13,62
13,21
13,24
13,20
13,90
13,88
14,80
15,75
15,78
16,60
16,21
16,66
17,32
17,45
17,55
19,72
19,49
19,90
19,39
20,61
20,55
20,67
21,25
21,66
21,82
21,51
21,22
21,50
22,76
23,61
23,48
24,81
27,49
27,36
28,61
28,53
28,38
28,68
29,48
29,52
29,32
29,86
30,54
30,39
32,63
32,35
32,60
32,42
32,74
33,52
33,81
34,65
34,35
35,37
35,53
35,70
35,77
36,51
36,79
38,59
38,73
38,85
38,67
38,57
38,58
38,43
40,63
40,55
40,73
42,83
43,84
44,89
45,52
46,50
46,73
47,84
47,73
49,66
49,70
50,60
50,58
53,70
54,57
55,64
56,71
58,74
59,65
59,78
61,83
61,84
63,68
63,71
65,80
66,86
66,90
67,87
67,78
68,75
69,76
70,86
70,79
70,84
72,86
75,86
76,81
78,87
81,88
