0,12
0,56
0,36
0,57
1,25
1,3
4,17
4,51
4,43
4,40
5,11
6,45
6,7
6,49
6,11
6,38
7,29
7,62
8,52
9,41
9,25
11,23
11,58
11,35
12,13
12,24
12,53
13,33
14,22
14,43
14,23
17,39
17,18
17,23
17,33
17,56
17,27
19,46
20,54
20,22
21,46
21,54
21,44
22,59
23,37
24,46
24,36
24,40
25,59
25,40
25,48
25,43
25,56
25,42
26,42
26,54
27,30
28,47
28,62
29,56
29,58
29,47
30,35
31,57
31,33
32,44
33,48
34,39
34,55
34,41
37,38
38,60
39,61
39,60
41,61
41,60
42,57
42,59
43,51
43,44
43,58
44,56
46,61
48,55
49,60
49,53
51,52
52,58
55,60
