0,56
0,82
0,84
1,36
1,46
1,25
1,9
2,14
2,57
2,20
3,47
3,82
3,23
3,85
4,34
4,37
4,35
4,6
4,63
5,14
5,54
5,30
5,23
6,43
6,26
7,22
7,58
7,29
8,69
8,70
9,42
9,38
9,44
10,65
10,90
10,71
10,78
10,79
10,73
10,84
10,18
11,90
11,47
12,88
13,85
13,35
13,39
13,74
13,42
16,32
16,65
16,78
17,24
18,76
18,90
18,37
18,78
19,67
19,24
19,70
19,55
19,69
19,45
20,79
20,94
20,35
20,34
22,90
22,83
22,76
22,94
23,71
23,24
23,47
24,47
24,82
24,48
24,59
24,32
25,74
26,70
26,49
26,83
26,33
27,69
27,51
27,43
27,57
28,52
28,30
28,39
28,31
28,86
28,57
28,90
29,73
29,46
29,82
29,38
29,76
31,92
31,34
31,66
32,41
32,56
32,62
32,63
33,42
33,89
33,56
34,91
34,94
35,73
35,80
36,70
36,77
37,84
37,57
38,60
40,57
40,84
41,75
42,94
42,78
43,57
43,72
43,48
44,65
44,50
45,78
45,73
45,93
46,76
47,51
48,72
49,54
49,66
50,73
51,60
51,94
52,63
53,68
54,67
54,92
55,62
55,84
55,80
56,90
57,68
57,76
57,60
57,85
58,64
58,92
58,88
58,78
59,77
59,82
59,72
59,67
60,88
61,76
61,89
62,71
63,67
63,90
63,80
66,90
66,72
66,76
66,80
67,79
67,88
68,72
68,77
69,83
69,90
69,76
70,83
71,78
71,76
71,73
71,91
71,92
75,82
75,88
76,79
76,87
80,88
