0,14
0,47
0,69
0,40
1,15
2,25
2,23
3,18
3,22
3,17
3,46
4,55
4,18
4,56
4,30
4,13
5,8
5,25
6,56
7,52
7,62
7,42
7,55
7,37
7,74
7,45
9,49
9,25
10,30
11,48
11,45
11,12
12,69
13,23
13,14
13,20
13,25
13,58
14,42
14,36
14,24
14,44
15,75
15,43
15,56
15,64
16,23
16,75
16,40
16,42
17,35
18,30
19,53
19,74
21,58
21,73
22,47
22,39
22,27
22,52
23,43
24,56
24,63
24,73
24,70
25,48
25,50
27,67
27,39
28,67
29,49
29,66
29,46
30,50
30,55
31,36
31,46
32,53
33,43
33,73
34,70
35,46
35,39
35,72
36,71
36,39
36,53
38,57
39,68
39,46
40,50
40,42
40,54
42,43
44,68
45,58
50,72
51,57
55,70
55,64
56,72
56,67
57,75
57,66
59,75
60,68
61,75
62,75
63,69
64,74
66,75
68,71
