0,8
0,73
0,63
1,56
2,51
2,19
2,56
3,67
3,13
3,21
4,81
4,74
5,24
5,34
6,62
6,51
7,35
8,43
8,30
8,59
8,15
9,62
9,64
10,32
10,61
10,36
12,38
12,34
13,41
13,38
14,20
14,71
15,24
16,37
17,78
17,60
17,32
18,78
19,25
20,78
20,61
24,80
24,32
24,65
24,54
26,85
26,28
26,56
27,35
27,33
28,66
29,40
30,84
31,33
32,84
32,76
33,85
33,53
33,66
34,37
34,36
34,76
34,48
36,69
37,78
37,53
38,54
38,51
38,50
39,89
40,70
41,74
42,52
44,77
47,59
47,65
48,55
48,77
49,61
50,76
55,74
55,76
55,63
56,87
57,83
57,59
58,62
63,77
63,80
66,78
72,82
76,88
79,86
86,88
