0,66
0,53
0,5
0,69
1,57
1,43
1,3
1,29
2,5
3,47
3,11
3,52
3,41
3,51
3,34
4,52
4,6
4,36
5,37
5,7
6,36
6,11
6,63
6,33
7,64
8,66
8,48
9,19
10,34
10,56
10,62
10,31
11,38
12,66
12,20
13,32
13,18
14,63
14,58
14,31
15,63
15,29
16,64
16,34
17,66
17,30
17,34
17,21
18,28
18,25
19,39
20,62
21,65
22,68
22,25
22,54
23,61
23,42
23,45
24,25
24,67
24,56
25,59
25,54
25,68
26,51
26,43
27,56
27,34
28,69
28,60
29,37
29,44
30,69
30,55
30,52
31,32
31,39
31,45
31,38
31,44
32,53
33,42
33,68
33,34
34,64
34,39
34,38
35,37
35,56
36,56
37,61
39,40
40,47
40,69
41,58
42,56
42,50
42,67
43,67
44,62
45,47
45,54
45,57
47,68
47,54
47,58
51,68
51,53
51,65
51,52
57,69
58,69
60,64
