1,83
2,41
2,7
4,70
4,11
5,89
5,77
6,91
6,52
7,82
7,71
7,84
7,37
7,59
8,87
8,39
8,34
9,70
9,37
9,38
9,17
9,24
10,66
11,29
11,77
12,54
12,64
12,61
14,23
14,81
15,38
15,73
15,17
15,85
15,80
16,85
17,30
17,75
17,62
18,23
18,78
20,72
21,47
21,34
22,26
23,80
23,54
23,86
23,48
23,44
24,35
24,47
24,64
24,68
25,40
25,67
26,28
26,46
27,80
30,72
30,87
32,74
32,82
32,64
32,35
33,72
33,54
33,36
34,82
35,85
35,79
35,82
36,79
37,70
38,82
39,59
40,51
41,61
41,57
42,58
42,68
43,50
45,71
45,49
46,80
46,71
46,89
46,51
47,85
50,94
51,85
53,90
54,78
56,80
58,65
59,88
60,87
65,75
69,87
70,85
73,84
74,78
75,92
77,93
80,83
82,93
82,83
84,96
85,96
88,92
89,91
