0,1
0,15
0,34
0,39
1,35
1,7
1,31
1,30
1,16
1,24
1,44
1,34
1,4
2,17
2,41
2,4
2,11
3,47
3,15
3,24
4,11
4,12
4,19
4,16
5,26
5,31
5,14
5,8
6,7
6,32
7,40
7,42
7,9
7,50
9,27
9,29
9,41
10,20
10,35
11,17
11,45
11,43
12,38
12,43
12,28
12,18
13,18
13,16
13,27
14,43
14,41
14,27
15,42
15,16
16,34
17,18
17,25
17,21
17,49
19,38
20,42
21,35
21,39
21,37
21,31
22,40
22,44
22,35
23,35
23,36
24,50
24,27
25,34
25,30
26,33
26,28
26,49
26,39
27,34
27,33
28,29
29,47
29,50
30,37
32,36
34,49
36,41
36,39
38,47
39,47
39,50
40,41
41,48
43,46
