0,34
0,55
0,14
1,27
2,9
2,11
2,46
4,19
5,69
5,47
5,43
6,15
6,57
6,30
6,29
7,56
7,60
8,43
8,36
8,15
8,42
9,65
9,62
9,29
10,12
10,69
10,30
10,42
10,70
11,39
11,29
11,42
11,54
12,51
12,49
13,63
13,41
13,43
14,37
14,72
14,56
14,15
14,51
15,57
15,71
16,75
16,43
16,53
16,27
16,59
16,41
17,56
17,23
17,48
17,41
18,68
18,51
19,56
19,70
20,60
20,48
20,65
20,72
21,33
21,27
21,34
21,48
22,67
22,65
22,44
22,68
23,54
26,54
27,30
27,56
27,69
29,37
29,45
30,63
31,59
31,47
32,68
32,54
32,61
33,64
33,53
33,72
33,73
34,72
34,69
34,48
34,41
34,43
34,64
35,68
37,57
37,42
38,58
38,42
41,53
42,60
42,69
43,60
44,61
45,68
46,64
48,67
48,75
51,56
53,69
53,54
53,70
53,58
54,59
54,66
57,74
58,59
59,60
66,69
