0,14
1,19
1,57
1,41
1,18
2,27
2,39
3,55
3,63
3,38
3,66
4,45
4,64
4,6
4,11
5,45
5,72
5,27
6,42
6,28
6,78
6,40
6,37
6,19
6,15
7,44
7,26
7,18
7,76
8,67
8,34
8,25
8,50
8,18
8,37
10,47
10,49
10,45
10,58
10,71
11,65
11,72
12,22
12,66
12,50
13,25
13,68
13,60
13,58
14,15
14,29
14,46
14,61
15,44
15,22
15,72
15,49
15,63
16,62
16,61
16,32
16,24
17,36
17,76
17,74
18,24
19,69
19,33
19,56
19,53
22,73
22,46
22,65
23,30
23,49
24,62
25,68
25,32
25,29
26,27
26,75
27,59
27,29
27,35
28,67
28,32
28,76
28,44
30,55
30,73
30,63
30,70
32,47
32,46
32,64
32,45
33,56
33,70
33,76
34,53
35,72
35,67
36,60
36,61
36,52
37,76
38,54
38,70
39,65
40,58
41,57
43,62
43,61
44,47
44,75
47,64
48,67
48,77
49,74
49,51
50,71
52,55
52,74
52,70
53,60
53,64
53,68
54,74
56,61
56,62
57,60
58,60
60,70
61,78
63,65
70,71
72,74
74,79
