0,58
0,31
0,6
0,18
0,59
0,76
0,19
0,12
1,61
1,68
1,59
2,48
2,81
2,36
3,6
3,83
3,82
4,32
4,44
4,84
5,45
5,6
5,19
5,77
6,22
6,31
6,42
6,23
6,41
6,68
6,77
6,29
7,50
7,78
7,59
8,61
8,72
9,43
9,84
10,36
10,76
10,65
11,72
11,66
11,86
12,31
12,59
12,84
12,86
12,24
12,54
12,34
12,56
13,24
13,26
13,55
13,63
13,21
13,85
13,71
14,86
15,54
15,49
15,75
15,39
16,59
16,86
16,40
16,52
17,48
17,34
17,19
17,63
18,42
19,50
19,26
19,28
19,44
19,73
19,40
20,50
20,61
21,23
22,57
22,80
23,28
23,71
23,70
23,66
24,27
24,40
25,79
25,73
25,38
27,76
27,64
27,33
27,80
28,29
28,35
28,40
29,33
30,35
30,34
30,66
31,50
31,54
31,77
32,34
32,45
33,49
39,71
40,68
40,80
40,70
41,50
41,68
43,47
43,69
44,63
44,71
44,73
45,84
46,60
46,49
46,84
47,66
49,70
50,72
51,67
51,69
51,77
52,78
52,74
53,68
54,81
54,64
55,79
56,63
56,68
57,74
58,80
59,82
59,83
60,81
60,75
61,63
64,75
64,82
65,71
81,86
