0,83
0,48
1,4
1,97
1,95
1,39
2,72
2,54
3,86
3,31
4,66
4,73
5,93
5,48
6,72
6,15
6,43
6,50
7,26
7,77
8,90
8,37
9,98
9,37
9,23
11,33
11,64
11,16
11,52
11,82
11,62
12,65
13,46
13,98
13,56
13,30
13,70
14,56
15,79
15,91
17,52
17,73
18,32
18,45
18,52
18,92
19,73
19,90
19,95
19,59
19,47
19,97
20,30
20,57
20,37
20,81
20,33
20,47
21,55
21,40
21,78
21,50
22,93
22,74
22,86
22,27
23,88
24,88
24,42
25,73
25,58
25,31
25,41
25,46
26,70
26,43
26,64
27,44
27,61
27,78
28,42
28,62
29,76
29,85
30,34
31,87
32,98
33,46
33,53
33,87
34,98
34,42
34,59
35,48
35,43
35,60
35,62
36,49
36,97
37,79
37,47
38,49
38,46
40,71
40,64
42,98
42,77
42,53
42,66
42,84
42,45
43,82
44,77
45,92
45,59
45,64
46,69
46,86
46,75
48,87
49,59
50,67
50,57
52,77
52,87
56,62
57,63
57,85
58,87
61,75
61,68
62,99
63,79
66,93
72,89
73,82
74,95
75,93
77,89
79,80
80,86
84,93
85,99
86,88
87,94
87,99
89,93
90,96
94,97
