0,25
0,29
0,43
0,20
0,50
1,64
1,22
1,77
2,58
2,67
3,49
3,63
3,23
3,34
3,77
4,69
4,5
5,48
5,32
5,31
5,69
6,72
6,17
6,56
6,53
6,76
7,20
7,35
7,14
7,47
8,81
8,47
8,69
10,36
10,60
10,17
10,14
10,40
10,11
11,19
11,54
11,59
11,83
11,65
11,53
11,47
11,52
12,74
13,82
14,70
14,42
14,32
14,51
15,62
15,20
16,59
16,38
17,39
17,65
18,32
18,46
18,27
19,78
20,60
21,46
21,28
21,70
21,75
21,43
21,61
21,42
22,56
22,69
22,59
22,81
23,33
23,65
25,60
25,78
25,36
26,68
26,75
26,79
27,68
27,67
27,51
27,65
28,35
28,29
29,72
31,63
32,51
32,78
33,76
33,41
33,56
34,53
35,71
35,38
36,74
36,76
36,48
37,71
38,43
39,71
39,68
39,58
39,66
40,56
40,83
40,58
41,60
41,56
42,79
42,66
46,77
48,65
48,72
49,58
49,70
49,83
49,73
51,68
51,61
51,67
52,56
52,78
53,78
54,72
55,66
60,63
61,62
64,83
65,80
66,72
70,74
76,78
78,82
79,81
