0,7
1,40
1,28
1,42
2,37
2,4
2,31
2,3
2,41
3,19
3,4
3,5
3,15
3,16
3,45
3,30
4,10
4,20
4,9
5,26
5,6
5,20
5,41
5,47
5,15
5,8
5,14
6,29
6,26
6,22
6,25
7,39
7,16
7,40
7,44
7,18
7,28
8,24
8,36
9,25
10,36
10,45
10,39
11,14
11,15
11,23
12,33
12,17
12,44
13,43
13,15
14,46
15,44
15,17
15,21
16,32
16,22
16,35
17,30
17,36
17,29
18,26
18,41
18,33
18,32
18,43
19,23
20,45
21,25
21,47
22,23
22,31
22,34
23,29
23,31
24,43
24,25
24,29
24,35
25,31
25,41
26,47
28,40
29,43
31,38
31,32
32,45
33,39
33,37
34,38
39,44
40,41
42,46
42,44
