0,32
0,52
0,45
0,40
1,81
2,7
2,90
2,73
2,47
3,24
3,61
3,14
4,38
4,15
5,71
5,84
5,40
6,68
6,30
6,66
7,21
7,76
8,62
8,30
9,34
9,52
9,50
9,42
10,66
10,32
10,92
10,86
11,52
11,35
11,45
11,20
12,74
12,58
12,34
12,27
13,65
13,62
13,77
14,31
14,77
14,33
14,16
14,79
15,48
15,90
15,28
15,69
16,81
16,67
16,93
16,51
17,81
17,47
18,39
18,61
19,34
19,80
21,26
21,39
21,65
21,71
22,28
22,29
22,47
23,43
23,85
23,48
24,49
25,33
26,55
26,49
27,37
28,76
28,78
28,45
28,88
28,94
29,58
30,34
31,77
31,45
31,74
32,66
32,47
32,55
33,64
35,74
35,59
35,86
35,68
36,50
36,44
36,79
37,79
38,83
38,50
39,50
40,87
41,43
41,89
43,87
43,90
43,85
43,89
44,90
45,64
45,90
45,75
45,65
46,84
47,52
47,53
48,60
48,74
48,71
48,61
48,77
49,66
49,58
50,83
52,83
52,78
52,73
55,70
55,95
59,91
59,60
59,63
59,89
59,88
60,69
60,66
61,68
61,66
62,74
62,81
63,85
66,93
67,72
69,76
69,71
71,74
73,86
79,82
83,87
86,91
88,93
