0,9
0,76
0,16
1,27
1,61
1,19
1,40
2,82
2,16
3,23
3,28
3,39
3,61
4,44
4,30
4,5
4,57
4,65
4,12
6,33
6,15
6,61
6,19
6,52
7,41
7,32
7,26
8,59
8,54
8,71
9,41
9,34
10,20
10,57
10,69
10,26
10,47
10,78
10,72
11,37
11,27
12,44
12,52
12,63
13,29
13,74
13,67
13,21
13,37
14,45
14,22
15,60
15,24
15,38
16,57
16,20
16,66
16,78
16,74
16,67
16,56
17,21
17,54
18,52
18,49
18,26
18,31
18,72
18,51
18,65
19,35
19,56
19,84
20,70
20,83
21,71
21,56
21,51
21,44
21,35
23,40
23,28
23,70
24,34
24,80
24,78
24,83
25,67
25,40
26,73
26,50
26,70
26,56
27,52
27,49
27,65
27,62
27,70
30,75
30,46
30,53
30,77
30,35
30,60
31,54
31,33
31,45
31,81
32,82
32,83
32,72
33,58
33,56
34,68
34,84
34,64
35,54
35,71
35,68
35,36
36,39
36,81
38,54
40,43
41,49
41,66
41,84
42,44
43,77
43,65
43,82
43,68
44,79
44,46
45,64
45,77
46,58
46,69
47,60
47,74
47,76
49,52
49,71
49,80
49,74
51,82
52,59
52,61
53,65
54,83
55,70
55,65
56,73
58,82
58,65
60,74
60,81
61,82
62,79
64,67
66,73
67,74
68,71
69,80
71,77
75,84
82,84
