0,31
0,66
0,1
0,68
0,22
0,2
1,30
1,51
1,3
1,42
2,22
2,14
2,46
2,60
3,32
3,59
3,11
3,26
3,46
3,16
4,30
4,45
4,12
4,28
4,41
4,70
5,24
5,35
5,63
6,71
6,44
7,71
7,11
7,54
8,28
8,34
9,27
10,64
10,16
10,67
10,27
11,51
11,23
11,60
12,41
12,37
13,39
13,65
14,38
14,43
14,56
14,29
15,47
15,24
16,58
16,44
17,68
18,27
19,35
19,42
20,35
20,52
20,24
21,26
21,66
21,36
23,53
23,45
23,62
24,69
24,51
26,71
27,67
27,33
27,69
27,61
28,53
28,34
29,54
30,39
30,36
31,37
31,53
31,45
32,61
32,60
33,48
34,51
34,56
34,60
34,71
35,71
35,49
35,53
35,61
36,39
36,62
36,41
36,63
37,66
37,71
38,64
38,50
38,65
39,71
39,45
39,43
40,63
40,44
41,64
42,60
42,49
43,58
43,59
43,51
45,63
46,69
47,67
48,70
50,66
50,59
51,64
52,59
53,62
53,67
54,58
56,64
57,64
65,71
65,68
68,71
69,71
69,70
