0,7
1,10
1,28
2,16
2,45
2,84
2,9
2,17
3,11
3,89
3,17
3,14
3,75
4,15
4,10
4,22
5,37
5,58
5,84
5,86
5,57
5,70
5,38
6,22
6,68
8,89
8,76
8,48
8,36
9,86
9,35
9,66
10,89
11,71
11,78
11,29
12,61
12,47
12,38
13,65
13,64
13,82
13,81
13,29
14,27
14,89
14,90
15,60
15,62
15,49
15,23
15,29
16,89
16,81
16,61
17,43
17,66
17,38
18,83
18,68
18,89
18,63
18,45
19,42
19,71
19,35
21,56
21,30
21,46
22,68
22,75
22,65
23,82
23,32
23,49
23,69
23,38
24,72
24,30
24,60
25,83
25,35
25,37
25,46
25,80
25,73
25,47
26,60
27,91
27,66
28,49
29,46
29,77
29,79
29,33
30,75
30,37
30,83
31,45
31,55
32,80
32,42
33,44
33,54
34,64
34,36
34,41
34,84
35,43
36,47
36,85
36,60
37,66
37,88
38,85
38,48
38,84
38,59
39,91
40,81
40,58
41,46
41,88
42,84
42,43
43,76
43,45
43,44
44,78
45,78
45,61
46,75
46,61
47,59
47,74
47,89
47,72
49,71
49,91
50,79
50,85
51,77
51,79
51,53
51,58
51,85
51,76
52,82
52,60
53,69
53,56
53,58
54,69
55,81
56,73
57,62
57,58
57,87
58,73
59,64
59,86
60,86
61,74
62,80
62,74
65,67
66,70
68,78
69,78
69,85
69,74
70,82
71,75
72,90
72,85
73,74
74,87
75,88
77,84
77,90
79,80
80,91
