0,50
0,32
0,44
0,27
0,23
1,44
2,37
2,34
2,5
3,19
3,46
3,11
4,47
5,64
5,49
6,9
7,19
7,43
8,55
8,48
8,28
9,36
9,31
10,43
10,45
10,64
10,59
11,40
11,56
12,18
12,36
12,63
13,23
13,29
13,39
13,15
14,48
14,47
15,34
15,18
15,24
16,46
16,17
17,40
18,57
18,35
19,57
19,33
20,35
20,40
21,37
22,47
22,64
22,55
22,30
22,60
23,52
23,44
24,36
24,38
24,52
24,51
24,43
24,56
24,34
25,48
25,27
25,45
25,43
26,62
26,54
27,30
27,42
28,40
28,32
28,39
28,44
28,56
29,44
29,51
29,41
30,58
30,50
30,37
31,33
32,39
33,52
34,53
34,47
36,64
36,57
37,39
37,51
37,48
38,54
38,47
40,50
41,55
41,58
41,52
43,60
43,57
43,51
43,48
44,46
44,58
45,57
46,64
46,57
47,59
48,50
48,59
49,61
50,54
50,52
52,53
52,63
54,61
