0,7
0,15
0,50
0,60
0,25
0,39
1,27
1,74
1,60
1,26
1,7
2,53
2,67
2,16
2,46
2,76
3,72
3,4
3,20
3,24
3,9
4,73
5,22
6,60
6,72
6,29
6,11
7,29
8,20
8,16
8,64
8,59
9,30
9,18
9,79
9,63
10,49
10,38
10,80
11,53
11,17
11,41
11,13
11,26
12,43
13,51
13,63
14,54
14,46
15,69
15,81
16,23
16,62
16,34
16,29
17,25
17,19
18,29
19,53
19,68
20,47
20,41
20,55
20,68
21,63
22,75
22,49
22,46
23,69
23,46
23,64
23,51
24,59
24,39
25,49
25,30
26,73
26,66
26,75
26,80
27,69
27,50
27,30
27,75
28,59
28,29
29,73
30,63
30,72
31,47
32,33
33,64
33,42
33,78
34,70
34,53
35,43
36,44
36,79
37,65
37,62
37,60
37,77
38,46
39,60
39,47
39,49
40,70
40,76
40,75
40,68
41,42
42,68
43,74
43,73
43,70
44,60
44,57
44,70
45,73
46,56
46,47
47,60
48,78
48,53
48,80
49,60
51,66
51,72
51,68
52,59
53,79
53,71
54,63
55,63
55,72
56,57
57,78
57,79
57,74
58,65
58,75
58,59
60,69
60,64
61,79
61,80
62,63
65,79
68,76
68,70
68,81
69,79
70,77
71,75
71,77
78,81
