0,13
0,38
0,70
0,53
0,24
1,63
1,11
1,13
1,17
1,30
1,42
1,57
1,39
2,16
2,34
2,42
3,49
3,14
3,26
3,66
4,8
4,71
4,10
4,35
6,65
6,51
6,34
6,25
6,64
6,57
7,19
7,9
7,52
8,15
8,35
8,58
8,30
9,35
9,65
10,29
10,27
10,63
11,20
11,34
11,30
11,71
11,54
12,30
12,65
12,33
13,54
13,36
13,26
13,21
13,52
14,21
14,29
14,25
14,18
14,47
14,56
14,38
15,19
15,70
15,49
16,59
16,32
16,57
17,26
17,37
17,29
18,59
20,42
21,70
21,39
21,25
22,27
23,61
23,28
23,36
24,57
25,47
25,34
26,51
27,42
27,46
27,44
27,47
28,67
29,41
29,60
29,61
30,66
30,53
30,49
30,43
30,60
31,51
33,60
34,57
34,46
34,70
35,44
35,49
35,42
35,67
36,40
37,40
37,57
37,71
38,63
39,61
39,46
40,65
40,54
41,59
41,43
42,57
43,60
44,65
48,49
49,69
51,70
51,55
52,71
52,54
54,64
54,56
56,62
56,71
57,70
60,64
62,64
64,67
65,68
67,71
