0,54
0,62
1,24
1,17
1,62
2,35
2,5
3,44
3,52
3,26
4,66
4,48
5,16
5,29
5,27
6,20
6,16
6,36
6,27
6,64
7,33
7,36
8,41
8,61
8,51
8,18
8,54
8,57
8,48
8,43
8,13
9,23
9,66
9,38
9,49
10,66
10,24
10,50
10,15
10,62
11,35
11,41
11,47
12,55
14,42
14,66
14,33
14,57
15,48
15,56
15,31
16,50
16,69
16,35
16,53
16,22
17,65
17,33
17,59
17,26
17,53
18,65
18,30
18,35
18,25
19,21
19,39
19,33
19,68
19,41
19,29
20,60
21,22
21,29
21,67
22,35
22,53
22,58
23,54
24,63
25,55
25,29
25,54
25,66
26,52
26,43
26,53
27,68
27,48
28,45
28,60
28,53
29,38
29,61
29,56
30,61
31,67
31,34
31,66
32,65
32,38
33,55
33,42
34,61
34,67
35,62
35,67
36,66
36,57
37,41
38,41
38,43
39,50
41,42
41,61
41,63
42,65
42,54
43,63
43,65
43,62
44,53
44,62
45,61
46,62
46,58
47,50
49,61
49,66
50,54
51,61
53,63
53,54
55,64
56,63
63,66
63,65
66,67
