0,62
0,11
1,51
1,10
1,32
1,28
1,3
2,29
3,65
3,17
3,21
3,53
4,10
4,12
4,30
4,63
6,56
6,18
6,52
6,53
6,63
6,29
6,44
7,42
7,9
7,31
7,11
8,47
8,41
9,50
9,10
11,49
11,25
11,39
11,53
12,35
12,23
13,18
13,54
13,53
14,64
14,61
14,49
14,18
15,35
15,20
16,19
17,24
19,61
19,28
20,54
20,57
21,61
21,44
21,26
24,43
24,27
24,49
25,39
26,51
29,33
29,36
30,36
30,55
31,61
31,52
31,57
32,57
32,46
33,47
33,45
33,53
34,48
34,63
34,54
34,40
34,57
36,49
36,62
36,60
37,65
37,41
37,62
37,60
38,53
39,42
40,51
40,45
41,49
44,50
44,62
46,50
47,62
50,60
51,61
51,64
52,60
52,61
54,59
57,58
58,59
