0,25
0,4
0,6
1,42
1,41
2,60
2,8
2,59
2,5
3,34
4,11
4,50
4,28
5,35
5,39
5,41
6,41
6,48
6,17
7,43
8,26
8,11
8,19
8,10
9,22
9,30
9,56
9,64
10,43
10,14
10,33
10,35
10,58
11,62
11,20
12,58
13,62
13,49
13,59
14,57
14,56
14,62
14,19
15,26
16,22
16,50
17,59
17,58
17,54
18,27
18,30
19,55
19,56
19,61
21,48
21,42
21,54
21,39
22,55
22,32
22,56
22,39
22,29
23,45
23,55
23,30
24,37
25,32
25,58
25,50
27,52
27,29
29,60
29,40
30,52
32,64
33,40
33,54
34,60
37,42
37,51
40,41
41,42
41,58
41,43
42,48
45,51
47,63
48,58
49,56
51,60
51,58
57,59
58,63
