0,7
0,25
0,41
1,20
1,21
2,45
2,44
2,36
3,14
3,46
3,43
3,8
4,41
4,40
5,8
5,43
5,45
6,56
7,24
7,23
8,37
8,15
8,57
9,52
9,11
9,21
10,55
10,21
10,53
10,60
11,50
11,53
11,24
11,38
11,55
11,47
12,39
12,44
12,45
13,60
13,47
13,44
13,42
15,54
15,21
17,26
17,23
17,40
18,21
19,42
20,52
20,29
20,44
20,39
20,43
20,56
21,59
21,24
22,58
22,54
22,28
22,40
23,60
23,59
23,54
23,33
25,53
25,57
25,31
25,47
25,51
25,58
26,46
27,39
27,55
30,56
31,38
31,39
31,41
38,51
38,52
39,48
42,51
45,53
46,48
47,50
49,53
50,51
50,58
51,54
52,55
53,56
56,57
