0,17
0,23
0,10
1,33
1,17
2,22
2,17
2,34
2,18
3,33
3,44
4,53
4,10
4,14
4,37
5,57
6,66
6,59
6,35
7,30
7,53
7,13
8,31
8,33
9,54
10,28
10,51
11,65
11,16
11,23
11,60
13,57
13,50
14,51
14,47
14,22
15,57
15,16
15,50
15,39
15,26
15,59
15,54
17,41
17,31
17,56
18,23
19,52
19,59
19,58
20,26
21,60
21,67
21,56
22,60
23,28
25,51
25,35
25,62
27,67
27,37
28,29
29,59
30,39
30,44
31,47
32,39
35,48
35,53
37,52
38,63
39,64
40,54
40,57
41,65
41,42
42,54
43,53
43,48
43,67
45,58
48,49
49,66
52,56
52,60
53,55
55,62
55,56
57,67
57,59
