0,5
0,25
1,5
2,68
2,56
2,59
3,49
3,6
3,44
3,26
4,78
4,90
5,82
5,47
5,63
6,44
7,47
7,58
8,81
8,44
10,47
10,83
12,44
12,75
12,72
12,54
13,49
14,32
14,31
15,35
16,36
16,23
16,31
17,21
17,77
17,44
17,26
18,70
18,66
19,83
19,63
19,39
19,35
20,21
20,62
20,24
21,59
21,81
21,30
22,54
22,32
23,26
24,43
26,56
26,42
26,61
27,71
28,73
28,66
30,52
30,85
30,54
31,66
33,75
33,61
34,84
34,35
34,78
36,52
37,58
37,90
38,57
38,56
39,75
39,62
39,52
39,77
41,83
42,73
43,58
43,45
44,62
45,62
46,53
48,79
50,63
50,61
51,85
51,68
52,60
55,71
56,75
60,83
60,87
62,72
62,86
64,88
66,92
66,73
68,85
69,84
70,85
74,77
76,79
77,79
77,82
82,85
85,89
85,91
87,91
89,91
