0,43
1,13
1,2
3,8
3,64
4,49
4,47
5,49
5,14
5,6
5,65
6,57
6,16
6,47
6,63
7,50
7,17
7,71
7,65
7,24
8,67
8,70
8,45
8,56
9,17
9,30
9,69
10,19
10,71
10,63
10,35
10,52
10,46
11,62
11,48
12,52
12,56
13,69
13,64
13,52
13,25
15,62
15,55
16,59
16,43
16,32
17,24
18,39
18,26
18,53
19,63
20,29
21,67
21,47
21,52
22,61
22,46
24,27
24,58
24,49
24,32
25,37
25,66
25,61
26,30
27,52
27,70
28,42
28,64
29,54
30,53
30,50
31,69
31,54
32,60
33,63
34,51
35,42
35,68
35,58
36,65
36,38
36,51
38,41
39,49
41,45
42,67
44,59
44,54
45,57
45,55
46,49
47,60
49,61
51,54
51,57
54,71
59,68
60,69
61,71
65,68
67,70
