0,56
0,53
0,64
1,49
1,36
3,73
4,43
5,38
5,14
5,41
6,18
6,77
6,84
8,49
8,83
8,9
8,34
8,50
9,72
9,21
9,49
11,49
11,55
12,46
12,83
12,52
12,67
13,22
13,47
13,15
14,72
14,61
15,24
16,82
17,24
18,35
18,64
18,50
19,51
19,77
20,65
20,79
20,32
21,48
23,54
24,49
25,69
25,39
25,26
26,59
27,36
27,81
28,31
28,62
28,41
28,68
28,81
29,70
30,76
30,50
31,59
31,73
31,52
32,49
32,70
32,64
33,41
34,47
35,56
35,43
35,47
35,79
36,62
36,46
36,81
37,79
38,84
41,58
42,82
42,85
43,84
44,68
45,68
46,67
46,62
47,62
48,69
48,78
49,55
50,78
52,75
52,77
52,54
53,80
54,69
54,62
54,73
56,73
57,83
58,77
63,68
64,73
65,66
65,84
66,67
68,78
68,79
70,81
71,72
72,75
72,80
76,78
77,80
