0,13
0,67
1,73
1,22
2,19
2,45
3,38
4,17
4,55
5,77
5,54
5,49
6,9
7,8
9,70
9,28
10,56
10,80
10,68
10,32
11,59
12,34
12,13
13,19
14,30
14,62
14,45
15,40
16,80
16,74
16,48
17,40
18,22
19,39
20,39
21,36
21,72
21,31
22,52
23,53
23,44
23,57
24,27
24,81
25,33
26,64
26,44
27,32
29,73
29,67
30,54
32,70
32,57
33,75
34,72
34,59
35,73
35,58
35,38
36,79
37,38
37,78
41,55
42,73
42,61
42,45
43,47
43,65
43,57
44,76
45,50
45,52
46,69
46,73
48,90
49,58
52,72
52,53
55,75
56,80
56,72
58,84
60,66
61,71
62,74
64,70
65,71
68,84
68,86
70,86
73,78
79,89
80,85
