0,47
0,38
1,12
1,16
1,88
2,4
3,37
3,9
4,73
5,8
5,10
6,15
6,63
6,90
7,66
7,68
8,86
8,36
8,42
8,22
8,37
8,52
8,9
9,19
9,10
9,13
10,64
10,22
11,55
13,94
13,64
13,26
14,66
14,87
15,20
16,22
16,88
18,90
18,92
18,69
18,94
18,36
19,59
19,77
20,30
20,65
21,52
22,65
22,75
23,25
23,90
23,95
23,28
24,34
24,75
25,92
25,53
26,81
27,46
27,47
28,55
28,93
28,60
28,84
29,89
29,43
29,62
29,65
29,86
30,92
30,46
31,40
34,38
34,50
34,95
36,76
36,37
37,38
37,75
37,51
39,63
40,41
40,65
40,73
41,48
42,50
42,71
43,68
45,95
45,68
48,59
49,51
52,91
52,76
54,93
54,94
56,95
57,86
58,67
58,83
64,67
66,73
66,86
67,92
68,75
72,83
73,88
73,77
74,84
75,87
78,94
79,81
79,86
79,84
86,91
91,93
