0,45
1,44
1,52
1,47
2,17
3,57
3,53
4,48
4,56
5,61
6,61
7,18
7,51
7,46
8,63
9,23
10,43
10,34
10,19
11,23
11,47
12,67
12,63
13,49
13,62
13,63
13,27
14,69
14,37
15,25
15,29
16,47
16,61
16,50
17,44
17,64
19,29
19,75
20,55
20,39
21,46
21,25
21,54
22,73
23,33
24,41
24,71
24,25
24,70
25,35
25,69
26,60
29,31
29,39
29,34
29,47
29,73
30,75
30,46
30,47
31,45
32,65
32,35
32,66
34,63
34,66
34,73
36,64
36,40
36,73
36,41
36,68
37,70
37,60
37,75
38,71
38,69
39,64
40,53
40,71
41,49
41,73
44,65
46,58
48,77
49,55
49,74
49,69
49,75
50,77
51,78
52,58
52,78
58,71
64,66
64,73
65,74
65,67
67,76
70,78
