0,20
0,66
0,49
1,10
1,18
1,3
1,31
2,21
2,42
3,22
3,28
3,43
3,34
3,23
3,41
4,32
4,61
5,68
5,42
5,9
5,12
6,64
7,15
7,24
7,45
7,34
7,46
8,67
8,27
8,32
8,61
8,56
9,22
10,14
11,61
11,46
11,59
11,17
12,25
12,45
12,41
12,56
12,58
12,43
12,67
13,25
13,57
14,68
14,52
15,43
15,66
16,39
17,50
17,34
18,45
19,20
21,52
22,34
22,50
22,66
22,31
22,61
23,54
24,41
26,57
26,58
26,68
26,56
27,38
27,51
27,33
28,47
28,30
28,67
28,59
29,64
30,37
30,56
32,43
32,35
33,47
34,50
34,51
34,41
34,47
35,64
36,52
36,41
36,59
38,39
38,64
39,62
39,43
40,61
41,66
42,49
44,68
45,61
45,60
45,53
45,65
45,56
46,62
51,56
53,57
55,61
57,59
61,66
