0,71
0,60
0,55
0,26
1,50
1,37
1,57
1,43
2,43
2,45
2,61
2,63
2,22
3,17
3,39
3,48
4,65
4,22
5,47
5,6
6,16
7,30
8,31
8,55
9,13
10,35
10,63
10,71
10,69
11,49
11,65
11,43
11,56
12,31
12,70
13,31
13,40
13,30
14,59
14,48
14,32
14,34
15,48
15,25
15,17
16,68
16,28
16,42
16,32
18,31
18,26
19,43
19,69
20,60
20,47
20,57
21,70
21,63
22,62
22,34
24,32
25,40
26,54
26,61
27,65
27,34
27,67
28,66
28,64
29,42
29,39
30,36
32,40
32,53
32,37
33,44
33,40
34,67
34,35
34,50
36,70
36,60
36,51
37,59
37,40
37,46
37,55
37,52
37,69
38,67
40,45
41,68
41,42
41,56
41,52
41,45
41,63
42,55
42,65
42,70
42,64
43,47
44,56
45,49
46,67
46,52
46,51
51,58
51,62
53,66
54,71
57,60
