0,46
1,22
1,48
1,34
2,62
2,81
2,42
4,20
4,11
4,33
5,69
5,42
5,29
6,59
6,10
6,86
7,15
7,80
9,20
9,56
10,48
10,11
11,12
11,63
11,30
11,50
12,34
12,84
12,44
13,74
14,24
14,64
14,44
15,18
15,61
15,31
15,59
16,84
17,81
17,83
18,35
18,40
20,71
21,38
22,71
22,41
22,80
23,64
24,75
25,44
25,66
26,29
26,64
26,80
28,40
29,35
29,40
29,63
30,35
31,67
31,65
32,34
32,82
33,56
35,69
35,83
35,62
36,67
36,62
36,49
37,49
40,41
42,75
44,74
45,53
45,85
46,60
46,73
46,59
48,79
48,49
49,57
49,78
49,68
49,53
50,60
51,78
51,55
52,83
52,64
54,58
56,85
58,64
58,69
59,75
59,84
61,86
62,75
66,80
67,69
68,74
72,83
72,85
77,86
