0,42
0,72
0,7
0,1
1,20
1,44
1,24
1,85
2,36
2,63
2,59
2,23
3,47
3,76
4,35
4,39
4,21
5,87
5,46
5,34
5,6
5,38
5,60
5,23
6,69
6,36
6,57
6,61
6,23
7,13
7,60
7,18
7,42
7,31
8,48
8,27
8,47
9,82
10,91
10,58
11,51
11,73
11,89
12,30
12,35
12,83
12,72
12,37
12,53
12,24
12,19
12,90
14,56
14,76
14,31
15,75
15,32
15,66
16,88
16,82
16,38
16,64
17,81
17,62
18,73
18,53
19,74
19,83
19,41
19,62
20,88
20,35
20,36
20,43
20,76
21,40
21,88
22,71
23,63
24,40
24,74
24,73
24,42
25,47
26,69
26,54
27,70
27,77
28,81
29,71
29,44
29,45
30,57
31,75
31,86
33,91
33,61
33,76
33,72
33,56
34,89
34,79
35,42
35,74
35,40
36,55
36,54
37,59
37,89
38,74
39,78
40,72
40,76
41,74
41,66
41,56
41,64
42,67
42,53
43,89
43,78
45,87
45,60
46,61
46,89
47,62
48,89
48,71
48,81
49,83
49,66
49,57
50,89
51,60
51,83
52,85
52,62
53,89
54,91
54,71
54,56
55,80
56,65
57,91
58,68
58,86
59,65
59,91
61,86
62,89
64,81
64,84
65,82
70,83
70,77
71,79
72,89
73,86
75,82
77,90
78,80
86,87
87,89
