0,61
0,69
0,38
0,2
1,61
1,16
2,6
3,49
3,13
3,33
4,23
4,21
5,87
5,53
5,49
6,75
6,49
6,89
7,45
7,58
7,37
7,25
8,33
8,88
8,92
8,59
10,53
10,59
10,57
10,54
10,75
11,82
11,68
12,77
12,52
12,46
13,30
13,25
14,91
14,19
14,60
15,79
16,29
16,76
16,81
16,28
16,64
16,54
16,60
17,66
17,55
18,42
18,32
18,40
18,47
19,24
19,40
19,66
20,57
20,67
21,67
21,84
22,74
22,86
23,45
23,81
24,62
24,27
24,40
24,45
26,85
26,71
26,80
26,89
27,89
28,70
28,56
29,47
30,32
30,92
30,56
30,34
31,49
31,38
32,91
32,90
33,34
33,49
33,75
34,76
34,61
34,58
34,55
35,86
37,54
37,92
38,58
38,91
38,89
39,77
39,75
40,90
40,75
41,74
41,93
41,95
42,62
42,89
45,50
45,80
45,65
45,95
46,54
47,79
48,88
49,64
49,87
49,66
50,95
50,87
50,55
51,65
52,91
52,78
52,69
52,82
53,65
53,77
54,93
54,92
56,74
56,58
57,85
58,79
59,81
60,75
60,66
60,80
61,77
62,88
62,65
65,74
66,79
66,81
68,87
69,74
70,71
76,77
77,86
79,93
81,93
81,84
81,85
81,83
82,92
84,94
85,95
90,91
91,92
