0,38
0,27
0,30
1,16
1,61
2,70
2,64
2,34
3,46
3,53
3,11
3,80
3,61
4,34
5,44
5,56
6,53
6,60
7,62
8,55
9,67
9,66
10,59
10,58
12,25
12,18
13,61
14,63
15,26
15,67
15,20
15,48
16,74
16,50
17,19
17,18
17,58
17,66
20,47
20,58
20,43
21,53
22,47
23,69
23,41
23,30
23,62
24,76
25,79
25,63
25,76
26,62
28,60
29,59
30,39
30,79
30,49
31,47
31,71
32,51
33,80
34,67
34,41
34,57
36,44
37,47
37,75
37,39
40,53
41,44
41,52
42,60
42,49
43,74
43,44
43,66
43,51
44,50
45,72
46,75
46,48
48,78
51,69
56,80
57,69
58,70
58,76
59,60
60,72
66,79
67,78
68,73
69,75
70,76
74,75
