0,19
0,14
0,46
0,42
1,41
1,44
1,17
1,11
1,26
2,25
2,35
3,45
4,43
4,58
4,36
4,47
4,62
5,50
5,42
5,38
5,21
5,51
5,44
5,37
6,41
6,17
7,51
7,47
8,50
8,32
8,37
8,27
8,62
9,21
10,39
10,43
10,21
10,53
10,41
11,57
11,17
12,65
12,49
12,15
13,17
13,37
14,50
14,64
14,38
14,25
14,54
14,41
15,23
15,43
16,48
16,37
17,21
18,47
18,43
19,34
19,27
19,40
19,30
20,55
20,39
21,28
21,22
22,34
22,60
22,62
22,28
22,61
22,57
23,35
23,65
23,54
24,64
24,48
24,65
25,60
25,27
25,34
25,49
25,51
25,42
27,46
27,38
27,31
27,54
28,39
28,40
29,35
29,33
30,38
30,31
30,48
30,41
30,59
30,32
30,63
31,51
32,50
32,61
32,62
33,42
34,40
34,57
35,38
35,48
36,57
36,53
37,49
39,47
40,54
41,48
42,43
45,57
49,52
49,57
50,63
51,59
51,60
52,63
56,59
57,64
58,59
58,63
