0,82
0,12
0,68
1,88
1,4
1,6
1,15
2,22
2,97
2,34
2,81
3,68
3,62
3,44
4,75
4,65
4,6
5,80
5,75
5,68
5,50
5,20
5,89
6,94
6,90
7,16
7,44
7,50
7,37
7,11
7,54
7,65
8,63
8,78
8,10
9,83
9,98
9,16
9,82
10,66
11,87
11,41
11,18
11,33
11,16
12,61
12,24
13,51
13,15
14,49
14,26
14,65
15,70
15,60
15,23
16,84
17,57
17,48
17,96
18,93
18,59
18,89
18,50
18,87
19,89
19,97
19,74
20,25
20,31
22,41
23,64
23,61
23,47
23,55
24,90
24,50
24,43
25,90
25,92
26,72
27,79
27,95
27,54
27,43
27,85
28,81
28,72
29,97
30,76
30,89
30,85
30,49
31,68
31,32
32,44
32,46
32,89
32,60
34,84
34,85
35,67
35,91
35,84
36,69
36,46
36,82
38,41
38,86
40,86
40,92
40,48
41,53
41,87
41,86
41,62
42,63
42,82
43,53
43,47
44,71
45,98
45,74
46,63
47,48
48,80
48,60
48,56
49,78
50,78
51,84
51,65
51,94
53,67
54,79
54,70
54,56
54,58
56,85
56,77
57,79
58,71
59,98
59,60
60,86
60,74
61,75
64,75
65,70
65,98
66,76
67,87
69,79
72,89
73,95
77,78
77,79
77,82
80,90
82,90
84,96
85,92
91,97
