0,11
0,56
0,52
1,33
2,44
2,32
2,56
3,41
3,61
4,82
4,61
4,59
4,33
5,50
5,17
6,7
6,51
7,38
7,67
8,18
8,51
9,16
9,13
10,48
10,16
10,61
11,47
11,21
11,80
13,19
13,72
13,37
13,81
13,65
14,44
14,19
14,26
15,33
16,57
16,30
17,24
17,22
17,70
17,27
19,40
19,52
19,77
20,39
22,52
22,60
23,52
23,74
24,75
24,78
25,39
25,66
26,75
26,63
27,31
27,68
30,74
30,42
30,58
31,41
32,59
32,60
34,78
34,65
34,35
35,40
35,57
35,56
36,66
36,72
36,81
37,65
37,62
38,48
38,47
38,53
39,67
41,79
41,72
41,74
41,80
42,55
43,59
43,69
43,70
45,56
45,51
46,61
46,57
47,78
48,68
48,70
49,56
49,80
50,77
50,72
50,76
52,73
56,69
59,69
59,64
60,78
60,65
68,73
74,82
