0,33
0,9
0,45
2,64
2,24
2,10
2,34
3,5
3,52
3,24
3,10
4,27
5,27
6,22
6,73
6,40
7,63
7,18
7,50
7,38
9,72
9,56
9,73
10,53
10,46
11,70
11,42
11,63
11,60
12,26
12,64
14,42
14,21
15,65
15,64
15,62
17,56
17,54
17,61
18,66
18,60
19,22
20,47
20,74
20,38
20,53
20,69
21,64
21,26
24,59
24,26
24,38
24,55
28,56
28,76
28,48
30,60
30,59
31,48
32,57
33,75
33,37
35,78
36,78
36,70
37,48
37,41
38,53
38,43
38,42
39,42
39,52
41,58
41,69
43,73
43,60
43,63
43,62
45,50
45,71
45,68
47,56
47,74
48,74
51,58
53,71
54,59
54,67
55,70
58,67
59,77
63,71
63,72
68,77
