0,11
0,30
0,1
1,61
1,36
1,37
1,57
1,65
1,42
1,60
1,23
1,50
2,50
2,39
2,56
2,60
3,28
3,65
3,27
3,53
3,11
3,37
4,57
4,23
5,41
5,18
5,22
6,42
6,41
8,10
8,46
8,17
9,37
10,48
11,62
11,12
12,26
12,24
12,37
12,51
13,68
13,56
13,45
13,55
14,16
14,35
14,65
15,47
15,25
15,66
16,39
16,50
17,38
17,58
17,57
18,33
19,45
19,43
19,41
19,51
19,25
20,24
20,64
20,65
20,45
21,68
21,27
22,34
22,31
23,31
24,61
24,38
24,49
24,54
25,30
25,66
26,40
26,50
27,47
27,36
27,33
28,66
29,54
29,58
29,57
30,33
30,54
30,61
31,32
31,60
32,36
33,61
33,55
34,35
34,56
37,58
37,55
37,68
38,55
40,45
40,68
41,55
41,67
42,61
42,58
44,68
44,53
45,65
45,48
45,56
45,62
46,52
47,64
48,68
49,57
50,55
52,67
52,54
54,63
