0,30
0,78
0,11
0,4
1,7
1,34
1,41
1,82
1,62
1,66
2,74
2,50
2,15
2,16
2,8
2,69
2,52
3,11
3,47
3,64
3,78
4,11
4,80
4,6
4,58
4,60
5,76
6,57
7,87
7,48
10,77
10,41
10,69
10,64
11,42
12,70
12,37
12,52
13,14
13,65
14,22
15,19
15,86
15,24
15,38
15,63
17,54
17,75
18,26
18,39
18,52
18,32
18,87
18,34
19,23
20,73
21,74
22,28
22,77
22,50
22,57
22,49
23,48
23,78
24,82
24,81
24,41
24,60
24,72
25,63
26,71
26,37
26,33
26,72
27,36
27,62
28,50
28,86
28,71
29,47
29,63
29,64
30,64
30,39
31,61
31,62
32,84
32,36
32,48
32,59
33,48
33,59
34,54
34,87
34,80
34,46
34,44
35,43
35,67
35,86
36,55
36,78
36,54
37,83
37,44
37,46
37,61
40,82
41,59
41,58
42,72
42,49
43,77
44,84
44,81
45,60
45,66
46,56
47,64
48,63
48,72
48,66
48,70
50,80
50,60
50,53
51,66
52,84
52,85
53,80
54,56
55,61
55,79
57,69
58,67
58,64
58,82
58,62
59,67
65,81
70,85
70,80
80,81
81,83
