0,16
0,53
0,50
1,12
1,58
1,3
1,19
1,28
1,6
2,50
2,33
2,42
2,51
3,65
3,45
3,51
3,34
4,36
4,20
4,11
5,15
5,59
5,17
5,55
6,58
6,7
6,59
6,47
7,26
7,28
7,12
7,27
7,32
7,55
9,10
9,47
9,49
9,46
11,33
11,20
11,30
11,18
11,34
11,63
11,67
12,54
12,22
13,53
13,61
13,56
13,41
14,57
14,47
14,19
14,25
14,63
14,41
14,65
15,52
15,56
15,35
15,30
15,32
15,64
16,47
16,36
17,40
17,31
17,23
17,61
17,39
17,62
18,36
18,57
18,45
19,30
19,41
19,37
19,22
20,21
20,45
20,67
21,23
21,52
21,47
22,52
22,54
23,53
23,31
23,65
24,46
24,47
24,50
25,49
26,36
27,50
27,32
28,63
28,41
29,33
29,58
30,62
30,66
31,53
32,64
33,65
33,47
33,44
34,60
34,67
35,37
37,45
38,66
38,65
38,59
39,53
39,56
41,67
41,62
42,52
43,61
44,62
44,45
45,66
46,48
46,64
47,58
48,66
48,53
49,50
50,59
55,57
59,67
60,66
61,62
