1,50
1,89
1,16
1,41
2,24
3,76
3,77
3,34
3,86
4,63
4,64
4,37
4,9
4,23
5,43
5,47
5,34
5,71
6,51
7,48
8,22
9,28
11,30
11,51
11,79
12,75
12,24
12,76
13,37
13,43
13,68
14,37
14,39
15,68
15,51
15,59
16,87
16,60
17,34
17,87
17,90
18,53
18,56
18,68
18,34
18,88
19,68
19,89
19,25
19,91
19,61
20,34
20,45
20,71
21,48
21,43
21,78
22,65
22,51
22,77
22,74
23,88
24,49
24,89
24,80
25,71
27,32
27,69
28,44
28,67
28,65
28,74
29,90
29,33
30,76
31,68
32,67
33,44
36,84
36,54
36,47
36,48
36,53
37,46
37,78
39,72
41,84
42,51
42,88
45,52
46,81
46,61
47,75
49,63
49,55
50,86
51,62
52,70
52,84
52,88
52,79
53,66
57,60
58,77
60,76
60,86
61,81
61,87
62,72
63,73
63,87
64,72
67,87
68,82
71,84
77,80
79,86
82,91
85,90
