0,36
0,49
0,5
0,2
1,66
1,42
1,83
1,31
1,2
1,12
1,7
1,17
2,46
2,24
2,13
2,49
3,67
3,23
3,47
3,51
3,56
3,26
4,71
4,41
4,85
4,56
5,49
5,70
5,19
5,59
5,46
6,11
6,63
7,71
7,62
7,80
8,70
8,76
8,45
8,74
9,37
9,34
9,20
9,45
9,46
9,17
10,45
10,66
10,16
10,21
11,45
12,63
12,26
13,35
13,33
13,51
13,49
14,67
14,76
15,71
15,45
15,64
15,60
16,75
16,49
16,46
17,35
17,37
17,61
18,22
18,67
18,28
18,58
18,83
19,55
19,57
19,59
20,30
20,62
22,75
23,27
23,52
23,26
24,84
24,60
24,51
25,48
25,33
26,54
26,55
26,85
27,45
27,85
27,55
28,52
28,80
28,49
30,35
30,31
31,51
31,77
31,57
32,33
32,84
32,70
32,53
33,50
34,70
34,40
34,83
35,44
35,64
36,58
36,72
37,74
37,62
37,42
38,46
39,79
39,52
40,64
40,51
41,56
41,71
43,52
43,83
43,79
43,82
43,73
44,71
46,73
47,55
47,54
47,68
47,66
47,71
48,73
49,71
49,67
49,52
50,66
50,58
53,84
53,82
54,70
54,76
55,72
55,57
55,69
57,63
58,59
59,69
62,85
62,81
64,68
64,71
65,80
65,66
65,82
65,76
66,84
68,74
71,76
74,82
75,84
78,80
