0,16
0,67
0,14
0,27
0,8
1,4
1,52
1,18
1,78
1,9
2,25
2,20
2,77
3,7
3,29
4,42
4,26
4,6
4,59
5,84
5,32
6,81
6,56
6,55
7,24
7,44
8,58
8,39
8,79
9,85
10,32
10,59
10,51
11,25
12,48
13,51
13,65
14,15
14,61
14,26
14,23
15,32
15,67
15,31
15,78
15,59
15,71
15,49
16,42
16,47
16,83
16,86
16,30
18,86
19,30
19,67
19,37
19,46
19,28
20,45
20,72
20,38
20,74
20,73
21,86
21,30
21,48
21,33
21,88
22,37
22,27
22,60
22,24
22,82
23,40
23,82
23,74
23,64
24,34
24,46
24,25
24,27
25,76
26,51
26,88
27,38
27,77
27,82
27,41
27,37
28,68
28,88
29,53
29,75
29,43
29,66
30,53
30,65
30,75
31,40
31,69
31,34
31,66
31,49
31,52
31,61
32,56
32,39
34,85
34,65
34,36
34,62
34,60
35,65
36,43
36,42
36,39
36,67
37,84
37,77
39,65
39,60
40,73
40,53
40,64
42,69
42,57
42,87
42,86
43,69
43,66
43,86
43,79
44,52
44,76
44,54
44,50
45,49
45,85
46,65
46,71
47,75
48,60
48,58
48,83
48,76
50,51
51,73
52,88
53,72
54,83
55,58
55,82
55,70
55,57
56,79
57,78
58,83
58,79
59,67
60,87
60,76
61,67
62,81
62,74
66,83
67,76
67,72
67,86
70,84
70,83
71,82
71,78
72,79
72,81
75,79
76,82
79,86
