0,62
0,4
0,75
0,38
0,3
0,47
0,45
0,11
0,25
1,62
1,16
1,70
1,10
1,53
1,29
2,7
2,63
2,23
2,46
3,5
3,16
3,43
3,33
4,69
4,75
4,55
4,44
5,50
6,33
6,20
6,48
6,38
7,20
8,9
8,24
8,48
9,48
9,31
9,44
9,56
9,25
10,60
10,18
10,64
10,16
11,22
11,12
11,69
12,61
12,75
12,59
13,75
13,68
13,52
13,73
13,63
14,44
14,22
15,66
15,29
15,54
15,70
16,26
16,47
17,73
17,19
18,39
19,20
20,42
20,63
20,39
21,58
21,70
22,28
22,57
22,71
22,54
24,39
24,44
25,67
25,47
25,44
25,74
26,59
27,40
27,62
29,60
31,39
31,58
32,57
32,43
32,72
33,70
33,62
34,44
34,74
36,59
36,45
38,71
38,75
39,69
39,55
41,69
42,69
42,57
43,63
43,44
44,45
44,73
45,67
45,53
46,49
47,75
47,53
48,60
49,53
49,51
49,55
50,73
52,58
52,53
53,55
54,63
54,57
55,69
55,67
55,65
57,61
59,70
59,71
61,73
61,75
63,64
66,75
68,74
