0,55
0,23
0,26
0,24
1,48
1,68
2,33
3,34
4,37
5,27
5,42
6,35
6,38
8,45
8,62
8,43
8,76
9,30
9,28
9,15
10,57
10,52
11,48
11,25
11,57
12,30
12,44
12,25
13,20
14,54
14,50
14,26
15,22
15,53
16,42
16,76
16,72
17,21
18,36
19,51
20,51
20,62
20,53
21,68
22,48
23,30
23,64
23,71
23,58
24,52
24,39
24,68
24,37
25,32
25,76
25,33
26,50
27,71
27,56
29,44
29,75
29,63
29,43
30,46
30,51
34,46
35,70
35,38
35,64
36,47
37,62
37,43
38,55
38,73
39,43
40,55
42,46
44,66
44,63
45,48
45,64
46,59
47,61
47,70
48,56
51,54
55,60
55,65
58,67
58,66
58,74
59,70
60,64
62,66
66,73
70,72
