0,29
0,30
1,64
1,2
2,61
2,52
3,4
3,13
4,9
4,60
4,16
5,55
5,61
5,59
5,21
6,10
6,64
6,51
6,25
6,31
6,42
7,56
7,17
7,39
7,32
7,24
9,47
9,13
9,61
9,44
9,43
9,56
10,33
10,48
10,11
11,27
11,28
11,56
12,29
12,47
12,60
12,37
12,25
12,31
13,48
13,53
13,34
13,25
13,59
14,49
14,55
14,15
14,62
15,59
15,28
16,25
16,36
16,49
17,19
17,20
17,35
18,30
18,44
18,58
19,40
19,23
20,49
20,26
20,21
20,47
20,30
21,50
21,39
21,57
22,48
23,28
23,63
24,62
24,40
24,64
25,33
25,29
25,47
26,63
26,28
26,36
26,27
26,44
28,34
29,35
31,52
32,46
32,45
33,47
33,53
34,59
35,40
35,47
35,64
35,42
35,55
35,50
37,54
39,61
39,62
40,43
41,59
44,64
47,50
47,48
47,62
47,55
48,61
48,60
48,63
49,57
52,53
52,61
53,59
61,64
62,65
