0,45
0,33
0,55
0,19
0,41
1,54
1,22
2,52
2,40
2,23
2,25
3,53
3,59
3,34
3,16
4,45
4,18
4,34
5,21
5,63
6,32
6,63
6,48
7,15
7,56
8,37
9,31
9,33
10,53
10,21
10,22
11,21
11,44
11,20
11,48
11,59
11,61
11,25
11,12
12,23
12,22
12,42
12,53
13,51
13,45
13,60
14,59
14,51
15,48
15,54
15,19
15,41
16,19
17,39
18,51
21,29
21,40
21,34
22,34
22,38
22,39
23,50
24,55
24,51
24,58
24,47
24,50
25,47
25,30
25,46
25,28
25,41
26,63
26,28
26,54
27,56
27,35
28,31
28,30
29,55
29,48
30,31
31,63
32,53
35,61
35,57
36,59
37,55
37,44
39,44
41,43
42,47
42,49
43,47
44,53
46,48
46,59
48,55
48,60
49,61
51,52
52,60
55,63
56,63
