0,12
0,48
1,22
1,9
1,23
1,15
1,31
2,4
2,10
2,7
2,22
2,40
2,55
3,7
3,45
3,52
3,20
3,17
4,37
4,53
4,41
5,35
5,22
5,23
5,38
6,51
7,47
7,38
7,16
7,27
7,24
7,44
8,40
8,35
8,20
10,11
10,46
10,52
11,47
11,15
11,35
11,37
12,16
12,13
12,53
13,40
13,53
14,41
14,29
14,44
15,26
16,44
16,23
17,41
17,47
19,47
19,55
19,28
19,43
20,51
20,26
20,44
20,33
20,40
21,52
21,39
22,52
22,53
22,54
23,29
23,55
24,35
25,42
25,33
26,29
26,27
26,38
27,50
27,55
28,31
28,44
28,40
29,33
29,49
29,32
30,32
30,48
30,31
32,37
33,34
33,40
34,55
34,41
34,54
37,52
37,47
38,39
38,49
38,51
39,42
39,50
40,48
40,46
46,54
47,54
48,55
49,55
49,50
