1,33
1,31
1,49
3,56
3,73
3,54
4,34
4,14
5,61
6,62
6,16
7,12
7,34
9,14
10,54
10,12
10,15
11,17
11,66
12,25
12,63
12,65
13,25
13,38
14,28
14,33
14,23
15,66
16,81
17,77
17,32
17,45
17,74
18,45
18,35
20,83
20,22
20,40
21,69
22,42
23,63
24,60
24,73
25,49
25,48
26,36
26,58
26,43
26,32
29,67
30,75
30,79
31,84
32,41
33,54
33,72
33,39
34,45
34,67
34,49
35,64
35,44
36,70
36,42
37,40
37,41
37,83
38,75
40,79
40,48
41,81
41,76
42,52
43,84
44,77
45,68
47,69
47,76
50,51
51,62
51,64
52,66
53,78
53,56
57,83
57,66
61,80
64,83
64,78
66,71
72,79
72,84
74,76
80,81
80,83
81,82
82,83
