0,64
0,57
0,86
0,24
0,90
1,13
1,10
1,55
2,75
2,32
3,23
3,55
3,96
3,73
4,58
4,13
4,56
4,16
4,18
5,33
5,32
5,47
6,71
6,26
7,94
7,60
8,33
9,21
10,82
10,31
11,71
11,30
11,19
12,99
13,62
13,64
13,97
13,65
13,61
13,90
13,58
13,85
14,93
14,69
15,63
15,47
15,55
15,79
16,43
16,45
16,29
17,23
18,77
18,51
19,20
20,44
21,95
21,36
21,90
21,25
21,24
21,65
21,80
22,82
22,86
23,68
23,58
24,76
25,57
25,86
25,67
25,88
26,32
26,81
26,92
27,97
28,74
28,80
28,67
28,91
29,69
31,56
31,47
32,76
32,46
32,39
32,66
33,42
33,91
33,86
33,43
34,64
34,43
35,49
36,65
36,66
36,51
37,95
37,58
37,47
37,48
37,46
38,96
38,50
38,91
39,40
39,89
40,52
41,96
42,56
42,99
43,47
44,72
45,46
45,64
46,91
47,96
47,83
47,72
48,94
48,97
49,95
49,75
50,60
51,55
52,67
53,77
53,68
53,73
54,69
54,98
55,98
56,65
57,77
59,63
59,71
59,62
59,91
61,71
61,64
62,89
62,67
63,80
63,69
64,99
65,87
68,75
69,89
72,93
72,76
73,92
74,76
75,87
77,86
78,79
78,87
89,99
89,91
