0,45
0,51
0,53
1,16
1,47
1,56
2,29
2,46
2,56
2,65
2,40
3,80
3,55
3,25
3,31
3,70
3,28
4,26
4,25
4,39
4,15
5,30
5,57
5,40
5,42
6,56
6,19
7,76
7,33
8,29
9,44
9,21
10,63
10,58
10,40
10,13
10,14
11,21
11,18
12,15
12,80
13,35
13,59
13,32
13,17
13,45
13,30
14,66
14,46
14,47
15,53
15,29
15,42
15,75
15,27
16,23
16,54
16,58
16,73
17,57
17,35
17,25
18,20
18,55
19,57
19,24
19,71
21,38
21,73
21,62
23,68
23,67
24,34
24,80
25,29
26,32
26,58
26,44
26,45
27,80
27,63
27,42
27,40
27,72
28,62
28,60
28,72
29,40
29,69
30,51
30,56
31,41
31,69
32,64
32,71
32,69
33,55
33,69
34,80
34,52
34,71
35,40
35,67
35,51
35,64
36,64
37,66
37,70
37,53
38,80
39,57
39,76
40,43
41,72
42,43
43,59
45,54
46,52
47,76
47,79
48,75
48,65
49,64
50,78
51,66
53,66
53,73
53,68
54,60
54,56
54,75
57,60
59,76
59,60
59,62
60,66
60,74
61,70
63,69
64,73
65,67
65,72
66,76
67,80
68,76
69,70
70,72
