0,16
0,6
1,65
1,10
2,45
3,62
5,34
5,30
5,78
6,56
6,50
7,77
7,51
7,79
7,67
7,8
8,39
8,64
8,70
9,11
11,28
11,15
12,29
12,40
13,69
13,21
13,56
14,51
15,34
15,29
16,52
16,19
17,30
17,76
18,37
18,65
18,38
18,32
18,29
18,52
19,75
19,79
20,30
20,76
20,32
21,44
21,45
21,69
22,56
22,45
23,75
23,69
23,47
23,76
24,37
24,42
25,53
25,35
26,37
27,36
27,43
28,60
28,58
28,74
28,54
28,67
29,38
29,69
30,47
30,50
30,38
30,43
31,75
31,54
32,36
33,59
33,77
33,41
34,50
34,43
35,64
35,63
36,42
37,77
37,63
39,55
40,57
42,66
43,57
43,50
43,46
44,68
44,58
45,72
45,49
46,64
47,54
48,58
48,68
50,57
50,58
51,72
51,65
52,64
53,65
53,70
54,56
57,61
57,67
58,64
59,63
59,69
61,78
63,69
63,64
64,67
64,68
66,76
68,73
72,73
78,79
