0,91
0,54
1,48
1,15
1,60
2,3
2,78
2,71
2,73
3,8
4,19
4,82
4,66
4,79
5,61
6,36
6,28
7,40
7,68
7,83
7,57
7,71
8,83
8,33
8,58
9,37
9,52
9,72
9,60
10,67
10,74
12,49
12,43
13,36
13,25
13,18
13,79
14,85
14,94
14,17
14,27
14,69
14,43
14,49
14,44
15,18
15,46
16,88
17,94
18,41
18,89
18,54
18,81
18,79
19,87
19,56
20,90
20,26
21,31
21,81
21,71
22,77
22,53
22,31
22,72
22,69
23,80
24,46
25,73
25,26
25,80
25,46
25,75
26,91
26,34
26,77
27,45
28,68
28,90
29,57
29,54
30,82
30,42
30,41
30,70
30,66
31,63
32,77
33,92
33,81
34,55
35,61
35,48
37,88
37,72
37,42
37,64
38,51
39,63
40,86
40,95
41,51
41,90
42,73
43,53
43,83
43,86
44,75
44,76
45,67
45,49
45,89
46,67
46,48
47,73
48,50
49,83
49,88
50,70
50,69
51,54
51,63
51,93
51,60
51,88
52,72
53,95
54,70
54,68
55,84
56,83
57,79
57,58
58,95
58,66
60,63
60,92
60,68
61,72
62,87
63,69
64,68
67,72
67,86
67,87
71,77
72,95
74,91
78,93
83,85
83,87
84,85
86,92
87,95
91,94
93,94
