1,20
1,8
2,35
2,63
2,39
3,71
3,6
4,39
4,62
4,54
5,85
5,86
5,25
6,32
6,34
6,86
7,79
7,64
8,31
9,23
9,60
9,91
10,54
10,64
10,85
11,61
12,59
12,54
12,20
12,36
12,90
14,41
15,72
15,56
17,87
17,40
17,29
18,65
19,87
20,55
20,94
21,47
21,30
22,69
22,78
24,55
25,56
26,31
26,87
27,61
27,66
29,88
30,69
31,78
31,36
31,52
32,68
32,91
33,51
34,50
35,87
35,55
36,41
39,61
40,84
40,65
40,46
43,46
44,89
44,80
44,62
44,65
45,55
46,57
47,87
47,63
48,70
49,66
49,57
53,68
54,84
55,59
56,86
56,80
58,62
59,65
59,77
60,74
60,61
62,63
66,83
68,78
72,85
72,83
73,84
76,90
76,78
79,84
85,92
