0,56
0,57
1,4
1,18
1,66
1,79
2,23
2,72
2,88
3,45
3,88
3,86
3,4
3,38
4,84
4,47
4,44
5,26
5,54
5,27
6,42
6,80
6,82
6,26
7,25
8,49
8,21
9,88
9,91
9,40
9,64
9,69
10,41
10,60
11,21
11,25
11,14
12,49
12,44
12,39
12,68
13,36
13,48
13,56
13,83
13,63
14,18
14,30
14,29
15,53
16,68
16,89
16,62
16,70
17,61
17,31
18,46
18,72
18,65
18,62
18,54
18,21
18,88
18,45
19,33
20,58
20,61
20,87
20,59
20,23
20,54
20,79
21,67
21,87
21,84
22,53
23,74
23,73
23,67
23,53
24,41
24,47
24,28
24,57
24,84
26,93
26,31
27,92
27,72
28,78
30,36
30,46
30,83
31,73
31,87
31,85
32,54
33,56
33,76
34,86
34,90
34,85
34,51
35,75
36,89
36,60
36,70
36,73
37,58
37,71
38,42
38,48
39,50
39,93
39,59
39,71
39,52
41,66
41,65
41,48
41,91
41,64
41,75
42,88
42,91
42,65
43,84
44,86
45,92
46,76
46,64
46,89
46,61
46,58
47,73
47,59
47,78
47,53
48,78
48,56
48,62
49,52
49,63
50,88
50,66
50,93
51,93
52,88
54,66
55,84
55,70
58,77
58,79
58,67
59,89
60,84
60,86
62,67
63,75
64,83
64,93
66,68
67,68
67,84
70,78
71,72
73,76
73,81
75,91
78,88
82,89
84,91
85,92
86,91
