0,19
0,65
0,13
1,30
2,38
2,13
3,70
3,54
3,50
4,13
4,31
4,57
4,20
5,51
5,43
6,15
6,50
6,25
7,33
7,16
7,63
8,57
8,9
9,12
9,15
9,56
9,13
9,63
10,62
10,69
10,61
11,66
11,51
11,41
12,62
12,32
13,16
13,28
13,50
13,35
13,18
14,55
14,63
15,43
15,16
16,52
16,44
16,28
16,69
17,31
17,22
17,35
17,29
18,39
18,69
18,37
20,56
21,53
21,30
21,50
21,44
21,48
22,66
23,37
23,51
25,69
25,63
25,65
25,37
26,41
26,43
26,50
27,49
27,53
28,53
29,69
29,34
29,64
31,39
31,61
31,60
32,46
32,62
33,40
33,43
34,61
34,42
36,54
36,62
37,46
38,66
39,56
39,47
41,69
41,48
42,63
43,57
43,50
46,63
49,61
50,51
53,58
54,59
55,64
64,70
69,70
