0,32
0,59
1,11
1,34
1,85
2,14
2,68
2,51
2,39
2,66
4,19
4,24
4,50
5,69
5,20
6,24
6,36
6,88
6,45
7,47
7,76
7,46
7,10
7,66
8,25
9,42
9,70
9,61
9,21
9,80
9,24
10,85
10,16
11,85
12,20
12,67
12,84
13,14
13,76
18,34
20,64
20,73
20,82
23,44
24,30
24,61
24,63
24,25
27,84
27,85
27,56
27,43
28,82
29,87
29,70
30,54
30,39
30,72
31,85
31,53
32,39
33,60
33,69
34,40
34,73
35,49
35,50
35,39
36,84
37,72
37,44
38,73
39,78
39,63
40,75
41,82
41,45
41,83
41,48
42,43
43,55
44,64
44,87
45,57
45,60
47,66
47,83
47,85
48,74
48,65
48,62
48,63
49,50
49,76
51,58
51,79
52,88
53,67
58,85
59,80
59,67
59,61
60,81
60,68
60,86
61,71
62,83
63,75
63,77
68,86
73,75
76,86
77,83
