0,9
0,20
0,34
0,16
1,57
1,43
1,5
1,11
2,28
2,31
3,55
3,23
3,42
3,53
4,12
5,43
5,38
5,54
6,24
6,44
6,51
6,26
7,11
7,25
8,56
8,29
8,33
8,10
9,15
9,23
9,31
9,40
10,14
10,43
12,49
12,40
13,46
13,52
13,53
14,31
14,18
14,35
14,46
14,51
14,26
15,57
15,24
15,29
16,54
16,56
16,18
17,27
17,52
18,32
19,22
19,56
20,55
20,53
21,39
22,40
23,24
23,50
24,45
24,34
25,55
25,39
26,49
26,28
26,54
26,35
28,50
28,43
29,44
32,41
32,35
32,47
33,52
33,35
34,47
35,50
35,57
36,46
37,39
38,50
38,56
38,43
39,51
40,50
42,45
47,53
49,56
