0,51
0,61
0,20
1,32
1,13
2,45
3,28
3,82
4,77
5,42
6,19
6,75
7,78
7,59
7,50
7,75
8,66
9,65
9,44
9,57
9,79
10,83
10,14
10,74
10,39
11,65
11,68
11,72
12,13
12,18
12,39
12,15
12,45
13,50
13,22
13,54
13,74
14,32
14,42
15,63
15,71
15,73
15,59
15,74
15,68
16,21
16,62
16,48
17,51
17,28
19,64
20,72
20,39
20,26
20,71
20,51
20,80
21,71
21,59
21,23
22,81
22,45
23,64
23,30
23,66
23,35
25,72
25,83
26,43
27,51
27,82
28,33
28,74
28,56
29,76
29,69
29,31
30,56
30,46
30,81
31,57
31,62
32,35
33,54
33,63
34,55
34,58
34,43
35,78
36,71
37,79
37,41
38,52
39,49
39,43
39,74
40,77
40,46
40,81
41,83
41,63
42,55
43,65
43,78
44,67
44,57
44,52
46,69
47,79
48,75
48,72
48,80
49,75
50,73
50,51
52,56
54,70
55,74
58,83
62,67
64,68
73,75
77,81
80,83
