0,37
0,42
0,14
0,9
1,11
1,19
1,57
2,13
2,38
2,58
2,4
2,62
3,17
3,29
4,28
4,29
5,29
5,39
6,58
6,60
6,21
7,35
7,58
7,55
7,13
8,61
8,60
9,54
9,38
9,53
10,27
10,60
11,18
12,14
13,58
13,42
13,50
13,54
14,18
14,61
15,20
15,31
16,43
16,22
17,26
17,64
17,56
18,24
18,27
18,42
19,53
19,51
20,22
21,37
22,38
22,36
22,23
23,47
23,54
23,57
23,53
23,29
23,62
26,61
26,43
26,31
26,62
26,30
27,35
27,60
27,50
27,48
27,28
27,58
28,32
28,58
30,45
31,33
32,59
32,41
33,59
33,37
33,50
34,45
34,62
35,49
36,57
37,41
37,58
38,44
38,59
38,55
39,60
42,59
42,54
43,55
43,61
44,55
46,56
47,50
48,61
48,50
49,60
50,58
51,56
51,53
53,61
54,55
55,60
59,63
