0,20
0,46
0,1
0,38
1,48
2,30
2,49
3,56
3,12
3,18
3,61
4,36
4,15
4,37
4,17
4,24
5,59
5,35
5,17
5,12
5,58
5,21
5,40
6,8
6,63
6,34
7,38
8,12
8,23
8,17
8,11
9,32
9,12
9,19
9,55
9,44
9,42
10,25
10,39
11,59
11,17
11,44
12,23
13,42
13,43
13,60
13,49
14,38
14,56
14,41
14,48
14,62
14,24
15,39
15,62
15,29
16,20
16,34
17,44
17,51
17,30
17,59
18,55
18,39
18,33
18,52
19,52
20,49
21,34
21,57
21,46
22,50
22,53
22,59
23,25
23,31
23,40
24,50
24,28
24,32
24,49
24,30
24,47
25,37
25,58
25,41
26,32
26,43
27,63
27,61
28,49
28,47
29,44
29,42
29,55
29,53
30,60
30,62
31,36
31,37
31,33
31,50
32,53
32,59
32,34
33,51
35,36
36,57
37,62
38,58
38,45
39,50
40,63
40,46
42,46
43,58
44,53
46,55
46,52
47,52
47,59
49,56
54,61
54,62
56,64
59,60
