0,69
0,17
0,67
1,36
1,38
1,65
1,30
2,55
2,10
2,5
2,62
3,55
3,72
3,50
4,81
4,77
5,29
5,24
5,28
6,39
7,69
7,44
7,77
7,8
9,12
9,45
9,39
9,61
10,41
10,30
11,16
11,45
11,23
12,69
12,32
12,22
13,43
13,77
13,31
13,30
14,42
14,44
14,37
15,62
16,37
16,27
17,42
18,34
18,25
18,54
19,68
20,76
20,21
20,82
20,27
20,43
21,77
21,45
21,61
22,72
22,42
22,77
22,38
23,65
23,28
24,59
24,71
25,81
26,79
26,72
26,76
26,37
27,53
27,76
27,48
28,76
29,80
29,50
29,32
31,65
33,42
33,61
34,52
35,71
35,66
36,51
38,72
39,49
40,42
41,79
41,43
41,49
41,45
42,57
42,52
42,49
43,83
43,69
43,45
44,51
44,54
44,65
46,80
46,67
46,79
47,80
48,66
48,57
48,56
52,77
53,77
55,60
55,68
57,69
57,81
58,68
58,78
58,70
58,71
61,65
61,63
64,66
64,78
67,82
76,80
77,81
77,82
79,81
81,82
