0,2
0,44
0,62
0,45
2,26
2,60
2,46
3,60
3,48
3,32
3,53
3,6
4,56
4,66
4,28
4,44
5,67
5,61
5,10
5,34
5,65
6,25
6,15
6,16
7,64
8,42
8,74
8,64
8,50
9,45
9,55
10,32
11,42
12,63
12,60
12,61
14,54
14,31
14,25
15,46
15,64
15,69
15,24
16,25
16,74
16,22
17,39
17,32
17,47
18,43
18,50
19,63
19,47
19,62
19,70
19,73
20,24
20,39
20,46
21,47
21,56
21,66
22,46
22,33
23,59
23,25
23,66
24,48
25,65
25,46
25,44
26,69
26,44
27,36
27,70
28,32
28,52
28,42
29,52
29,74
29,65
29,55
29,49
29,50
30,41
30,57
31,48
31,40
31,46
32,71
32,43
32,54
34,44
34,50
34,72
35,46
35,54
35,53
36,63
37,66
37,58
37,41
38,47
38,74
39,60
40,57
40,44
41,72
41,50
41,73
41,51
41,53
42,54
42,63
43,52
43,57
44,59
45,73
46,53
47,53
47,67
48,66
48,53
49,68
49,55
49,61
49,52
50,74
51,58
51,63
51,70
51,69
53,60
53,64
54,56
55,65
56,74
56,67
56,68
56,71
57,61
59,70
60,71
68,70
70,73
73,74
