0,20
0,70
0,57
0,64
0,42
1,36
1,12
1,42
1,59
2,69
2,55
2,43
2,45
2,28
2,84
2,81
2,35
2,70
3,42
3,88
4,6
4,7
4,75
4,44
5,87
5,66
6,22
7,61
7,22
7,15
7,24
7,32
7,73
8,35
8,29
8,69
9,20
9,75
10,52
10,28
10,83
10,89
11,17
11,15
11,36
11,43
11,87
12,83
13,48
13,70
13,25
14,74
14,29
14,64
14,80
15,88
17,78
17,44
17,84
18,21
18,26
18,50
19,77
20,24
20,32
20,36
21,79
21,51
22,38
22,31
22,76
22,60
22,30
23,73
23,42
25,77
25,74
25,76
25,39
26,73
26,28
26,83
26,67
27,78
28,40
29,70
29,37
30,44
30,33
30,70
31,89
31,37
32,88
32,50
33,62
34,86
34,79
35,45
35,58
35,57
36,62
36,54
37,60
38,76
38,88
38,62
40,65
41,43
41,71
41,49
42,54
43,78
43,79
45,54
46,47
46,75
47,60
49,86
49,67
50,88
50,58
51,64
52,68
53,84
55,65
55,63
56,84
57,82
57,69
58,63
63,68
66,71
68,84
68,75
69,89
70,88
71,74
74,77
75,86
75,82
76,81
76,84
77,78
77,79
77,86
78,81
81,88
81,87
86,87
