0,45
0,33
0,19
1,71
1,21
1,61
2,3
2,40
3,50
3,61
3,26
4,29
4,70
4,35
4,6
6,65
6,37
7,26
7,50
8,41
8,74
8,75
8,58
9,69
9,67
10,11
10,58
10,44
11,74
11,12
12,72
13,29
13,31
13,22
13,28
14,66
14,50
14,71
14,23
15,53
16,27
16,29
17,41
17,67
18,21
18,42
18,26
19,69
19,20
20,45
21,68
21,72
21,41
22,64
22,46
23,41
23,57
24,71
24,62
24,63
25,54
26,50
27,46
28,62
28,49
29,47
29,76
30,46
31,33
31,34
31,53
33,55
33,69
33,59
34,77
36,62
36,65
36,67
37,57
39,72
40,73
41,69
42,52
42,73
42,74
43,55
43,60
43,71
44,53
44,63
44,48
45,52
45,76
46,76
46,60
47,74
47,70
47,58
50,69
52,54
53,75
55,56
57,64
58,77
58,65
59,69
62,66
64,70
67,74
68,75
69,74
72,77
73,76
