0,64
0,56
0,18
0,9
1,36
1,52
1,58
1,59
1,62
1,13
2,27
2,77
2,16
2,45
2,71
3,65
3,22
3,26
4,49
4,68
5,76
5,83
6,58
6,11
6,33
6,60
6,44
7,9
7,29
7,56
7,32
7,60
8,35
8,59
9,25
10,20
11,20
11,52
11,42
11,51
12,24
12,87
12,48
12,67
13,58
13,32
15,73
15,16
15,41
16,47
16,62
16,89
16,54
17,21
18,48
18,74
18,84
19,64
22,56
22,30
23,30
24,62
24,35
24,51
24,82
26,67
27,71
28,91
28,46
29,35
30,61
30,45
31,88
32,82
32,41
33,38
33,61
34,69
34,77
35,77
36,68
36,51
36,87
37,52
38,45
38,84
39,49
40,56
40,88
42,77
43,61
43,60
44,78
45,89
45,80
48,75
48,85
48,72
49,82
50,59
50,68
51,81
51,79
51,61
52,57
52,56
52,80
52,88
53,69
53,66
55,81
56,84
56,74
57,69
59,67
60,87
60,76
61,87
61,79
62,89
64,90
65,74
65,70
65,89
66,88
68,75
70,75
70,86
72,79
74,75
75,79
76,84
81,88
82,88
85,89
