0,63
1,44
1,69
1,54
1,61
1,65
2,84
2,56
2,39
3,10
3,85
4,68
4,8
4,72
5,67
5,57
5,87
6,93
6,89
6,57
6,8
7,63
8,67
8,80
8,85
9,22
9,31
10,22
10,48
11,40
11,69
11,15
11,32
11,36
12,31
12,71
13,82
13,93
14,21
14,46
15,69
16,92
16,54
17,83
17,68
17,58
18,46
18,77
19,56
19,29
20,34
20,54
20,89
20,39
21,65
22,87
22,59
22,66
23,54
23,28
24,72
24,57
24,74
24,64
25,39
25,88
26,42
27,63
27,50
28,74
28,36
29,74
29,54
30,61
30,38
31,58
31,86
32,94
32,36
32,73
32,95
34,88
34,65
35,71
35,67
35,55
36,66
36,48
37,41
38,91
39,44
39,71
40,73
41,77
41,75
41,81
41,68
42,44
43,71
43,55
43,52
45,79
46,47
46,73
47,87
49,54
49,75
51,55
52,68
52,88
54,92
57,70
57,86
58,93
58,82
58,63
61,90
62,94
63,78
65,72
65,78
65,67
66,95
66,92
68,75
68,85
70,90
70,79
72,88
77,85
78,91
81,93
82,85
84,92
87,93
