0,13
0,76
0,20
1,36
1,40
1,30
2,10
2,50
2,72
3,20
3,10
3,42
4,63
4,57
4,58
4,39
5,75
5,30
5,32
5,55
6,12
6,16
6,11
7,26
7,23
8,64
8,9
8,58
8,59
9,76
9,68
9,77
9,73
9,72
10,46
10,40
10,31
11,76
11,22
12,62
12,44
12,38
13,58
13,18
14,73
16,22
16,78
16,47
16,32
16,62
16,69
17,74
17,71
17,63
17,67
18,28
18,68
19,62
20,68
20,40
20,22
21,73
21,22
21,64
21,59
21,26
22,72
23,60
24,59
24,52
24,30
25,60
25,50
25,43
26,77
26,79
26,53
26,51
26,78
27,46
27,68
27,47
27,62
27,42
28,44
28,58
28,64
29,72
29,60
31,36
31,74
31,79
31,32
32,65
32,33
33,79
34,37
34,63
34,48
34,69
34,71
35,69
36,68
36,61
36,47
37,71
38,42
38,69
38,68
39,70
39,57
40,73
41,71
41,42
41,50
41,58
42,51
42,76
42,71
42,50
43,46
43,63
45,71
45,60
45,77
45,64
45,68
46,49
47,51
49,50
49,68
49,69
51,66
53,54
54,57
57,70
57,69
57,78
58,72
59,66
60,79
60,73
61,73
61,71
62,75
63,79
64,67
65,66
66,73
67,76
67,75
70,75
70,77
70,79
72,76
72,77
73,78
75,77
