0,13
0,16
1,44
1,49
3,54
4,25
5,54
5,71
5,32
6,31
6,47
7,29
7,63
8,65
8,67
8,29
8,27
8,73
8,69
9,71
9,24
10,44
10,40
10,49
11,61
11,47
12,66
12,59
13,47
14,67
15,58
15,30
16,72
16,48
16,35
16,38
17,74
17,49
17,31
18,49
18,52
19,31
20,34
20,38
21,22
21,48
22,52
22,65
22,29
22,51
22,50
24,33
25,40
26,66
28,30
29,72
29,65
29,70
30,71
31,68
32,68
34,53
34,52
35,69
35,51
35,67
36,50
37,41
37,46
37,54
38,68
38,69
38,71
38,61
39,41
41,49
43,71
46,69
46,59
47,69
47,48
47,54
48,63
48,58
49,56
49,62
49,73
49,52
49,71
51,59
51,64
53,54
54,60
55,71
56,74
60,68
61,74
64,72
