0,17
1,26
1,13
1,27
1,21
1,32
2,11
2,32
2,33
3,28
3,27
3,32
3,24
3,21
4,20
4,11
4,29
5,26
6,22
6,13
6,23
7,41
7,20
7,12
7,18
7,31
8,44
8,45
8,15
9,29
9,33
9,34
9,28
9,19
9,21
9,13
9,46
10,18
10,52
10,41
11,46
11,34
12,45
12,39
14,24
14,48
14,20
14,26
15,25
15,33
15,30
16,40
16,45
16,49
17,23
17,32
17,34
18,34
19,52
19,26
20,30
22,48
23,39
23,28
24,43
24,30
24,45
25,45
25,41
26,34
26,30
26,41
27,34
29,50
29,37
30,42
30,43
31,34
32,40
32,49
33,38
33,44
34,42
36,38
38,44
38,52
38,45
41,45
45,47
46,50
47,48
48,51
48,52
