0,52
0,59
0,51
0,79
1,10
1,70
2,58
2,14
2,71
3,52
3,8
3,6
4,66
4,20
5,31
5,39
5,43
6,31
6,33
6,62
6,71
6,79
7,8
7,31
8,15
8,26
8,10
9,77
9,63
10,61
11,74
11,62
13,34
13,80
14,66
14,39
14,49
14,74
15,33
15,37
15,54
15,62
16,50
16,25
16,52
16,67
16,31
16,30
16,43
16,81
16,58
17,29
17,64
17,19
17,42
17,33
18,40
18,51
19,24
19,21
19,38
19,45
20,58
20,27
21,29
21,26
22,34
22,44
22,58
23,43
23,35
23,75
24,34
24,72
25,32
25,56
26,35
26,39
27,76
28,72
28,53
28,68
28,59
28,56
29,40
29,62
30,69
30,68
31,48
31,51
31,69
31,44
33,69
35,65
35,54
36,61
37,52
37,76
37,71
38,70
38,41
39,43
39,74
40,53
41,75
42,68
43,75
43,71
43,72
43,54
43,63
44,56
44,48
45,58
46,67
47,54
48,65
49,61
50,75
50,53
51,78
52,59
53,66
55,57
55,76
57,67
59,61
60,61
63,77
63,72
68,80
71,80
