0,4
0,78
1,77
1,25
2,35
2,67
2,42
2,7
3,34
3,78
4,67
4,68
4,29
5,38
5,14
5,22
6,73
6,11
8,68
8,46
9,55
10,39
10,16
11,53
11,62
11,65
12,47
12,78
12,51
12,35
14,26
14,77
14,64
15,78
16,38
16,39
16,68
16,40
17,42
17,58
17,62
17,65
17,67
18,69
19,57
20,37
20,75
20,38
20,51
21,37
21,25
22,46
22,56
22,47
24,55
24,73
24,59
25,79
25,46
26,52
26,29
27,43
27,54
27,73
28,36
29,62
29,63
30,64
31,40
31,56
31,32
31,61
31,59
32,70
33,75
33,41
33,58
33,68
34,47
36,70
36,53
37,54
37,66
37,38
41,72
42,70
42,43
43,76
43,65
44,71
44,70
45,78
47,53
49,77
49,63
49,57
49,68
50,79
50,55
51,71
53,77
54,75
54,72
55,56
55,79
57,67
58,66
59,80
62,63
63,73
66,70
67,71
