0,22
0,65
1,68
1,10
1,50
1,66
1,9
2,7
2,57
2,69
2,47
2,32
2,15
2,43
2,58
3,6
3,69
3,16
3,32
4,29
4,31
5,57
5,32
5,52
6,28
6,29
6,22
7,58
7,20
8,37
8,39
8,53
8,46
8,67
9,57
9,15
9,41
9,12
9,20
10,52
10,23
10,48
10,30
10,35
12,25
12,18
12,32
12,27
13,18
13,16
14,54
14,18
15,42
15,55
15,22
15,26
16,52
16,25
16,59
18,27
18,22
19,35
20,42
20,67
20,68
20,60
21,42
21,34
21,39
21,57
22,63
22,53
23,33
23,43
24,27
25,62
25,29
26,47
26,68
26,28
27,47
27,46
28,45
28,64
29,38
29,45
29,36
29,68
30,38
30,57
30,59
31,58
31,46
32,68
32,47
32,46
33,35
33,50
33,44
34,48
34,39
35,55
35,38
35,51
35,54
36,43
36,68
36,45
37,54
37,64
37,52
38,63
39,50
40,42
40,44
41,58
43,61
45,56
46,69
46,49
46,59
47,51
47,67
48,60
49,57
49,62
49,56
52,61
53,69
54,67
54,61
55,57
55,68
60,64
62,67
65,69
