0,31
0,43
0,2
0,8
0,9
0,38
1,50
1,33
1,42
1,11
1,46
1,8
1,27
2,20
2,30
2,23
2,47
3,21
3,44
4,52
4,41
5,31
5,13
5,24
5,44
6,33
6,38
8,56
8,44
8,12
8,16
8,13
8,35
9,27
9,30
9,32
10,27
10,49
10,23
11,28
11,12
11,17
11,32
12,42
12,44
12,32
12,47
12,36
12,54
13,25
13,39
13,21
14,29
14,43
15,28
15,16
15,22
15,19
16,29
17,49
18,22
18,43
18,46
18,35
18,23
19,42
19,27
19,50
19,25
20,51
20,22
20,38
21,23
21,33
22,39
22,49
22,32
22,36
23,36
23,29
25,28
25,31
27,56
28,31
28,53
28,56
29,49
30,51
32,40
32,46
32,50
32,34
33,39
33,37
37,51
37,40
39,42
40,53
42,52
42,43
43,47
43,44
46,53
46,49
48,54
49,51
52,55
