1,21
1,36
2,83
2,21
2,70
3,17
4,64
5,8
6,37
7,56
8,39
8,36
8,63
9,19
9,35
9,43
10,46
10,23
10,40
10,63
11,78
11,55
12,48
12,15
12,24
12,50
12,76
13,93
13,91
13,77
13,69
14,62
14,78
14,59
15,52
15,77
15,16
16,47
16,74
16,68
17,40
17,18
18,75
18,52
18,73
18,70
19,34
19,85
19,50
19,81
19,45
19,79
20,67
20,72
21,52
21,62
21,68
21,67
21,36
22,82
22,25
22,81
22,54
23,47
23,77
24,41
24,87
24,32
24,63
25,69
27,46
28,82
28,70
29,56
29,71
30,47
30,31
31,59
31,63
33,58
33,36
34,67
34,35
34,89
35,84
36,60
36,91
37,50
37,59
37,64
37,57
39,66
40,42
41,90
41,89
42,46
42,75
43,70
44,68
44,73
44,63
44,74
47,69
47,78
48,77
49,89
49,76
50,55
50,64
51,68
51,92
52,87
54,62
54,95
55,67
56,93
57,74
58,66
59,90
63,90
63,72
63,81
63,69
64,96
65,96
66,91
68,82
69,95
69,71
69,73
71,80
72,88
72,93
73,87
74,88
76,86
78,88
81,94
82,85
83,91
85,95
87,95
