0,9
0,31
0,42
0,15
0,40
0,38
1,23
1,29
1,52
2,31
2,19
2,52
2,42
3,35
3,51
3,44
3,15
3,6
4,36
4,42
4,48
4,12
4,34
4,9
5,15
5,50
5,38
6,26
7,45
7,40
7,13
7,12
8,31
8,36
9,15
9,36
9,39
9,41
9,50
10,21
10,28
10,44
10,15
10,13
11,50
11,35
11,27
11,12
11,37
11,45
12,39
12,53
12,14
12,18
13,29
13,38
14,38
14,22
14,37
15,53
16,49
16,17
16,22
17,34
17,30
17,22
18,28
18,35
18,54
19,33
19,27
19,49
19,39
19,47
20,30
20,29
20,49
21,31
22,44
23,37
23,47
24,49
24,40
25,35
26,30
27,45
29,52
29,43
30,31
30,38
31,38
31,50
31,40
32,53
32,37
33,36
34,48
34,38
36,45
37,53
38,39
38,50
38,53
39,45
41,47
45,51
46,54
47,51
48,52
